Chromosome Location Expected(%) Observed(%) Absolute_Difference(%) Relative_Difference(%)
chr1 46738433 33.0 66.7 -33.7 50.52474
chr1 65312342 32.0 50.0 -18.0 36.0
chr1 115256530 9.0 33.3 -24.3 72.97297
chr1 120458004 37.0 75.0 -38.0 50.66667
chr1 156814027 46.0 83.3 -37.3 44.77791
chr1 156846233 46.0 66.7 -20.7 31.03448
chr2 29416326 34.0 66.7 -32.7 49.02549
chr2 29543736 32.0 50.0 -18.0 36.0
chr2 30143058 35.0 50.0 -15.0 30.0
chr2 30143499 100.0 66.7 33.3 49.92504
chr2 47601106 100.0 85.7 14.3 16.68611
chr2 198257795 31.0 60.0 -29.0 48.33333
chr2 198265526 19.0 68.4 -49.4 72.22222
chr2 198283305 17.0 50.0 -33.0 66.0
chr2 215632255 42.0 40.0 2.0 5.0
chr2 215645464 41.0 62.5 -21.5 34.4
chr3 10088266 17.0 60.0 -43.0 71.66667
chr3 10088299 16.0 60.0 -44.0 73.33333
chr3 10088308 16.0 60.0 -44.0 73.33333
chr3 10138019 24.0 66.7 -42.7 64.01799
chr3 41266101 25.0 60.0 -35.0 58.33333
chr3 41266133 8.0 40.0 -32.0 80.0
chr3 142277575 100.0 80.0 20.0 25.0
chr4 1803307 38.0 41.7 -3.7 8.8729
chr4 1803704 36.0 66.7 -30.7 46.02699
chr4 55979558 40.0 57.1 -17.1 29.94746
chr4 153332500 35.0 42.9 -7.9 18.41492
chr5 80168937 100.0 75.0 25.0 33.33333
chr5 112162854 21.0 66.7 -45.7 68.51574
chr5 112176325 23.0 60.0 -37.0 61.66667
chr5 112177171 18.0 71.4 -53.4 74.78992
chr5 149495395 48.0 60.0 -12.0 20.0
chr5 149499672 39.0 50.0 -11.0 22.0
chr6 117686840 39.0 75.0 -36.0 48.0
chr6 117718110 32.0 75.0 -43.0 57.33333
chr7 6026988 22.0 43.0 -21.0 48.83721
chr7 55249063 19.0 33.3 -14.3 42.94294
chr7 128852003 47.0 34.5 12.5 36.23188
chr7 140449150 20.0 37.5 -17.5 46.66667
chr8 31024654 6.0 50.0 -44.0 88.0
chr8 145737816 39.0 27.3 11.7 42.85714
chr8 145738767 99.0 87.5 11.5 13.14286
chr8 145741702 32.0 80.0 -48.0 60.0
chr8 145741765 33.0 66.7 -33.7 50.52474
chr8 145742514 98.0 75.0 23.0 30.66667
chr9 98211548 29.0 75.0 -46.0 61.33333
chr9 98278975 26.0 49.9 -23.9 47.89579
chr9 135802659 21.0 44.4 -23.4 52.7027
chr9 139396746 32.0 30.5 1.5 4.91803
chr9 139407932 36.0 57.1 -21.1 36.95271
chr9 139418260 43.0 50.0 -7.0 14.0
chr10 43595968 32.0 50.0 -18.0 36.0
chr11 69625385 34.0 48.7 -14.7 30.1848
chr13 32911888 39.0 60.0 -21.0 35.0
chr13 32913836 47.0 50.0 -3.0 6.0
chr13 32936646 33.0 50.0 -17.0 34.0
chr13 48985975 30.0 50.0 -20.0 40.0
chr13 103527930 100.0 83.3 16.7 20.04802
chr15 66782085 33.0 50.0 -17.0 34.0
chr15 88680684 34.0 68.4 -34.4 50.2924
chr15 91346923 33.0 75.0 -42.0 56.0
chr15 91354505 42.0 74.4 -32.4 43.54839
chr16 89805914 28.0 37.5 -9.5 25.33333
chr16 89839766 23.0 60.4 -37.4 61.92053
chr16 89858417 27.0 42.9 -15.9 37.06294
chr17 7579472 91.0 81.1 9.9 12.20715
chr17 29553485 40.0 66.7 -26.7 40.02999
chr19 3119239 40.0 42.9 -2.9 6.75991
chr19 4102449 31.0 66.7 -35.7 53.52324
chr19 15302905 32.0 50.0 -18.0 36.0
chr19 45867259 39.0 31.0 8.0 25.80645
chr19 45868309 45.0 50.0 -5.0 10.0
chr20 57429753 26.0 56.0 -30.0 53.57143
chr22 41536164 32.0 33.3 -1.3 3.9039
chr22 41551039 52.0 50.0 2.0 4.0
chr22 41566524 52.0 42.8 9.2 21.49533
chrX 70338656 32.0 38.4 -6.4 16.66667
