Chromosome Location Expected(%) Observed(%) Absolute_Difference(%) Relative_Difference(%)
chr1 11181327 18.0 17.4 0.6 3.44828
chr1 11190646 18.0 18.6 -0.6 3.22581
chr1 11254597 26.0 29.8 -3.8 12.75168
chr1 27056285 32.0 30.7 1.3 4.23453
chr1 27100181 33.0 28.6 4.4 15.38462
chr1 46738433 33.0 30.3 2.7 8.91089
chr1 65310489 39.0 37.1 1.9 5.12129
chr1 65312342 32.0 29.4 2.6 8.84354
chr1 115256530 9.0 10.5 -1.5 14.28571
chr1 120458004 37.0 37.5 -0.5 1.33333
chr1 120471800 30.0 28.9 1.1 3.80623
chr1 120611964 34.0 42.0 -8.0 19.04762
chr1 120612006 32.0 40.2 -8.2 20.39801
chr1 156814027 46.0 46.3 -0.3 0.64795
chr1 156846233 46.0 48.4 -2.4 4.95868
chr1 156846307 28.0 28.2 -0.2 0.70922
chr1 156848995 51.0 46.9 4.1 8.742
chr1 162737116 25.0 29.5 -4.5 15.25424
chr2 25469502 13.0 17.4 -4.4 25.28736
chr2 29416326 34.0 30.9 3.1 10.03236
chr2 29416366 52.0 51.3 0.7 1.36452
chr2 29416615 29.0 31.2 -2.2 7.05128
chr2 29543736 32.0 31.1 0.9 2.89389
chr2 30143058 35.0 31.2 3.8 12.17949
chr2 30143499 100.0 91.3 8.7 9.52903
chr2 47601106 100.0 99.9 0.1 0.1001
chr2 48018236 22.0 30.5 -8.5 27.86885
chr2 48027921 36.0 26.1 9.9 37.93103
chr2 178095900 35.0 27.5 7.5 27.27273
chr2 198257795 31.0 30.2 0.8 2.64901
chr2 198265526 19.0 29.6 -10.6 35.81081
chr2 198283305 17.0 29.6 -12.6 42.56757
chr2 215632255 42.0 37.7 4.3 11.40584
chr2 215645464 41.0 40.5 0.5 1.23457
chr2 215645545 33.0 28.8 4.2 14.58333
chr3 10088266 17.0 31.4 -14.4 45.85987
chr3 10088299 16.0 33.7 -17.7 52.52226
chr3 10088308 16.0 34.1 -18.1 53.07918
chr3 10088343 21.0 34.6 -13.6 39.30636
chr3 10088404 25.0 34.3 -9.3 27.1137
chr3 10088407 23.0 34.4 -11.4 33.13953
chr3 10138019 24.0 30.3 -6.3 20.79208
chr3 12475557 22.0 20.8 1.2 5.76923
chr3 12645007 57.0 28.7 28.3 98.60627
chr3 37056000 15.0 17.8 -2.8 15.73034
chr3 41266101 25.0 28.6 -3.6 12.58741
chr3 41266133 8.0 8.7 -0.7 8.04598
chr3 142277575 100.0 99.9 0.1 0.1001
chr3 178936091 12.0 9.1 2.9 31.86813
chr3 178947865 31.0 29.3 1.7 5.80205
chr3 178952085 20.0 19.3 0.7 3.62694
chr4 1803307 38.0 39.0 -1.0 2.5641
chr4 1803704 36.0 35.3 0.7 1.983
chr4 55138600 36.0 31.3 4.7 15.01597
chr4 55143577 10.0 17.1 -7.1 41.52047
chr4 55152040 18.0 17.7 0.3 1.69492
chr4 55599321 10.0 8.7 1.3 14.94253
chr4 55602765 11.0 9.5 1.5 15.78947
chr4 55604693 28.0 28.1 -0.1 0.35587
chr4 55972974 12.0 20.6 -8.6 41.74757
chr4 55979558 40.0 38.8 1.2 3.09278
chr4 106182946 33.0 27.7 5.3 19.13357
chr4 153244155 31.0 28.6 2.4 8.39161
chr4 153332500 35.0 29.0 6.0 20.68966
chr5 1254594 32.0 30.4 1.6 5.26316
chr5 1294664 31.0 29.9 1.1 3.67893
chr5 67522722 23.0 20.1 2.9 14.42786
chr5 79970914 33.0 45.8 -12.8 27.9476
chr5 80168937 100.0 99.9 0.1 0.1001
chr5 112162854 21.0 28.5 -7.5 26.31579
chr5 112164561 34.0 35.5 -1.5 4.22535
chr5 112175770 39.0 37.4 1.6 4.27807
chr5 112176325 23.0 35.9 -12.9 35.93315
chr5 112176559 38.0 38.2 -0.2 0.52356
chr5 112176756 27.0 36.4 -9.4 25.82418
chr5 112177171 18.0 37.3 -19.3 51.74263
chr5 112179431 33.0 28.2 4.8 17.02128
chr5 149457678 29.0 31.3 -2.3 7.34824
chr5 149460553 21.0 19.9 1.1 5.52764
chr5 149495395 48.0 47.8 0.2 0.41841
chr5 149499672 39.0 37.6 1.4 3.7234
chr5 149504348 11.0 10.1 0.9 8.91089
chr5 149509446 30.0 32.1 -2.1 6.54206
chr6 41903782 40.0 50.6 -10.6 20.94862
chr6 117686840 39.0 42.2 -3.2 7.58294
chr6 117718110 32.0 30.3 1.7 5.61056
chr7 6026988 22.0 20.6 1.4 6.79612
chr7 55241707 24.0 24.3 -0.3 1.23457
chr7 55242464 0.0 1.2 -1.2 100.0
chr7 55249063 19.0 13.7 5.3 38.68613
chr7 55249071 0.0 1.3 -1.3 100.0
chr7 55259515 3.0 4.6 -1.6 34.78261
chr7 106508763 49.0 43.5 5.5 12.64368
chr7 106508978 100.0 99.8 0.2 0.2004
chr7 116339847 9.0 8.1 0.9 11.11111
chr7 116436022 5.0 7.7 -2.7 35.06494
chr7 128852003 47.0 48.2 -1.2 2.48963
chr7 140449150 20.0 19.7 0.3 1.52284
chr7 140453136 6.0 12.2 -6.2 50.81967
chr7 140494209 19.0 19.1 -0.1 0.52356
chr8 30938704 42.0 40.0 2.0 5.0
chr8 30973957 26.0 29.6 -3.6 12.16216
chr8 30999280 43.0 46.8 -3.8 8.11966
chr8 31012190 19.0 18.2 0.8 4.3956
chr8 31024654 6.0 19.0 -13.0 68.42105
chr8 38275434 36.0 31.4 4.6 14.64968
chr8 90993061 19.0 24.2 -5.2 21.4876
chr8 145737816 39.0 36.7 2.3 6.26703
chr8 145738767 99.0 100.0 -1.0 1.0
chr8 145741702 32.0 39.5 -7.5 18.98734
chr8 145741765 33.0 39.2 -6.2 15.81633
chr8 145742514 98.0 100.0 -2.0 2.0
chr8 145742879 32.0 38.9 -6.9 17.73779
chr9 5050706 18.0 18.6 -0.6 3.22581
chr9 5081780 38.0 43.7 -5.7 13.04348
chr9 98209594 51.0 66.5 -15.5 23.30827
chr9 98211548 29.0 29.7 -0.7 2.3569
chr9 98278975 26.0 29.8 -3.8 12.75168
chr9 133761001 47.0 52.2 -5.2 9.96169
chr9 135802659 21.0 28.4 -7.4 26.05634
chr9 139391636 25.0 25.0 0.0 0.0
chr9 139396746 32.0 26.9 5.1 18.95911
chr9 139397707 22.0 24.8 -2.8 11.29032
chr9 139407932 36.0 42.6 -6.6 15.49296
chr9 139409754 32.0 25.6 6.4 25.0
chr9 139418260 43.0 40.3 2.7 6.69975
chr10 8100647 30.0 26.8 3.2 11.9403
chr10 43595968 32.0 31.4 0.6 1.91083
chr10 43604493 30.0 30.8 -0.8 2.5974
chr10 43613843 57.0 61.0 -4.0 6.55738
chr10 88635779 14.0 17.2 -3.2 18.60465
chr11 533328 28.0 33.3 -5.3 15.91592
chr11 69462910 43.0 37.0 6.0 16.21622
chr11 69625385 34.0 32.2 1.8 5.59006
chr11 69633633 39.0 35.1 3.9 11.11111
chr12 25362777 29.0 31.1 -2.1 6.75241
chr12 25398281 13.0 15.9 -2.9 18.23899
chr12 25398284 4.0 4.8 -0.8 16.66667
chr12 56494998 28.0 30.4 -2.4 7.89474
chr12 112891125 22.0 25.7 -3.7 14.39689
chr12 121416622 45.0 52.8 -7.8 14.77273
chr12 121416650 28.0 34.5 -6.5 18.84058
chr12 121437114 21.0 20.5 0.5 2.43902
chr13 28578214 17.0 11.4 5.6 49.12281
chr13 28624294 33.0 28.5 4.5 15.78947
chr13 28674628 49.0 45.5 3.5 7.69231
chr13 28895620 21.0 29.2 -8.2 28.08219
chr13 32911888 39.0 40.9 -1.9 4.64548
chr13 32912299 25.0 18.9 6.1 32.27513
chr13 32912750 41.0 29.4 11.6 39.45578
chr13 32913558 35.0 33.2 1.8 5.42169
chr13 32913836 47.0 43.9 3.1 7.0615
chr13 32936646 33.0 49.0 -16.0 32.65306
chr13 48985975 30.0 30.1 -0.1 0.33223
chr13 103515036 25.0 29.3 -4.3 14.67577
chr13 103527930 100.0 99.9 0.1 0.1001
chr14 45645974 18.0 24.1 -6.1 25.3112
chr14 65507589 27.0 21.7 5.3 24.42396
chr15 66727451 27.0 29.2 -2.2 7.53425
chr15 66729147 31.0 28.3 2.7 9.54064
chr15 66782085 33.0 32.0 1.0 3.125
chr15 88576185 27.0 42.2 -15.2 36.01896
chr15 88680684 34.0 40.6 -6.6 16.25616
chr15 89849327 31.0 30.2 0.8 2.64901
chr15 91337479 28.0 30.8 -2.8 9.09091
chr15 91346923 33.0 30.1 2.9 9.63455
chr15 91354505 42.0 28.7 13.3 46.34146
chr16 2134450 27.0 32.1 -5.1 15.88785
chr16 3658433 32.0 30.6 1.4 4.57516
chr16 3817720 33.0 31.9 1.1 3.44828
chr16 14041958 29.0 29.4 -0.4 1.36054
chr16 89805914 28.0 26.9 1.1 4.08922
chr16 89807233 37.0 26.8 10.2 38.0597
chr16 89809319 27.0 25.2 1.8 7.14286
chr16 89815152 29.0 28.1 0.9 3.20285
chr16 89825065 28.0 27.5 0.5 1.81818
chr16 89839766 23.0 27.5 -4.5 16.36364
chr16 89857935 27.0 24.0 3.0 12.5
chr16 89858417 27.0 26.7 0.3 1.1236
chr17 7579472 91.0 93.6 -2.6 2.77778
chr17 29553485 40.0 34.6 5.4 15.60694
chr17 29632336 29.0 30.9 -1.9 6.14887
chr17 37650892 27.0 30.5 -3.5 11.47541
chr17 37879588 25.0 31.1 -6.1 19.61415
chr17 41234451 29.0 25.0 4.0 16.0
chr17 41251931 39.0 40.7 -1.7 4.1769
chr17 66538239 27.0 27.6 -0.6 2.17391
chr19 3119239 40.0 41.8 -1.8 4.30622
chr19 4101062 16.0 27.0 -11.0 40.74074
chr19 4102449 31.0 29.7 1.3 4.3771
chr19 15278222 37.0 30.0 7.0 23.33333
chr19 15302905 32.0 33.7 -1.7 5.04451
chr19 30314666 42.0 30.5 11.5 37.70492
chr19 40743956 33.0 29.8 3.2 10.73826
chr19 45867259 39.0 41.8 -2.8 6.69856
chr19 45868309 45.0 48.5 -3.5 7.21649
chr20 57415471 33.0 28.9 4.1 14.18685
chr20 57429753 26.0 27.9 -1.9 6.81004
chr20 57484241 22.0 27.0 -5.0 18.51852
chr22 41536164 32.0 28.1 3.9 13.879
chr22 41551039 52.0 42.2 9.8 23.22275
chr22 41566524 52.0 52.2 -0.2 0.38314
chrX 66765142 49.0 34.7 14.3 41.21037
chrX 66765627 38.0 37.3 0.7 1.87668
chrX 70338656 32.0 29.6 2.4 8.10811
chrX 76938088 29.0 30.0 -1.0 3.33333
