## htsjdk.samtools.metrics.StringHeader
# CollectHsMetrics BAIT_INTERVALS=[pool1_pool2_nochr_3c.sort.merged.padded20.hg19.210311.met.annotated.interval_list] TARGET_INTERVALS=[pool1_pool2_nochr_3c.sort.merged.padded20.hg19.210311.met.annotated.interval_list] INPUT=left_5.bam OUTPUT=hs_metrics_left_5.txt COVERAGE_CAP=5000 REFERENCE_SEQUENCE=/home/tomas/data/reference/hg19.with.mt.fasta    METRIC_ACCUMULATION_LEVEL=[ALL_READS] NEAR_DISTANCE=250 MINIMUM_MAPPING_QUALITY=20 MINIMUM_BASE_QUALITY=20 CLIP_OVERLAPPING_READS=true INCLUDE_INDELS=false SAMPLE_SIZE=10000 ALLELE_FRACTION=[0.001, 0.005, 0.01, 0.02, 0.05, 0.1, 0.2, 0.3, 0.5] VERBOSITY=INFO QUIET=false VALIDATION_STRINGENCY=STRICT COMPRESSION_LEVEL=5 MAX_RECORDS_IN_RAM=500000 CREATE_INDEX=false CREATE_MD5_FILE=false GA4GH_CLIENT_SECRETS=client_secrets.json USE_JDK_DEFLATER=false USE_JDK_INFLATER=false
## htsjdk.samtools.metrics.StringHeader
# Started on: Mon Jan 17 14:47:45 CET 2022

## METRICS CLASS	picard.analysis.directed.HsMetrics
BAIT_SET	BAIT_TERRITORY	BAIT_DESIGN_EFFICIENCY	ON_BAIT_BASES	NEAR_BAIT_BASES	OFF_BAIT_BASES	PCT_SELECTED_BASES	PCT_OFF_BAIT	ON_BAIT_VS_SELECTED	MEAN_BAIT_COVERAGE	PCT_USABLE_BASES_ON_BAIT	PCT_USABLE_BASES_ON_TARGET	FOLD_ENRICHMENT	HS_LIBRARY_SIZE	HS_PENALTY_10X	HS_PENALTY_20X	HS_PENALTY_30X	HS_PENALTY_40X	HS_PENALTY_50X	HS_PENALTY_100X	TARGET_TERRITORY	GENOME_SIZE	TOTAL_READS	PF_READS	PF_BASES	PF_UNIQUE_READS	PF_UQ_READS_ALIGNED	PF_BASES_ALIGNED	PF_UQ_BASES_ALIGNED	ON_TARGET_BASES	PCT_PF_READS	PCT_PF_UQ_READS	PCT_PF_UQ_READS_ALIGNED	MEAN_TARGET_COVERAGE	MEDIAN_TARGET_COVERAGE	MAX_TARGET_COVERAGE	MIN_TARGET_COVERAGE	ZERO_CVG_TARGETS_PCT	PCT_EXC_DUPE	PCT_EXC_ADAPTER	PCT_EXC_MAPQ	PCT_EXC_BASEQ	PCT_EXC_OVERLAP	PCT_EXC_OFF_TARGET	FOLD_80_BASE_PENALTY	PCT_TARGET_BASES_1X	PCT_TARGET_BASES_2X	PCT_TARGET_BASES_10X	PCT_TARGET_BASES_20X	PCT_TARGET_BASES_30X	PCT_TARGET_BASES_40X	PCT_TARGET_BASES_50X	PCT_TARGET_BASES_100X	PCT_TARGET_BASES_250X	PCT_TARGET_BASES_500X	PCT_TARGET_BASES_1000X	PCT_TARGET_BASES_2500X	PCT_TARGET_BASES_5000X	PCT_TARGET_BASES_10000X	PCT_TARGET_BASES_25000X	PCT_TARGET_BASES_50000X	PCT_TARGET_BASES_100000X	AT_DROPOUT	GC_DROPOUT	HET_SNP_SENSITIVITY	HET_SNP_Q	SAMPLE	LIBRARY	READ_GROUP
pool1_pool2_nochr_3c	2217428	1	7001817651	3649016474	5139736141	0.674506	0.325494	0.657396	3157.630214	0.441645	0.196786	619.043941	40073714	4.589862	4.607449	4.619173	4.630897	4.64731	4.712965	2217428	3095693983	115295038	115295038	15853949575	79788652	79773373	15790570266	10912109216	3119833874	1	0.692039	0.999809	1406.96062	1405	24285	0	0.001632	0.308948	0	0.019982	0.038046	0.11747	0.318001	1.308801	0.999697	0.99949	0.99883	0.998481	0.998183	0.997965	0.997755	0.996976	0.992586	0.974695	0.847296	0.019574	0.00092	0.000252	0	0	0	0.932473	3.488765	0.134056	1			

## HISTOGRAM	java.lang.Integer
coverage_or_base_quality	high_quality_coverage_count	unfiltered_baseq_count
0	671	0
1	459	0
2	308	0
3	360	0
4	159	0
5	136	0
6	107	0
7	134	0
8	147	0
9	114	0
10	78	0
11	78	0
12	109	0
13	98	0
14	85	79746148
15	79	0
16	79	0
17	66	0
18	49	0
19	53	0
20	61	0
21	65	15388574
22	68	0
23	64	0
24	72	0
25	68	0
26	81	0
27	67	80596044
28	47	0
29	66	0
30	48	0
31	52	0
32	65	314310151
33	57	0
34	48	0
35	43	0
36	39	2700606324
37	40	0
38	47	0
39	45	0
40	45	0
41	47	0
42	49	0
43	52	0
44	39	0
45	50	0
46	41	0
47	46	0
48	50	0
49	47	0
50	55	0
51	40	0
52	42	0
53	48	0
54	35	0
55	43	0
56	49	0
57	43	0
58	40	0
59	39	0
60	22	0
61	40	0
62	32	0
63	22	0
64	21	0
65	26	0
66	29	0
67	32	0
68	30	0
69	29	0
70	33	0
71	33	0
72	30	0
73	29	0
74	38	0
75	23	0
76	33	0
77	24	0
78	41	0
79	34	0
80	28	0
81	24	0
82	37	0
83	32	0
84	35	0
85	32	0
86	37	0
87	35	0
88	28	0
89	28	0
90	37	0
91	34	0
92	39	0
93	28	0
94	34	0
95	39	0
96	30	0
97	42	0
98	39	0
99	55	0
100	68	0
101	45	0
102	55	0
103	55	0
104	58	0
105	58	0
106	52	0
107	41	0
108	43	0
109	38	0
110	35	0
111	35	0
112	51	0
113	42	0
114	37	0
115	43	0
116	45	0
117	58	0
118	45	0
119	44	0
120	47	0
121	61	0
122	54	0
123	43	0
124	42	0
125	54	0
126	51	0
127	66	0
128	57	0
129	58	0
130	60	0
131	63	0
132	50	0
133	41	0
134	50	0
135	62	0
136	57	0
137	61	0
138	52	0
139	54	0
140	56	0
141	71	0
142	55	0
143	51	0
144	49	0
145	56	0
146	44	0
147	54	0
148	51	0
149	57	0
150	54	0
151	58	0
152	52	0
153	48	0
154	60	0
155	61	0
156	62	0
157	63	0
158	48	0
159	49	0
160	60	0
161	54	0
162	64	0
163	58	0
164	62	0
165	65	0
166	71	0
167	68	0
168	64	0
169	72	0
170	83	0
171	50	0
172	53	0
173	43	0
174	65	0
175	55	0
176	52	0
177	62	0
178	70	0
179	65	0
180	64	0
181	58	0
182	66	0
183	51	0
184	58	0
185	57	0
186	68	0
187	75	0
188	68	0
189	66	0
190	66	0
191	62	0
192	60	0
193	71	0
194	67	0
195	71	0
196	58	0
197	80	0
198	68	0
199	73	0
200	83	0
201	68	0
202	60	0
203	70	0
204	52	0
205	59	0
206	66	0
207	77	0
208	75	0
209	68	0
210	67	0
211	72	0
212	87	0
213	68	0
214	72	0
215	66	0
216	86	0
217	77	0
218	61	0
219	78	0
220	75	0
221	77	0
222	92	0
223	83	0
224	78	0
225	99	0
226	86	0
227	67	0
228	77	0
229	82	0
230	94	0
231	74	0
232	88	0
233	89	0
234	82	0
235	98	0
236	99	0
237	81	0
238	91	0
239	91	0
240	99	0
241	81	0
242	107	0
243	97	0
244	96	0
245	88	0
246	98	0
247	84	0
248	105	0
249	91	0
250	81	0
251	88	0
252	93	0
253	92	0
254	101	0
255	87	0
256	89	0
257	106	0
258	91	0
259	96	0
260	98	0
261	94	0
262	93	0
263	93	0
264	91	0
265	92	0
266	89	0
267	106	0
268	90	0
269	79	0
270	87	0
271	105	0
272	72	0
273	95	0
274	70	0
275	88	0
276	84	0
277	93	0
278	110	0
279	89	0
280	93	0
281	116	0
282	94	0
283	110	0
284	107	0
285	100	0
286	115	0
287	94	0
288	92	0
289	98	0
290	110	0
291	104	0
292	94	0
293	105	0
294	103	0
295	136	0
296	115	0
297	100	0
298	124	0
299	111	0
300	116	0
301	131	0
302	126	0
303	136	0
304	116	0
305	144	0
306	132	0
307	145	0
308	150	0
309	127	0
310	144	0
311	141	0
312	143	0
313	133	0
314	147	0
315	127	0
316	143	0
317	137	0
318	149	0
319	135	0
320	135	0
321	148	0
322	144	0
323	128	0
324	152	0
325	142	0
326	133	0
327	145	0
328	160	0
329	128	0
330	147	0
331	168	0
332	177	0
333	157	0
334	154	0
335	166	0
336	146	0
337	170	0
338	179	0
339	161	0
340	169	0
341	183	0
342	167	0
343	161	0
344	172	0
345	193	0
346	176	0
347	154	0
348	153	0
349	150	0
350	173	0
351	178	0
352	187	0
353	163	0
354	192	0
355	160	0
356	177	0
357	163	0
358	168	0
359	172	0
360	176	0
361	150	0
362	155	0
363	163	0
364	182	0
365	178	0
366	175	0
367	189	0
368	168	0
369	196	0
370	173	0
371	173	0
372	178	0
373	190	0
374	179	0
375	187	0
376	183	0
377	187	0
378	177	0
379	185	0
380	173	0
381	181	0
382	196	0
383	186	0
384	195	0
385	209	0
386	189	0
387	198	0
388	182	0
389	177	0
390	203	0
391	191	0
392	188	0
393	170	0
394	194	0
395	170	0
396	178	0
397	179	0
398	192	0
399	198	0
400	190	0
401	185	0
402	184	0
403	168	0
404	199	0
405	183	0
406	165	0
407	193	0
408	188	0
409	192	0
410	160	0
411	203	0
412	172	0
413	176	0
414	174	0
415	170	0
416	195	0
417	190	0
418	173	0
419	205	0
420	163	0
421	159	0
422	164	0
423	194	0
424	190	0
425	172	0
426	183	0
427	213	0
428	199	0
429	171	0
430	181	0
431	168	0
432	202	0
433	197	0
434	164	0
435	174	0
436	175	0
437	174	0
438	179	0
439	193	0
440	181	0
441	186	0
442	171	0
443	195	0
444	209	0
445	199	0
446	173	0
447	191	0
448	191	0
449	191	0
450	169	0
451	168	0
452	191	0
453	187	0
454	142	0
455	163	0
456	184	0
457	184	0
458	183	0
459	184	0
460	173	0
461	148	0
462	152	0
463	173	0
464	182	0
465	166	0
466	164	0
467	157	0
468	189	0
469	162	0
470	163	0
471	181	0
472	237	0
473	174	0
474	176	0
475	186	0
476	207	0
477	194	0
478	183	0
479	193	0
480	206	0
481	211	0
482	185	0
483	204	0
484	211	0
485	195	0
486	179	0
487	198	0
488	174	0
489	170	0
490	207	0
491	185	0
492	187	0
493	187	0
494	172	0
495	228	0
496	188	0
497	178	0
498	194	0
499	201	0
500	174	0
501	195	0
502	165	0
503	198	0
504	198	0
505	200	0
506	168	0
507	205	0
508	178	0
509	190	0
510	203	0
511	189	0
512	173	0
513	158	0
514	181	0
515	178	0
516	165	0
517	200	0
518	186	0
519	214	0
520	190	0
521	183	0
522	183	0
523	214	0
524	207	0
525	215	0
526	201	0
527	213	0
528	208	0
529	203	0
530	209	0
531	220	0
532	221	0
533	216	0
534	207	0
535	221	0
536	196	0
537	210	0
538	214	0
539	192	0
540	213	0
541	211	0
542	223	0
543	197	0
544	190	0
545	212	0
546	186	0
547	220	0
548	198	0
549	195	0
550	218	0
551	222	0
552	225	0
553	250	0
554	181	0
555	217	0
556	204	0
557	243	0
558	235	0
559	248	0
560	238	0
561	234	0
562	215	0
563	270	0
564	248	0
565	245	0
566	256	0
567	260	0
568	260	0
569	235	0
570	256	0
571	236	0
572	234	0
573	242	0
574	241	0
575	222	0
576	259	0
577	238	0
578	236	0
579	246	0
580	238	0
581	240	0
582	256	0
583	247	0
584	253	0
585	247	0
586	247	0
587	240	0
588	228	0
589	254	0
590	237	0
591	222	0
592	263	0
593	250	0
594	268	0
595	228	0
596	243	0
597	253	0
598	247	0
599	220	0
600	230	0
601	254	0
602	257	0
603	252	0
604	261	0
605	282	0
606	262	0
607	280	0
608	221	0
609	251	0
610	269	0
611	262	0
612	237	0
613	250	0
614	265	0
615	287	0
616	316	0
617	255	0
618	267	0
619	272	0
620	248	0
621	269	0
622	241	0
623	271	0
624	290	0
625	293	0
626	270	0
627	271	0
628	275	0
629	291	0
630	280	0
631	285	0
632	273	0
633	261	0
634	279	0
635	276	0
636	263	0
637	287	0
638	296	0
639	263	0
640	294	0
641	303	0
642	277	0
643	297	0
644	298	0
645	288	0
646	279	0
647	306	0
648	276	0
649	284	0
650	297	0
651	289	0
652	286	0
653	309	0
654	291	0
655	284	0
656	273	0
657	316	0
658	312	0
659	305	0
660	311	0
661	311	0
662	310	0
663	302	0
664	332	0
665	296	0
666	302	0
667	293	0
668	317	0
669	292	0
670	302	0
671	329	0
672	319	0
673	313	0
674	310	0
675	325	0
676	322	0
677	315	0
678	303	0
679	329	0
680	331	0
681	346	0
682	351	0
683	355	0
684	358	0
685	377	0
686	339	0
687	332	0
688	377	0
689	350	0
690	356	0
691	374	0
692	331	0
693	329	0
694	373	0
695	357	0
696	314	0
697	354	0
698	367	0
699	380	0
700	362	0
701	354	0
702	379	0
703	390	0
704	369	0
705	342	0
706	368	0
707	383	0
708	366	0
709	397	0
710	429	0
711	392	0
712	382	0
713	401	0
714	385	0
715	390	0
716	430	0
717	400	0
718	382	0
719	422	0
720	361	0
721	482	0
722	403	0
723	419	0
724	387	0
725	442	0
726	402	0
727	434	0
728	436	0
729	417	0
730	435	0
731	434	0
732	441	0
733	434	0
734	452	0
735	434	0
736	485	0
737	428	0
738	447	0
739	465	0
740	463	0
741	418	0
742	438	0
743	446	0
744	449	0
745	456	0
746	452	0
747	450	0
748	485	0
749	479	0
750	463	0
751	502	0
752	473	0
753	510	0
754	505	0
755	498	0
756	505	0
757	498	0
758	450	0
759	522	0
760	466	0
761	466	0
762	494	0
763	510	0
764	487	0
765	493	0
766	524	0
767	473	0
768	496	0
769	498	0
770	467	0
771	512	0
772	546	0
773	525	0
774	487	0
775	514	0
776	535	0
777	550	0
778	509	0
779	524	0
780	578	0
781	567	0
782	520	0
783	553	0
784	536	0
785	522	0
786	560	0
787	581	0
788	532	0
789	527	0
790	560	0
791	593	0
792	533	0
793	595	0
794	547	0
795	589	0
796	566	0
797	574	0
798	563	0
799	598	0
800	610	0
801	563	0
802	592	0
803	607	0
804	559	0
805	605	0
806	609	0
807	604	0
808	585	0
809	600	0
810	588	0
811	622	0
812	650	0
813	641	0
814	631	0
815	642	0
816	645	0
817	649	0
818	635	0
819	574	0
820	655	0
821	637	0
822	595	0
823	633	0
824	673	0
825	666	0
826	620	0
827	619	0
828	688	0
829	642	0
830	706	0
831	665	0
832	662	0
833	647	0
834	635	0
835	696	0
836	681	0
837	697	0
838	676	0
839	711	0
840	745	0
841	691	0
842	721	0
843	691	0
844	703	0
845	715	0
846	714	0
847	698	0
848	726	0
849	733	0
850	718	0
851	784	0
852	734	0
853	778	0
854	714	0
855	682	0
856	755	0
857	760	0
858	737	0
859	799	0
860	740	0
861	774	0
862	733	0
863	776	0
864	802	0
865	803	0
866	836	0
867	787	0
868	828	0
869	822	0
870	816	0
871	846	0
872	813	0
873	806	0
874	834	0
875	863	0
876	834	0
877	893	0
878	801	0
879	794	0
880	861	0
881	882	0
882	840	0
883	875	0
884	828	0
885	817	0
886	854	0
887	944	0
888	827	0
889	901	0
890	824	0
891	864	0
892	873	0
893	963	0
894	935	0
895	890	0
896	902	0
897	895	0
898	879	0
899	879	0
900	871	0
901	910	0
902	944	0
903	894	0
904	966	0
905	937	0
906	926	0
907	927	0
908	925	0
909	956	0
910	947	0
911	942	0
912	1018	0
913	965	0
914	960	0
915	977	0
916	961	0
917	1014	0
918	944	0
919	958	0
920	949	0
921	952	0
922	1001	0
923	997	0
924	1017	0
925	983	0
926	1019	0
927	1038	0
928	977	0
929	1057	0
930	1095	0
931	987	0
932	1015	0
933	1062	0
934	1000	0
935	1040	0
936	1048	0
937	1038	0
938	1086	0
939	1156	0
940	1065	0
941	1049	0
942	1050	0
943	1065	0
944	1093	0
945	1049	0
946	1093	0
947	1044	0
948	1126	0
949	1041	0
950	1096	0
951	1085	0
952	1132	0
953	1149	0
954	1135	0
955	1099	0
956	1118	0
957	1163	0
958	1122	0
959	1170	0
960	1157	0
961	1147	0
962	1112	0
963	1235	0
964	1202	0
965	1192	0
966	1146	0
967	1233	0
968	1163	0
969	1174	0
970	1180	0
971	1205	0
972	1240	0
973	1179	0
974	1168	0
975	1179	0
976	1157	0
977	1252	0
978	1194	0
979	1197	0
980	1206	0
981	1207	0
982	1191	0
983	1253	0
984	1209	0
985	1232	0
986	1175	0
987	1244	0
988	1227	0
989	1219	0
990	1288	0
991	1277	0
992	1204	0
993	1283	0
994	1284	0
995	1233	0
996	1296	0
997	1235	0
998	1236	0
999	1304	0
1000	1241	0
1001	1310	0
1002	1289	0
1003	1330	0
1004	1311	0
1005	1360	0
1006	1293	0
1007	1303	0
1008	1350	0
1009	1353	0
1010	1328	0
1011	1343	0
1012	1263	0
1013	1326	0
1014	1270	0
1015	1345	0
1016	1332	0
1017	1330	0
1018	1363	0
1019	1340	0
1020	1374	0
1021	1376	0
1022	1310	0
1023	1373	0
1024	1389	0
1025	1384	0
1026	1419	0
1027	1405	0
1028	1310	0
1029	1312	0
1030	1327	0
1031	1380	0
1032	1389	0
1033	1322	0
1034	1305	0
1035	1432	0
1036	1364	0
1037	1344	0
1038	1413	0
1039	1448	0
1040	1389	0
1041	1431	0
1042	1467	0
1043	1375	0
1044	1386	0
1045	1433	0
1046	1511	0
1047	1376	0
1048	1482	0
1049	1479	0
1050	1381	0
1051	1441	0
1052	1431	0
1053	1402	0
1054	1416	0
1055	1477	0
1056	1461	0
1057	1379	0
1058	1442	0
1059	1407	0
1060	1465	0
1061	1466	0
1062	1470	0
1063	1476	0
1064	1477	0
1065	1476	0
1066	1468	0
1067	1539	0
1068	1561	0
1069	1466	0
1070	1512	0
1071	1500	0
1072	1518	0
1073	1491	0
1074	1528	0
1075	1488	0
1076	1559	0
1077	1510	0
1078	1511	0
1079	1557	0
1080	1568	0
1081	1579	0
1082	1530	0
1083	1579	0
1084	1543	0
1085	1491	0
1086	1594	0
1087	1555	0
1088	1539	0
1089	1497	0
1090	1586	0
1091	1573	0
1092	1555	0
1093	1529	0
1094	1547	0
1095	1525	0
1096	1548	0
1097	1508	0
1098	1550	0
1099	1590	0
1100	1582	0
1101	1589	0
1102	1625	0
1103	1565	0
1104	1634	0
1105	1521	0
1106	1621	0
1107	1566	0
1108	1688	0
1109	1640	0
1110	1609	0
1111	1617	0
1112	1647	0
1113	1676	0
1114	1664	0
1115	1593	0
1116	1665	0
1117	1622	0
1118	1678	0
1119	1626	0
1120	1608	0
1121	1590	0
1122	1673	0
1123	1742	0
1124	1632	0
1125	1655	0
1126	1657	0
1127	1735	0
1128	1673	0
1129	1657	0
1130	1630	0
1131	1708	0
1132	1688	0
1133	1713	0
1134	1692	0
1135	1655	0
1136	1703	0
1137	1755	0
1138	1676	0
1139	1692	0
1140	1643	0
1141	1762	0
1142	1680	0
1143	1616	0
1144	1725	0
1145	1702	0
1146	1725	0
1147	1679	0
1148	1817	0
1149	1769	0
1150	1647	0
1151	1709	0
1152	1780	0
1153	1737	0
1154	1743	0
1155	1811	0
1156	1785	0
1157	1731	0
1158	1789	0
1159	1761	0
1160	1766	0
1161	1777	0
1162	1833	0
1163	1750	0
1164	1782	0
1165	1792	0
1166	1822	0
1167	1830	0
1168	1861	0
1169	1807	0
1170	1788	0
1171	1861	0
1172	1808	0
1173	1741	0
1174	1902	0
1175	1783	0
1176	1905	0
1177	1862	0
1178	1825	0
1179	1880	0
1180	1850	0
1181	1854	0
1182	1848	0
1183	1907	0
1184	1881	0
1185	1902	0
1186	1883	0
1187	1907	0
1188	1871	0
1189	1882	0
1190	1888	0
1191	1889	0
1192	1987	0
1193	1946	0
1194	1890	0
1195	1929	0
1196	1896	0
1197	1885	0
1198	1972	0
1199	1987	0
1200	1945	0
1201	1960	0
1202	1940	0
1203	1979	0
1204	1896	0
1205	1879	0
1206	1878	0
1207	1967	0
1208	1962	0
1209	1964	0
1210	1990	0
1211	2016	0
1212	1962	0
1213	1971	0
1214	2035	0
1215	1968	0
1216	2069	0
1217	1934	0
1218	2070	0
1219	2036	0
1220	2039	0
1221	1970	0
1222	2091	0
1223	1965	0
1224	2028	0
1225	2012	0
1226	1926	0
1227	1940	0
1228	1949	0
1229	1978	0
1230	2017	0
1231	2074	0
1232	1983	0
1233	1894	0
1234	2013	0
1235	1959	0
1236	1976	0
1237	2098	0
1238	2100	0
1239	2061	0
1240	1943	0
1241	2038	0
1242	2003	0
1243	2108	0
1244	2061	0
1245	2036	0
1246	2057	0
1247	2063	0
1248	2163	0
1249	2137	0
1250	2083	0
1251	2037	0
1252	2108	0
1253	2089	0
1254	2117	0
1255	2190	0
1256	2100	0
1257	2077	0
1258	2084	0
1259	2153	0
1260	2200	0
1261	2085	0
1262	2082	0
1263	2091	0
1264	2175	0
1265	2038	0
1266	2206	0
1267	2107	0
1268	2140	0
1269	2090	0
1270	2016	0
1271	2177	0
1272	2138	0
1273	2117	0
1274	2206	0
1275	2172	0
1276	2265	0
1277	2142	0
1278	2200	0
1279	2074	0
1280	2147	0
1281	2153	0
1282	2154	0
1283	2277	0
1284	2105	0
1285	2038	0
1286	2242	0
1287	2145	0
1288	2206	0
1289	2216	0
1290	2173	0
1291	2187	0
1292	2126	0
1293	2206	0
1294	2293	0
1295	2197	0
1296	2223	0
1297	2211	0
1298	2260	0
1299	2218	0
1300	2210	0
1301	2288	0
1302	2250	0
1303	2223	0
1304	2213	0
1305	2135	0
1306	2247	0
1307	2312	0
1308	2224	0
1309	2203	0
1310	2194	0
1311	2289	0
1312	2251	0
1313	2323	0
1314	2187	0
1315	2263	0
1316	2224	0
1317	2203	0
1318	2217	0
1319	2344	0
1320	2286	0
1321	2263	0
1322	2278	0
1323	2339	0
1324	2302	0
1325	2238	0
1326	2260	0
1327	2339	0
1328	2284	0
1329	2354	0
1330	2261	0
1331	2336	0
1332	2409	0
1333	2239	0
1334	2317	0
1335	2299	0
1336	2287	0
1337	2280	0
1338	2293	0
1339	2387	0
1340	2317	0
1341	2266	0
1342	2318	0
1343	2334	0
1344	2365	0
1345	2282	0
1346	2256	0
1347	2278	0
1348	2310	0
1349	2389	0
1350	2256	0
1351	2279	0
1352	2323	0
1353	2380	0
1354	2283	0
1355	2272	0
1356	2255	0
1357	2291	0
1358	2351	0
1359	2302	0
1360	2412	0
1361	2333	0
1362	2270	0
1363	2344	0
1364	2279	0
1365	2360	0
1366	2302	0
1367	2279	0
1368	2360	0
1369	2338	0
1370	2312	0
1371	2394	0
1372	2376	0
1373	2282	0
1374	2435	0
1375	2346	0
1376	2345	0
1377	2345	0
1378	2342	0
1379	2397	0
1380	2400	0
1381	2260	0
1382	2430	0
1383	2338	0
1384	2347	0
1385	2360	0
1386	2268	0
1387	2394	0
1388	2341	0
1389	2420	0
1390	2312	0
1391	2391	0
1392	2373	0
1393	2338	0
1394	2318	0
1395	2326	0
1396	2399	0
1397	2300	0
1398	2323	0
1399	2453	0
1400	2296	0
1401	2399	0
1402	2392	0
1403	2282	0
1404	2399	0
1405	2375	0
1406	2407	0
1407	2387	0
1408	2427	0
1409	2335	0
1410	2444	0
1411	2434	0
1412	2451	0
1413	2421	0
1414	2437	0
1415	2355	0
1416	2441	0
1417	2329	0
1418	2444	0
1419	2462	0
1420	2464	0
1421	2513	0
1422	2423	0
1423	2390	0
1424	2397	0
1425	2361	0
1426	2355	0
1427	2352	0
1428	2303	0
1429	2451	0
1430	2428	0
1431	2374	0
1432	2377	0
1433	2439	0
1434	2369	0
1435	2389	0
1436	2442	0
1437	2409	0
1438	2456	0
1439	2398	0
1440	2336	0
1441	2374	0
1442	2379	0
1443	2302	0
1444	2429	0
1445	2416	0
1446	2307	0
1447	2354	0
1448	2444	0
1449	2374	0
1450	2365	0
1451	2399	0
1452	2462	0
1453	2266	0
1454	2299	0
1455	2300	0
1456	2419	0
1457	2382	0
1458	2384	0
1459	2357	0
1460	2368	0
1461	2353	0
1462	2355	0
1463	2384	0
1464	2378	0
1465	2488	0
1466	2366	0
1467	2364	0
1468	2501	0
1469	2439	0
1470	2405	0
1471	2387	0
1472	2414	0
1473	2367	0
1474	2328	0
1475	2460	0
1476	2510	0
1477	2468	0
1478	2337	0
1479	2383	0
1480	2384	0
1481	2317	0
1482	2378	0
1483	2403	0
1484	2398	0
1485	2373	0
1486	2396	0
1487	2485	0
1488	2455	0
1489	2410	0
1490	2445	0
1491	2407	0
1492	2441	0
1493	2388	0
1494	2402	0
1495	2513	0
1496	2454	0
1497	2434	0
1498	2451	0
1499	2429	0
1500	2439	0
1501	2450	0
1502	2380	0
1503	2485	0
1504	2398	0
1505	2501	0
1506	2511	0
1507	2449	0
1508	2454	0
1509	2443	0
1510	2498	0
1511	2393	0
1512	2522	0
1513	2527	0
1514	2485	0
1515	2442	0
1516	2504	0
1517	2576	0
1518	2463	0
1519	2544	0
1520	2443	0
1521	2467	0
1522	2525	0
1523	2444	0
1524	2434	0
1525	2505	0
1526	2555	0
1527	2437	0
1528	2533	0
1529	2533	0
1530	2527	0
1531	2565	0
1532	2499	0
1533	2500	0
1534	2470	0
1535	2458	0
1536	2446	0
1537	2563	0
1538	2538	0
1539	2402	0
1540	2495	0
1541	2493	0
1542	2566	0
1543	2495	0
1544	2492	0
1545	2445	0
1546	2464	0
1547	2382	0
1548	2476	0
1549	2478	0
1550	2383	0
1551	2467	0
1552	2438	0
1553	2498	0
1554	2408	0
1555	2519	0
1556	2502	0
1557	2387	0
1558	2508	0
1559	2351	0
1560	2469	0
1561	2477	0
1562	2497	0
1563	2419	0
1564	2401	0
1565	2438	0
1566	2410	0
1567	2529	0
1568	2436	0
1569	2346	0
1570	2295	0
1571	2343	0
1572	2359	0
1573	2338	0
1574	2312	0
1575	2453	0
1576	2375	0
1577	2412	0
1578	2402	0
1579	2291	0
1580	2285	0
1581	2354	0
1582	2404	0
1583	2410	0
1584	2310	0
1585	2277	0
1586	2336	0
1587	2288	0
1588	2269	0
1589	2254	0
1590	2289	0
1591	2222	0
1592	2290	0
1593	2321	0
1594	2239	0
1595	2255	0
1596	2272	0
1597	2217	0
1598	2218	0
1599	2219	0
1600	2263	0
1601	2277	0
1602	2282	0
1603	2231	0
1604	2232	0
1605	2221	0
1606	2229	0
1607	2109	0
1608	2249	0
1609	2172	0
1610	2241	0
1611	2194	0
1612	2206	0
1613	2153	0
1614	2201	0
1615	2119	0
1616	2123	0
1617	2137	0
1618	2066	0
1619	2069	0
1620	2124	0
1621	2044	0
1622	2051	0
1623	2127	0
1624	2063	0
1625	2128	0
1626	2084	0
1627	1979	0
1628	2040	0
1629	1987	0
1630	1968	0
1631	1978	0
1632	1998	0
1633	1940	0
1634	1987	0
1635	1926	0
1636	2089	0
1637	2094	0
1638	1963	0
1639	2060	0
1640	2020	0
1641	1979	0
1642	2021	0
1643	1879	0
1644	2026	0
1645	1916	0
1646	1939	0
1647	1933	0
1648	1956	0
1649	1989	0
1650	1903	0
1651	1966	0
1652	1882	0
1653	1863	0
1654	1809	0
1655	1977	0
1656	1817	0
1657	1887	0
1658	1836	0
1659	1848	0
1660	1856	0
1661	1898	0
1662	1905	0
1663	1908	0
1664	1908	0
1665	1857	0
1666	1804	0
1667	1848	0
1668	1846	0
1669	1807	0
1670	1873	0
1671	1783	0
1672	1766	0
1673	1775	0
1674	1806	0
1675	1786	0
1676	1814	0
1677	1772	0
1678	1732	0
1679	1833	0
1680	1797	0
1681	1783	0
1682	1739	0
1683	1741	0
1684	1735	0
1685	1722	0
1686	1820	0
1687	1755	0
1688	1734	0
1689	1731	0
1690	1729	0
1691	1838	0
1692	1728	0
1693	1854	0
1694	1652	0
1695	1760	0
1696	1740	0
1697	1776	0
1698	1661	0
1699	1678	0
1700	1636	0
1701	1754	0
1702	1709	0
1703	1655	0
1704	1658	0
1705	1737	0
1706	1648	0
1707	1761	0
1708	1681	0
1709	1740	0
1710	1682	0
1711	1631	0
1712	1653	0
1713	1735	0
1714	1627	0
1715	1607	0
1716	1595	0
1717	1617	0
1718	1593	0
1719	1615	0
1720	1594	0
1721	1627	0
1722	1675	0
1723	1694	0
1724	1549	0
1725	1573	0
1726	1622	0
1727	1600	0
1728	1654	0
1729	1586	0
1730	1559	0
1731	1628	0
1732	1604	0
1733	1579	0
1734	1581	0
1735	1535	0
1736	1612	0
1737	1551	0
1738	1525	0
1739	1554	0
1740	1529	0
1741	1566	0
1742	1483	0
1743	1553	0
1744	1536	0
1745	1533	0
1746	1425	0
1747	1500	0
1748	1455	0
1749	1465	0
1750	1440	0
1751	1450	0
1752	1465	0
1753	1450	0
1754	1408	0
1755	1379	0
1756	1415	0
1757	1441	0
1758	1434	0
1759	1444	0
1760	1410	0
1761	1399	0
1762	1378	0
1763	1381	0
1764	1437	0
1765	1398	0
1766	1405	0
1767	1362	0
1768	1351	0
1769	1398	0
1770	1381	0
1771	1315	0
1772	1407	0
1773	1307	0
1774	1363	0
1775	1393	0
1776	1255	0
1777	1313	0
1778	1333	0
1779	1349	0
1780	1343	0
1781	1313	0
1782	1375	0
1783	1303	0
1784	1271	0
1785	1307	0
1786	1303	0
1787	1242	0
1788	1312	0
1789	1331	0
1790	1278	0
1791	1291	0
1792	1232	0
1793	1282	0
1794	1267	0
1795	1284	0
1796	1193	0
1797	1254	0
1798	1264	0
1799	1205	0
1800	1236	0
1801	1239	0
1802	1185	0
1803	1246	0
1804	1235	0
1805	1123	0
1806	1125	0
1807	1170	0
1808	1217	0
1809	1192	0
1810	1156	0
1811	1204	0
1812	1128	0
1813	1182	0
1814	1130	0
1815	1164	0
1816	1130	0
1817	1135	0
1818	1107	0
1819	1085	0
1820	1122	0
1821	1115	0
1822	1136	0
1823	1129	0
1824	1090	0
1825	1069	0
1826	1153	0
1827	1037	0
1828	1078	0
1829	1048	0
1830	1058	0
1831	1069	0
1832	1032	0
1833	1049	0
1834	1077	0
1835	1028	0
1836	1004	0
1837	1091	0
1838	993	0
1839	961	0
1840	965	0
1841	937	0
1842	1003	0
1843	989	0
1844	1006	0
1845	999	0
1846	922	0
1847	1041	0
1848	945	0
1849	979	0
1850	942	0
1851	1005	0
1852	999	0
1853	1044	0
1854	986	0
1855	984	0
1856	967	0
1857	942	0
1858	917	0
1859	940	0
1860	949	0
1861	986	0
1862	955	0
1863	910	0
1864	928	0
1865	952	0
1866	868	0
1867	966	0
1868	874	0
1869	901	0
1870	952	0
1871	904	0
1872	846	0
1873	939	0
1874	850	0
1875	850	0
1876	909	0
1877	842	0
1878	880	0
1879	848	0
1880	949	0
1881	823	0
1882	786	0
1883	894	0
1884	843	0
1885	806	0
1886	800	0
1887	823	0
1888	822	0
1889	841	0
1890	823	0
1891	845	0
1892	806	0
1893	788	0
1894	816	0
1895	754	0
1896	782	0
1897	806	0
1898	828	0
1899	790	0
1900	781	0
1901	740	0
1902	752	0
1903	731	0
1904	759	0
1905	716	0
1906	778	0
1907	816	0
1908	765	0
1909	699	0
1910	725	0
1911	707	0
1912	732	0
1913	731	0
1914	701	0
1915	705	0
1916	662	0
1917	687	0
1918	669	0
1919	709	0
1920	749	0
1921	700	0
1922	685	0
1923	710	0
1924	647	0
1925	670	0
1926	654	0
1927	709	0
1928	681	0
1929	666	0
1930	690	0
1931	625	0
1932	621	0
1933	606	0
1934	654	0
1935	617	0
1936	681	0
1937	610	0
1938	645	0
1939	577	0
1940	637	0
1941	587	0
1942	594	0
1943	570	0
1944	613	0
1945	606	0
1946	606	0
1947	583	0
1948	606	0
1949	651	0
1950	578	0
1951	562	0
1952	571	0
1953	605	0
1954	553	0
1955	576	0
1956	579	0
1957	550	0
1958	596	0
1959	537	0
1960	561	0
1961	538	0
1962	529	0
1963	494	0
1964	557	0
1965	539	0
1966	539	0
1967	520	0
1968	508	0
1969	550	0
1970	506	0
1971	495	0
1972	517	0
1973	531	0
1974	527	0
1975	486	0
1976	533	0
1977	472	0
1978	499	0
1979	472	0
1980	506	0
1981	469	0
1982	513	0
1983	469	0
1984	503	0
1985	509	0
1986	493	0
1987	490	0
1988	504	0
1989	490	0
1990	428	0
1991	475	0
1992	429	0
1993	435	0
1994	471	0
1995	435	0
1996	440	0
1997	424	0
1998	439	0
1999	441	0
2000	414	0
2001	434	0
2002	443	0
2003	388	0
2004	416	0
2005	405	0
2006	394	0
2007	396	0
2008	411	0
2009	389	0
2010	421	0
2011	428	0
2012	405	0
2013	375	0
2014	377	0
2015	383	0
2016	345	0
2017	386	0
2018	368	0
2019	377	0
2020	341	0
2021	374	0
2022	391	0
2023	378	0
2024	362	0
2025	345	0
2026	360	0
2027	332	0
2028	337	0
2029	317	0
2030	374	0
2031	390	0
2032	335	0
2033	340	0
2034	351	0
2035	342	0
2036	379	0
2037	342	0
2038	340	0
2039	319	0
2040	353	0
2041	333	0
2042	348	0
2043	325	0
2044	367	0
2045	308	0
2046	364	0
2047	343	0
2048	303	0
2049	348	0
2050	336	0
2051	308	0
2052	306	0
2053	339	0
2054	330	0
2055	339	0
2056	313	0
2057	349	0
2058	290	0
2059	310	0
2060	340	0
2061	327	0
2062	318	0
2063	272	0
2064	326	0
2065	334	0
2066	316	0
2067	307	0
2068	299	0
2069	303	0
2070	340	0
2071	310	0
2072	343	0
2073	313	0
2074	296	0
2075	287	0
2076	337	0
2077	303	0
2078	304	0
2079	308	0
2080	292	0
2081	270	0
2082	309	0
2083	289	0
2084	298	0
2085	308	0
2086	296	0
2087	295	0
2088	293	0
2089	286	0
2090	279	0
2091	294	0
2092	313	0
2093	285	0
2094	296	0
2095	282	0
2096	274	0
2097	284	0
2098	275	0
2099	291	0
2100	310	0
2101	309	0
2102	255	0
2103	304	0
2104	273	0
2105	282	0
2106	284	0
2107	263	0
2108	264	0
2109	309	0
2110	266	0
2111	252	0
2112	251	0
2113	259	0
2114	256	0
2115	272	0
2116	265	0
2117	258	0
2118	277	0
2119	248	0
2120	273	0
2121	270	0
2122	283	0
2123	245	0
2124	251	0
2125	256	0
2126	252	0
2127	266	0
2128	253	0
2129	226	0
2130	232	0
2131	241	0
2132	241	0
2133	230	0
2134	224	0
2135	238	0
2136	199	0
2137	259	0
2138	239	0
2139	228	0
2140	206	0
2141	228	0
2142	241	0
2143	227	0
2144	229	0
2145	216	0
2146	255	0
2147	257	0
2148	210	0
2149	216	0
2150	226	0
2151	196	0
2152	198	0
2153	203	0
2154	219	0
2155	226	0
2156	234	0
2157	223	0
2158	214	0
2159	205	0
2160	222	0
2161	230	0
2162	211	0
2163	206	0
2164	237	0
2165	258	0
2166	230	0
2167	252	0
2168	206	0
2169	206	0
2170	201	0
2171	233	0
2172	229	0
2173	207	0
2174	196	0
2175	211	0
2176	225	0
2177	232	0
2178	209	0
2179	193	0
2180	175	0
2181	230	0
2182	194	0
2183	217	0
2184	182	0
2185	226	0
2186	191	0
2187	180	0
2188	211	0
2189	200	0
2190	191	0
2191	220	0
2192	195	0
2193	199	0
2194	199	0
2195	180	0
2196	192	0
2197	195	0
2198	186	0
2199	194	0
2200	180	0
2201	186	0
2202	215	0
2203	210	0
2204	160	0
2205	191	0
2206	162	0
2207	186	0
2208	200	0
2209	178	0
2210	203	0
2211	175	0
2212	199	0
2213	209	0
2214	219	0
2215	196	0
2216	178	0
2217	174	0
2218	188	0
2219	191	0
2220	219	0
2221	173	0
2222	196	0
2223	209	0
2224	218	0
2225	189	0
2226	189	0
2227	181	0
2228	174	0
2229	191	0
2230	174	0
2231	195	0
2232	155	0
2233	181	0
2234	194	0
2235	206	0
2236	156	0
2237	175	0
2238	184	0
2239	189	0
2240	183	0
2241	168	0
2242	178	0
2243	164	0
2244	191	0
2245	181	0
2246	179	0
2247	176	0
2248	160	0
2249	168	0
2250	171	0
2251	178	0
2252	182	0
2253	207	0
2254	192	0
2255	172	0
2256	199	0
2257	156	0
2258	156	0
2259	168	0
2260	177	0
2261	178	0
2262	169	0
2263	186	0
2264	162	0
2265	176	0
2266	156	0
2267	166	0
2268	175	0
2269	155	0
2270	174	0
2271	148	0
2272	143	0
2273	133	0
2274	148	0
2275	159	0
2276	163	0
2277	174	0
2278	143	0
2279	156	0
2280	139	0
2281	163	0
2282	160	0
2283	147	0
2284	144	0
2285	165	0
2286	144	0
2287	144	0
2288	177	0
2289	136	0
2290	146	0
2291	130	0
2292	154	0
2293	147	0
2294	161	0
2295	135	0
2296	133	0
2297	159	0
2298	125	0
2299	149	0
2300	146	0
2301	137	0
2302	147	0
2303	119	0
2304	136	0
2305	144	0
2306	160	0
2307	120	0
2308	155	0
2309	137	0
2310	137	0
2311	118	0
2312	122	0
2313	136	0
2314	126	0
2315	120	0
2316	138	0
2317	142	0
2318	137	0
2319	140	0
2320	124	0
2321	133	0
2322	126	0
2323	143	0
2324	148	0
2325	156	0
2326	126	0
2327	128	0
2328	138	0
2329	146	0
2330	138	0
2331	136	0
2332	118	0
2333	131	0
2334	122	0
2335	114	0
2336	137	0
2337	139	0
2338	129	0
2339	128	0
2340	128	0
2341	109	0
2342	129	0
2343	136	0
2344	140	0
2345	125	0
2346	129	0
2347	130	0
2348	133	0
2349	138	0
2350	127	0
2351	124	0
2352	144	0
2353	143	0
2354	136	0
2355	129	0
2356	149	0
2357	130	0
2358	113	0
2359	132	0
2360	136	0
2361	112	0
2362	118	0
2363	119	0
2364	154	0
2365	119	0
2366	119	0
2367	137	0
2368	95	0
2369	127	0
2370	126	0
2371	105	0
2372	114	0
2373	114	0
2374	124	0
2375	115	0
2376	109	0
2377	118	0
2378	120	0
2379	111	0
2380	104	0
2381	96	0
2382	105	0
2383	115	0
2384	134	0
2385	108	0
2386	122	0
2387	117	0
2388	99	0
2389	100	0
2390	116	0
2391	109	0
2392	117	0
2393	116	0
2394	107	0
2395	104	0
2396	115	0
2397	99	0
2398	110	0
2399	112	0
2400	110	0
2401	101	0
2402	105	0
2403	124	0
2404	96	0
2405	105	0
2406	93	0
2407	106	0
2408	128	0
2409	108	0
2410	115	0
2411	112	0
2412	102	0
2413	112	0
2414	120	0
2415	98	0
2416	128	0
2417	115	0
2418	91	0
2419	92	0
2420	110	0
2421	104	0
2422	108	0
2423	104	0
2424	109	0
2425	88	0
2426	115	0
2427	104	0
2428	105	0
2429	97	0
2430	95	0
2431	95	0
2432	90	0
2433	82	0
2434	94	0
2435	107	0
2436	110	0
2437	119	0
2438	95	0
2439	115	0
2440	111	0
2441	102	0
2442	95	0
2443	102	0
2444	101	0
2445	87	0
2446	121	0
2447	92	0
2448	85	0
2449	116	0
2450	99	0
2451	104	0
2452	89	0
2453	86	0
2454	107	0
2455	103	0
2456	93	0
2457	108	0
2458	100	0
2459	92	0
2460	87	0
2461	89	0
2462	88	0
2463	94	0
2464	103	0
2465	82	0
2466	93	0
2467	91	0
2468	100	0
2469	91	0
2470	94	0
2471	98	0
2472	97	0
2473	87	0
2474	96	0
2475	92	0
2476	95	0
2477	82	0
2478	92	0
2479	92	0
2480	98	0
2481	94	0
2482	79	0
2483	87	0
2484	81	0
2485	89	0
2486	87	0
2487	87	0
2488	78	0
2489	84	0
2490	95	0
2491	77	0
2492	87	0
2493	78	0
2494	74	0
2495	81	0
2496	84	0
2497	68	0
2498	73	0
2499	94	0
2500	84	0
2501	77	0
2502	80	0
2503	78	0
2504	71	0
2505	69	0
2506	90	0
2507	80	0
2508	113	0
2509	73	0
2510	79	0
2511	82	0
2512	73	0
2513	87	0
2514	97	0
2515	79	0
2516	86	0
2517	87	0
2518	78	0
2519	83	0
2520	99	0
2521	80	0
2522	76	0
2523	85	0
2524	110	0
2525	99	0
2526	119	0
2527	100	0
2528	74	0
2529	83	0
2530	84	0
2531	80	0
2532	87	0
2533	121	0
2534	76	0
2535	80	0
2536	103	0
2537	77	0
2538	100	0
2539	94	0
2540	90	0
2541	75	0
2542	107	0
2543	88	0
2544	107	0
2545	85	0
2546	108	0
2547	81	0
2548	79	0
2549	94	0
2550	86	0
2551	86	0
2552	85	0
2553	78	0
2554	84	0
2555	96	0
2556	98	0
2557	78	0
2558	102	0
2559	99	0
2560	81	0
2561	84	0
2562	84	0
2563	99	0
2564	103	0
2565	88	0
2566	93	0
2567	83	0
2568	77	0
2569	90	0
2570	87	0
2571	82	0
2572	97	0
2573	88	0
2574	80	0
2575	76	0
2576	92	0
2577	84	0
2578	84	0
2579	94	0
2580	88	0
2581	92	0
2582	73	0
2583	81	0
2584	90	0
2585	79	0
2586	81	0
2587	92	0
2588	66	0
2589	93	0
2590	97	0
2591	78	0
2592	85	0
2593	65	0
2594	96	0
2595	79	0
2596	74	0
2597	100	0
2598	72	0
2599	87	0
2600	100	0
2601	81	0
2602	92	0
2603	94	0
2604	81	0
2605	88	0
2606	90	0
2607	70	0
2608	86	0
2609	86	0
2610	92	0
2611	87	0
2612	84	0
2613	93	0
2614	82	0
2615	88	0
2616	97	0
2617	80	0
2618	65	0
2619	99	0
2620	82	0
2621	99	0
2622	84	0
2623	87	0
2624	76	0
2625	76	0
2626	73	0
2627	66	0
2628	106	0
2629	87	0
2630	96	0
2631	74	0
2632	79	0
2633	92	0
2634	83	0
2635	97	0
2636	84	0
2637	81	0
2638	106	0
2639	83	0
2640	91	0
2641	78	0
2642	86	0
2643	93	0
2644	65	0
2645	80	0
2646	85	0
2647	81	0
2648	88	0
2649	94	0
2650	93	0
2651	83	0
2652	90	0
2653	83	0
2654	84	0
2655	90	0
2656	79	0
2657	70	0
2658	85	0
2659	83	0
2660	76	0
2661	101	0
2662	72	0
2663	99	0
2664	79	0
2665	89	0
2666	84	0
2667	72	0
2668	81	0
2669	84	0
2670	82	0
2671	92	0
2672	84	0
2673	84	0
2674	99	0
2675	80	0
2676	73	0
2677	73	0
2678	75	0
2679	80	0
2680	91	0
2681	75	0
2682	88	0
2683	87	0
2684	73	0
2685	72	0
2686	78	0
2687	76	0
2688	83	0
2689	79	0
2690	55	0
2691	80	0
2692	82	0
2693	75	0
2694	67	0
2695	78	0
2696	93	0
2697	70	0
2698	84	0
2699	80	0
2700	64	0
2701	64	0
2702	72	0
2703	81	0
2704	76	0
2705	68	0
2706	81	0
2707	77	0
2708	73	0
2709	65	0
2710	65	0
2711	71	0
2712	62	0
2713	83	0
2714	73	0
2715	58	0
2716	76	0
2717	70	0
2718	86	0
2719	61	0
2720	75	0
2721	64	0
2722	85	0
2723	83	0
2724	62	0
2725	77	0
2726	69	0
2727	70	0
2728	67	0
2729	57	0
2730	73	0
2731	67	0
2732	56	0
2733	64	0
2734	63	0
2735	57	0
2736	66	0
2737	55	0
2738	63	0
2739	77	0
2740	75	0
2741	74	0
2742	66	0
2743	78	0
2744	58	0
2745	75	0
2746	72	0
2747	81	0
2748	65	0
2749	68	0
2750	65	0
2751	64	0
2752	72	0
2753	67	0
2754	72	0
2755	55	0
2756	71	0
2757	77	0
2758	63	0
2759	68	0
2760	79	0
2761	70	0
2762	69	0
2763	68	0
2764	59	0
2765	73	0
2766	71	0
2767	66	0
2768	66	0
2769	55	0
2770	75	0
2771	71	0
2772	80	0
2773	66	0
2774	56	0
2775	71	0
2776	74	0
2777	69	0
2778	67	0
2779	57	0
2780	70	0
2781	57	0
2782	76	0
2783	54	0
2784	64	0
2785	60	0
2786	65	0
2787	64	0
2788	83	0
2789	50	0
2790	57	0
2791	59	0
2792	63	0
2793	51	0
2794	70	0
2795	62	0
2796	70	0
2797	60	0
2798	66	0
2799	52	0
2800	66	0
2801	49	0
2802	63	0
2803	60	0
2804	61	0
2805	56	0
2806	55	0
2807	70	0
2808	64	0
2809	65	0
2810	64	0
2811	69	0
2812	52	0
2813	46	0
2814	64	0
2815	66	0
2816	57	0
2817	82	0
2818	56	0
2819	73	0
2820	72	0
2821	56	0
2822	57	0
2823	53	0
2824	59	0
2825	53	0
2826	58	0
2827	45	0
2828	60	0
2829	65	0
2830	56	0
2831	57	0
2832	69	0
2833	57	0
2834	62	0
2835	56	0
2836	64	0
2837	58	0
2838	57	0
2839	62	0
2840	64	0
2841	63	0
2842	48	0
2843	75	0
2844	53	0
2845	51	0
2846	43	0
2847	69	0
2848	50	0
2849	49	0
2850	66	0
2851	51	0
2852	60	0
2853	54	0
2854	61	0
2855	56	0
2856	56	0
2857	71	0
2858	55	0
2859	61	0
2860	54	0
2861	54	0
2862	46	0
2863	57	0
2864	54	0
2865	50	0
2866	59	0
2867	38	0
2868	42	0
2869	51	0
2870	49	0
2871	48	0
2872	60	0
2873	41	0
2874	52	0
2875	45	0
2876	59	0
2877	44	0
2878	55	0
2879	66	0
2880	56	0
2881	41	0
2882	58	0
2883	50	0
2884	61	0
2885	58	0
2886	45	0
2887	43	0
2888	57	0
2889	48	0
2890	43	0
2891	46	0
2892	52	0
2893	52	0
2894	44	0
2895	49	0
2896	50	0
2897	52	0
2898	44	0
2899	40	0
2900	54	0
2901	53	0
2902	51	0
2903	62	0
2904	50	0
2905	54	0
2906	46	0
2907	54	0
2908	37	0
2909	49	0
2910	52	0
2911	52	0
2912	42	0
2913	63	0
2914	49	0
2915	49	0
2916	44	0
2917	59	0
2918	47	0
2919	54	0
2920	42	0
2921	51	0
2922	45	0
2923	44	0
2924	64	0
2925	49	0
2926	50	0
2927	36	0
2928	44	0
2929	65	0
2930	52	0
2931	52	0
2932	36	0
2933	35	0
2934	45	0
2935	45	0
2936	52	0
2937	51	0
2938	38	0
2939	49	0
2940	59	0
2941	58	0
2942	43	0
2943	47	0
2944	45	0
2945	49	0
2946	39	0
2947	52	0
2948	49	0
2949	44	0
2950	53	0
2951	35	0
2952	43	0
2953	42	0
2954	50	0
2955	42	0
2956	44	0
2957	40	0
2958	44	0
2959	42	0
2960	48	0
2961	45	0
2962	41	0
2963	54	0
2964	51	0
2965	56	0
2966	42	0
2967	56	0
2968	48	0
2969	44	0
2970	41	0
2971	44	0
2972	47	0
2973	44	0
2974	46	0
2975	43	0
2976	42	0
2977	47	0
2978	58	0
2979	51	0
2980	48	0
2981	42	0
2982	41	0
2983	48	0
2984	53	0
2985	44	0
2986	49	0
2987	42	0
2988	51	0
2989	61	0
2990	37	0
2991	39	0
2992	41	0
2993	49	0
2994	41	0
2995	39	0
2996	42	0
2997	42	0
2998	47	0
2999	44	0
3000	42	0
3001	53	0
3002	33	0
3003	45	0
3004	42	0
3005	46	0
3006	41	0
3007	50	0
3008	37	0
3009	41	0
3010	30	0
3011	37	0
3012	54	0
3013	35	0
3014	32	0
3015	35	0
3016	43	0
3017	44	0
3018	40	0
3019	30	0
3020	46	0
3021	43	0
3022	29	0
3023	33	0
3024	36	0
3025	36	0
3026	42	0
3027	38	0
3028	31	0
3029	39	0
3030	30	0
3031	42	0
3032	35	0
3033	30	0
3034	34	0
3035	29	0
3036	44	0
3037	37	0
3038	45	0
3039	39	0
3040	34	0
3041	24	0
3042	39	0
3043	25	0
3044	51	0
3045	38	0
3046	30	0
3047	28	0
3048	34	0
3049	38	0
3050	38	0
3051	36	0
3052	37	0
3053	24	0
3054	41	0
3055	29	0
3056	32	0
3057	30	0
3058	40	0
3059	35	0
3060	24	0
3061	26	0
3062	28	0
3063	37	0
3064	35	0
3065	26	0
3066	29	0
3067	23	0
3068	39	0
3069	28	0
3070	22	0
3071	30	0
3072	26	0
3073	21	0
3074	27	0
3075	24	0
3076	20	0
3077	36	0
3078	25	0
3079	30	0
3080	22	0
3081	39	0
3082	23	0
3083	20	0
3084	35	0
3085	21	0
3086	28	0
3087	23	0
3088	31	0
3089	28	0
3090	26	0
3091	26	0
3092	33	0
3093	17	0
3094	21	0
3095	21	0
3096	27	0
3097	30	0
3098	23	0
3099	15	0
3100	26	0
3101	21	0
3102	21	0
3103	26	0
3104	25	0
3105	31	0
3106	21	0
3107	22	0
3108	21	0
3109	25	0
3110	17	0
3111	27	0
3112	27	0
3113	26	0
3114	24	0
3115	23	0
3116	28	0
3117	20	0
3118	17	0
3119	35	0
3120	32	0
3121	20	0
3122	20	0
3123	20	0
3124	18	0
3125	29	0
3126	22	0
3127	22	0
3128	30	0
3129	26	0
3130	19	0
3131	29	0
3132	25	0
3133	19	0
3134	20	0
3135	24	0
3136	28	0
3137	20	0
3138	25	0
3139	32	0
3140	24	0
3141	17	0
3142	19	0
3143	23	0
3144	16	0
3145	24	0
3146	20	0
3147	23	0
3148	22	0
3149	9	0
3150	20	0
3151	15	0
3152	21	0
3153	14	0
3154	18	0
3155	22	0
3156	18	0
3157	12	0
3158	16	0
3159	21	0
3160	11	0
3161	25	0
3162	14	0
3163	19	0
3164	23	0
3165	20	0
3166	21	0
3167	13	0
3168	13	0
3169	14	0
3170	16	0
3171	17	0
3172	15	0
3173	16	0
3174	18	0
3175	15	0
3176	8	0
3177	14	0
3178	9	0
3179	14	0
3180	16	0
3181	9	0
3182	14	0
3183	16	0
3184	8	0
3185	11	0
3186	13	0
3187	16	0
3188	10	0
3189	14	0
3190	9	0
3191	14	0
3192	10	0
3193	16	0
3194	16	0
3195	9	0
3196	10	0
3197	14	0
3198	16	0
3199	14	0
3200	11	0
3201	15	0
3202	14	0
3203	7	0
3204	14	0
3205	14	0
3206	9	0
3207	11	0
3208	13	0
3209	8	0
3210	20	0
3211	10	0
3212	11	0
3213	10	0
3214	6	0
3215	10	0
3216	9	0
3217	7	0
3218	7	0
3219	12	0
3220	11	0
3221	9	0
3222	8	0
3223	3	0
3224	9	0
3225	12	0
3226	8	0
3227	13	0
3228	6	0
3229	11	0
3230	9	0
3231	11	0
3232	7	0
3233	8	0
3234	8	0
3235	11	0
3236	12	0
3237	10	0
3238	11	0
3239	11	0
3240	8	0
3241	13	0
3242	7	0
3243	7	0
3244	3	0
3245	8	0
3246	6	0
3247	9	0
3248	5	0
3249	4	0
3250	4	0
3251	1	0
3252	1	0
3253	7	0
3254	7	0
3255	1	0
3256	6	0
3257	4	0
3258	3	0
3259	6	0
3260	6	0
3261	5	0
3262	12	0
3263	3	0
3264	5	0
3265	3	0
3266	4	0
3267	7	0
3268	6	0
3269	5	0
3270	4	0
3271	2	0
3272	7	0
3273	6	0
3274	2	0
3275	5	0
3276	3	0
3277	6	0
3278	6	0
3279	4	0
3280	9	0
3281	5	0
3282	3	0
3283	5	0
3284	7	0
3285	5	0
3286	7	0
3287	3	0
3288	6	0
3289	5	0
3290	8	0
3291	4	0
3292	3	0
3293	5	0
3294	3	0
3295	8	0
3296	2	0
3297	7	0
3298	4	0
3299	4	0
3300	4	0
3301	2	0
3302	4	0
3303	5	0
3304	3	0
3305	4	0
3306	4	0
3307	3	0
3308	4	0
3309	4	0
3310	4	0
3311	4	0
3312	8	0
3313	7	0
3314	2	0
3315	6	0
3316	1	0
3317	3	0
3318	3	0
3319	2	0
3320	3	0
3321	3	0
3322	2	0
3323	2	0
3324	2	0
3325	5	0
3326	3	0
3327	4	0
3328	2	0
3329	6	0
3330	4	0
3331	6	0
3332	2	0
3333	5	0
3334	2	0
3335	2	0
3336	2	0
3337	1	0
3338	1	0
3339	5	0
3340	6	0
3341	5	0
3342	7	0
3343	3	0
3344	4	0
3345	3	0
3346	3	0
3347	6	0
3348	3	0
3349	2	0
3350	3	0
3351	1	0
3352	5	0
3353	5	0
3354	5	0
3355	0	0
3356	2	0
3357	4	0
3358	1	0
3359	8	0
3360	3	0
3361	7	0
3362	3	0
3363	1	0
3364	4	0
3365	2	0
3366	4	0
3367	5	0
3368	6	0
3369	2	0
3370	6	0
3371	4	0
3372	2	0
3373	4	0
3374	2	0
3375	1	0
3376	6	0
3377	4	0
3378	1	0
3379	0	0
3380	3	0
3381	3	0
3382	3	0
3383	3	0
3384	2	0
3385	1	0
3386	2	0
3387	1	0
3388	1	0
3389	2	0
3390	2	0
3391	0	0
3392	2	0
3393	3	0
3394	4	0
3395	1	0
3396	2	0
3397	2	0
3398	2	0
3399	3	0
3400	1	0
3401	2	0
3402	0	0
3403	1	0
3404	1	0
3405	1	0
3406	3	0
3407	1	0
3408	1	0
3409	0	0
3410	0	0
3411	1	0
3412	1	0
3413	0	0
3414	0	0
3415	1	0
3416	0	0
3417	0	0
3418	0	0
3419	0	0
3420	1	0
3421	0	0
3422	1	0
3423	0	0
3424	1	0
3425	3	0
3426	1	0
3427	1	0
3428	1	0
3429	1	0
3430	0	0
3431	0	0
3432	1	0
3433	4	0
3434	1	0
3435	1	0
3436	0	0
3437	1	0
3438	0	0
3439	2	0
3440	1	0
3441	0	0
3442	2	0
3443	0	0
3444	1	0
3445	2	0
3446	1	0
3447	1	0
3448	2	0
3449	3	0
3450	2	0
3451	1	0
3452	2	0
3453	0	0
3454	1	0
3455	1	0
3456	2	0
3457	1	0
3458	0	0
3459	1	0
3460	0	0
3461	0	0
3462	2	0
3463	0	0
3464	2	0
3465	2	0
3466	0	0
3467	0	0
3468	1	0
3469	0	0
3470	0	0
3471	0	0
3472	1	0
3473	0	0
3474	0	0
3475	0	0
3476	1	0
3477	1	0
3478	1	0
3479	2	0
3480	0	0
3481	0	0
3482	0	0
3483	1	0
3484	1	0
3485	0	0
3486	4	0
3487	2	0
3488	1	0
3489	0	0
3490	0	0
3491	2	0
3492	1	0
3493	2	0
3494	0	0
3495	0	0
3496	1	0
3497	0	0
3498	1	0
3499	1	0
3500	0	0
3501	2	0
3502	2	0
3503	1	0
3504	0	0
3505	0	0
3506	1	0
3507	2	0
3508	1	0
3509	0	0
3510	0	0
3511	0	0
3512	1	0
3513	1	0
3514	1	0
3515	1	0
3516	1	0
3517	2	0
3518	0	0
3519	2	0
3520	0	0
3521	1	0
3522	1	0
3523	0	0
3524	0	0
3525	1	0
3526	1	0
3527	0	0
3528	2	0
3529	1	0
3530	1	0
3531	0	0
3532	0	0
3533	0	0
3534	0	0
3535	1	0
3536	0	0
3537	0	0
3538	1	0
3539	0	0
3540	0	0
3541	0	0
3542	1	0
3543	1	0
3544	0	0
3545	1	0
3546	0	0
3547	0	0
3548	1	0
3549	0	0
3550	1	0
3551	1	0
3552	0	0
3553	1	0
3554	2	0
3555	0	0
3556	0	0
3557	0	0
3558	0	0
3559	0	0
3560	1	0
3561	0	0
3562	0	0
3563	0	0
3564	1	0
3565	0	0
3566	0	0
3567	0	0
3568	0	0
3569	1	0
3570	0	0
3571	2	0
3572	1	0
3573	0	0
3574	0	0
3575	0	0
3576	1	0
3577	1	0
3578	0	0
3579	0	0
3580	2	0
3581	0	0
3582	0	0
3583	0	0
3584	0	0
3585	1	0
3586	3	0
3587	0	0
3588	2	0
3589	2	0
3590	0	0
3591	0	0
3592	0	0
3593	1	0
3594	0	0
3595	1	0
3596	2	0
3597	1	0
3598	0	0
3599	1	0
3600	0	0
3601	1	0
3602	0	0
3603	0	0
3604	2	0
3605	1	0
3606	0	0
3607	0	0
3608	3	0
3609	0	0
3610	0	0
3611	0	0
3612	1	0
3613	0	0
3614	1	0
3615	1	0
3616	1	0
3617	0	0
3618	2	0
3619	1	0
3620	0	0
3621	1	0
3622	1	0
3623	2	0
3624	2	0
3625	1	0
3626	1	0
3627	1	0
3628	0	0
3629	1	0
3630	3	0
3631	3	0
3632	0	0
3633	2	0
3634	1	0
3635	1	0
3636	0	0
3637	2	0
3638	1	0
3639	3	0
3640	0	0
3641	1	0
3642	1	0
3643	2	0
3644	3	0
3645	1	0
3646	1	0
3647	1	0
3648	1	0
3649	0	0
3650	3	0
3651	0	0
3652	1	0
3653	1	0
3654	0	0
3655	2	0
3656	2	0
3657	0	0
3658	0	0
3659	2	0
3660	3	0
3661	0	0
3662	1	0
3663	2	0
3664	2	0
3665	1	0
3666	1	0
3667	1	0
3668	1	0
3669	2	0
3670	0	0
3671	1	0
3672	1	0
3673	0	0
3674	1	0
3675	2	0
3676	1	0
3677	1	0
3678	0	0
3679	1	0
3680	1	0
3681	2	0
3682	2	0
3683	1	0
3684	1	0
3685	1	0
3686	1	0
3687	0	0
3688	0	0
3689	0	0
3690	1	0
3691	1	0
3692	0	0
3693	0	0
3694	0	0
3695	1	0
3696	1	0
3697	1	0
3698	0	0
3699	0	0
3700	1	0
3701	2	0
3702	2	0
3703	1	0
3704	0	0
3705	1	0
3706	2	0
3707	0	0
3708	2	0
3709	2	0
3710	1	0
3711	0	0
3712	2	0
3713	2	0
3714	1	0
3715	1	0
3716	1	0
3717	0	0
3718	3	0
3719	1	0
3720	0	0
3721	0	0
3722	2	0
3723	0	0
3724	0	0
3725	2	0
3726	2	0
3727	0	0
3728	0	0
3729	1	0
3730	2	0
3731	1	0
3732	1	0
3733	0	0
3734	0	0
3735	0	0
3736	1	0
3737	1	0
3738	1	0
3739	1	0
3740	0	0
3741	1	0
3742	2	0
3743	0	0
3744	1	0
3745	2	0
3746	1	0
3747	0	0
3748	1	0
3749	2	0
3750	0	0
3751	1	0
3752	0	0
3753	1	0
3754	0	0
3755	0	0
3756	2	0
3757	1	0
3758	1	0
3759	1	0
3760	1	0
3761	0	0
3762	1	0
3763	3	0
3764	0	0
3765	0	0
3766	1	0
3767	1	0
3768	1	0
3769	1	0
3770	0	0
3771	2	0
3772	0	0
3773	0	0
3774	0	0
3775	0	0
3776	0	0
3777	0	0
3778	0	0
3779	1	0
3780	0	0
3781	0	0
3782	0	0
3783	1	0
3784	0	0
3785	1	0
3786	0	0
3787	0	0
3788	0	0
3789	0	0
3790	0	0
3791	1	0
3792	0	0
3793	0	0
3794	0	0
3795	1	0
3796	1	0
3797	2	0
3798	0	0
3799	1	0
3800	0	0
3801	1	0
3802	1	0
3803	0	0
3804	0	0
3805	0	0
3806	1	0
3807	2	0
3808	0	0
3809	1	0
3810	3	0
3811	0	0
3812	0	0
3813	0	0
3814	1	0
3815	1	0
3816	1	0
3817	0	0
3818	0	0
3819	0	0
3820	1	0
3821	2	0
3822	1	0
3823	1	0
3824	1	0
3825	1	0
3826	1	0
3827	0	0
3828	3	0
3829	1	0
3830	1	0
3831	1	0
3832	0	0
3833	0	0
3834	2	0
3835	0	0
3836	2	0
3837	0	0
3838	1	0
3839	0	0
3840	2	0
3841	0	0
3842	2	0
3843	2	0
3844	1	0
3845	1	0
3846	2	0
3847	1	0
3848	0	0
3849	0	0
3850	3	0
3851	2	0
3852	0	0
3853	0	0
3854	0	0
3855	1	0
3856	0	0
3857	2	0
3858	1	0
3859	3	0
3860	0	0
3861	0	0
3862	1	0
3863	0	0
3864	0	0
3865	0	0
3866	1	0
3867	3	0
3868	0	0
3869	0	0
3870	1	0
3871	1	0
3872	0	0
3873	1	0
3874	1	0
3875	1	0
3876	2	0
3877	1	0
3878	0	0
3879	1	0
3880	1	0
3881	2	0
3882	3	0
3883	0	0
3884	0	0
3885	1	0
3886	1	0
3887	1	0
3888	0	0
3889	1	0
3890	1	0
3891	4	0
3892	2	0
3893	2	0
3894	0	0
3895	0	0
3896	1	0
3897	0	0
3898	1	0
3899	1	0
3900	2	0
3901	1	0
3902	1	0
3903	1	0
3904	0	0
3905	1	0
3906	0	0
3907	1	0
3908	2	0
3909	0	0
3910	0	0
3911	0	0
3912	0	0
3913	1	0
3914	0	0
3915	2	0
3916	0	0
3917	1	0
3918	2	0
3919	1	0
3920	1	0
3921	1	0
3922	0	0
3923	1	0
3924	0	0
3925	2	0
3926	1	0
3927	2	0
3928	0	0
3929	0	0
3930	1	0
3931	0	0
3932	2	0
3933	2	0
3934	2	0
3935	1	0
3936	1	0
3937	0	0
3938	0	0
3939	0	0
3940	1	0
3941	1	0
3942	0	0
3943	1	0
3944	1	0
3945	0	0
3946	0	0
3947	3	0
3948	0	0
3949	0	0
3950	0	0
3951	0	0
3952	0	0
3953	2	0
3954	2	0
3955	1	0
3956	3	0
3957	0	0
3958	1	0
3959	1	0
3960	1	0
3961	1	0
3962	1	0
3963	0	0
3964	0	0
3965	1	0
3966	0	0
3967	0	0
3968	0	0
3969	0	0
3970	2	0
3971	0	0
3972	1	0
3973	0	0
3974	1	0
3975	0	0
3976	0	0
3977	4	0
3978	0	0
3979	1	0
3980	0	0
3981	1	0
3982	0	0
3983	1	0
3984	1	0
3985	1	0
3986	1	0
3987	4	0
3988	2	0
3989	1	0
3990	1	0
3991	1	0
3992	0	0
3993	1	0
3994	0	0
3995	0	0
3996	1	0
3997	0	0
3998	0	0
3999	0	0
4000	0	0
4001	0	0
4002	0	0
4003	1	0
4004	0	0
4005	0	0
4006	0	0
4007	0	0
4008	0	0
4009	0	0
4010	0	0
4011	0	0
4012	0	0
4013	1	0
4014	0	0
4015	1	0
4016	1	0
4017	0	0
4018	1	0
4019	0	0
4020	2	0
4021	2	0
4022	2	0
4023	2	0
4024	2	0
4025	1	0
4026	0	0
4027	0	0
4028	2	0
4029	0	0
4030	0	0
4031	0	0
4032	0	0
4033	0	0
4034	1	0
4035	0	0
4036	0	0
4037	1	0
4038	1	0
4039	0	0
4040	2	0
4041	1	0
4042	1	0
4043	1	0
4044	0	0
4045	0	0
4046	0	0
4047	1	0
4048	1	0
4049	0	0
4050	0	0
4051	0	0
4052	0	0
4053	1	0
4054	0	0
4055	0	0
4056	0	0
4057	0	0
4058	0	0
4059	0	0
4060	1	0
4061	0	0
4062	2	0
4063	1	0
4064	0	0
4065	0	0
4066	0	0
4067	1	0
4068	0	0
4069	0	0
4070	1	0
4071	0	0
4072	0	0
4073	0	0
4074	0	0
4075	2	0
4076	0	0
4077	0	0
4078	0	0
4079	0	0
4080	0	0
4081	1	0
4082	1	0
4083	0	0
4084	2	0
4085	0	0
4086	1	0
4087	0	0
4088	0	0
4089	0	0
4090	0	0
4091	0	0
4092	1	0
4093	0	0
4094	1	0
4095	0	0
4096	1	0
4097	0	0
4098	0	0
4099	0	0
4100	0	0
4101	0	0
4102	1	0
4103	0	0
4104	2	0
4105	1	0
4106	0	0
4107	1	0
4108	0	0
4109	1	0
4110	0	0
4111	0	0
4112	1	0
4113	0	0
4114	0	0
4115	1	0
4116	1	0
4117	0	0
4118	2	0
4119	0	0
4120	0	0
4121	1	0
4122	0	0
4123	0	0
4124	1	0
4125	0	0
4126	2	0
4127	0	0
4128	1	0
4129	1	0
4130	1	0
4131	1	0
4132	0	0
4133	0	0
4134	0	0
4135	2	0
4136	1	0
4137	0	0
4138	0	0
4139	0	0
4140	1	0
4141	0	0
4142	0	0
4143	0	0
4144	1	0
4145	0	0
4146	0	0
4147	1	0
4148	0	0
4149	1	0
4150	0	0
4151	0	0
4152	2	0
4153	0	0
4154	1	0
4155	0	0
4156	0	0
4157	0	0
4158	0	0
4159	0	0
4160	2	0
4161	1	0
4162	0	0
4163	0	0
4164	1	0
4165	1	0
4166	0	0
4167	0	0
4168	0	0
4169	0	0
4170	0	0
4171	1	0
4172	1	0
4173	3	0
4174	0	0
4175	0	0
4176	0	0
4177	0	0
4178	1	0
4179	2	0
4180	1	0
4181	1	0
4182	0	0
4183	1	0
4184	2	0
4185	1	0
4186	0	0
4187	1	0
4188	0	0
4189	1	0
4190	0	0
4191	1	0
4192	0	0
4193	0	0
4194	0	0
4195	0	0
4196	1	0
4197	0	0
4198	0	0
4199	1	0
4200	0	0
4201	0	0
4202	1	0
4203	2	0
4204	0	0
4205	1	0
4206	0	0
4207	0	0
4208	0	0
4209	1	0
4210	0	0
4211	0	0
4212	1	0
4213	1	0
4214	1	0
4215	1	0
4216	0	0
4217	0	0
4218	0	0
4219	0	0
4220	0	0
4221	2	0
4222	1	0
4223	0	0
4224	0	0
4225	0	0
4226	1	0
4227	0	0
4228	0	0
4229	1	0
4230	0	0
4231	0	0
4232	0	0
4233	0	0
4234	0	0
4235	0	0
4236	0	0
4237	0	0
4238	1	0
4239	0	0
4240	0	0
4241	0	0
4242	0	0
4243	2	0
4244	0	0
4245	0	0
4246	0	0
4247	0	0
4248	1	0
4249	0	0
4250	1	0
4251	1	0
4252	1	0
4253	2	0
4254	0	0
4255	0	0
4256	0	0
4257	1	0
4258	0	0
4259	2	0
4260	1	0
4261	1	0
4262	0	0
4263	0	0
4264	0	0
4265	1	0
4266	0	0
4267	1	0
4268	2	0
4269	0	0
4270	1	0
4271	0	0
4272	0	0
4273	0	0
4274	0	0
4275	0	0
4276	0	0
4277	0	0
4278	1	0
4279	1	0
4280	1	0
4281	0	0
4282	0	0
4283	0	0
4284	0	0
4285	1	0
4286	2	0
4287	0	0
4288	0	0
4289	1	0
4290	1	0
4291	1	0
4292	1	0
4293	0	0
4294	0	0
4295	0	0
4296	1	0
4297	0	0
4298	1	0
4299	0	0
4300	1	0
4301	0	0
4302	0	0
4303	1	0
4304	0	0
4305	0	0
4306	1	0
4307	1	0
4308	0	0
4309	1	0
4310	0	0
4311	0	0
4312	0	0
4313	0	0
4314	0	0
4315	1	0
4316	0	0
4317	0	0
4318	1	0
4319	0	0
4320	0	0
4321	1	0
4322	0	0
4323	0	0
4324	1	0
4325	1	0
4326	1	0
4327	1	0
4328	1	0
4329	1	0
4330	0	0
4331	1	0
4332	0	0
4333	0	0
4334	1	0
4335	0	0
4336	3	0
4337	0	0
4338	1	0
4339	0	0
4340	1	0
4341	0	0
4342	2	0
4343	0	0
4344	0	0
4345	0	0
4346	1	0
4347	0	0
4348	0	0
4349	1	0
4350	0	0
4351	1	0
4352	1	0
4353	0	0
4354	2	0
4355	2	0
4356	0	0
4357	0	0
4358	1	0
4359	2	0
4360	0	0
4361	0	0
4362	0	0
4363	0	0
4364	2	0
4365	2	0
4366	1	0
4367	1	0
4368	1	0
4369	0	0
4370	1	0
4371	1	0
4372	1	0
4373	0	0
4374	1	0
4375	0	0
4376	2	0
4377	0	0
4378	0	0
4379	1	0
4380	0	0
4381	0	0
4382	1	0
4383	0	0
4384	2	0
4385	0	0
4386	1	0
4387	1	0
4388	1	0
4389	0	0
4390	0	0
4391	1	0
4392	0	0
4393	1	0
4394	0	0
4395	1	0
4396	1	0
4397	0	0
4398	0	0
4399	0	0
4400	0	0
4401	0	0
4402	1	0
4403	0	0
4404	0	0
4405	0	0
4406	0	0
4407	1	0
4408	0	0
4409	0	0
4410	1	0
4411	0	0
4412	0	0
4413	2	0
4414	0	0
4415	1	0
4416	0	0
4417	1	0
4418	0	0
4419	0	0
4420	1	0
4421	0	0
4422	0	0
4423	0	0
4424	0	0
4425	0	0
4426	0	0
4427	0	0
4428	0	0
4429	0	0
4430	0	0
4431	0	0
4432	0	0
4433	0	0
4434	3	0
4435	0	0
4436	0	0
4437	1	0
4438	0	0
4439	0	0
4440	2	0
4441	0	0
4442	0	0
4443	2	0
4444	0	0
4445	0	0
4446	1	0
4447	0	0
4448	1	0
4449	0	0
4450	0	0
4451	0	0
4452	0	0
4453	0	0
4454	1	0
4455	2	0
4456	1	0
4457	0	0
4458	1	0
4459	0	0
4460	0	0
4461	0	0
4462	1	0
4463	0	0
4464	1	0
4465	2	0
4466	1	0
4467	1	0
4468	1	0
4469	1	0
4470	0	0
4471	0	0
4472	0	0
4473	1	0
4474	0	0
4475	2	0
4476	0	0
4477	0	0
4478	0	0
4479	0	0
4480	1	0
4481	1	0
4482	0	0
4483	0	0
4484	0	0
4485	1	0
4486	1	0
4487	1	0
4488	1	0
4489	1	0
4490	1	0
4491	0	0
4492	1	0
4493	1	0
4494	0	0
4495	0	0
4496	1	0
4497	1	0
4498	0	0
4499	0	0
4500	0	0
4501	2	0
4502	0	0
4503	1	0
4504	0	0
4505	1	0
4506	0	0
4507	0	0
4508	0	0
4509	0	0
4510	0	0
4511	0	0
4512	0	0
4513	0	0
4514	0	0
4515	1	0
4516	0	0
4517	1	0
4518	1	0
4519	0	0
4520	0	0
4521	1	0
4522	0	0
4523	0	0
4524	0	0
4525	1	0
4526	0	0
4527	1	0
4528	1	0
4529	0	0
4530	0	0
4531	0	0
4532	0	0
4533	0	0
4534	1	0
4535	0	0
4536	1	0
4537	0	0
4538	1	0
4539	1	0
4540	0	0
4541	1	0
4542	0	0
4543	0	0
4544	0	0
4545	1	0
4546	0	0
4547	0	0
4548	0	0
4549	1	0
4550	0	0
4551	1	0
4552	0	0
4553	2	0
4554	0	0
4555	0	0
4556	1	0
4557	1	0
4558	0	0
4559	1	0
4560	1	0
4561	2	0
4562	0	0
4563	1	0
4564	0	0
4565	0	0
4566	2	0
4567	1	0
4568	0	0
4569	0	0
4570	0	0
4571	1	0
4572	0	0
4573	0	0
4574	0	0
4575	2	0
4576	0	0
4577	2	0
4578	0	0
4579	3	0
4580	0	0
4581	1	0
4582	2	0
4583	0	0
4584	2	0
4585	0	0
4586	0	0
4587	0	0
4588	0	0
4589	0	0
4590	0	0
4591	0	0
4592	0	0
4593	0	0
4594	2	0
4595	0	0
4596	1	0
4597	0	0
4598	1	0
4599	1	0
4600	1	0
4601	1	0
4602	0	0
4603	0	0
4604	0	0
4605	0	0
4606	2	0
4607	1	0
4608	1	0
4609	0	0
4610	0	0
4611	1	0
4612	1	0
4613	1	0
4614	1	0
4615	1	0
4616	1	0
4617	0	0
4618	0	0
4619	0	0
4620	0	0
4621	2	0
4622	0	0
4623	1	0
4624	0	0
4625	0	0
4626	1	0
4627	0	0
4628	1	0
4629	0	0
4630	0	0
4631	2	0
4632	0	0
4633	1	0
4634	0	0
4635	0	0
4636	0	0
4637	0	0
4638	1	0
4639	0	0
4640	0	0
4641	0	0
4642	0	0
4643	0	0
4644	2	0
4645	1	0
4646	0	0
4647	1	0
4648	1	0
4649	1	0
4650	0	0
4651	1	0
4652	1	0
4653	1	0
4654	0	0
4655	0	0
4656	1	0
4657	0	0
4658	0	0
4659	1	0
4660	0	0
4661	0	0
4662	0	0
4663	0	0
4664	0	0
4665	0	0
4666	1	0
4667	2	0
4668	0	0
4669	1	0
4670	2	0
4671	0	0
4672	0	0
4673	1	0
4674	2	0
4675	2	0
4676	1	0
4677	0	0
4678	1	0
4679	1	0
4680	0	0
4681	0	0
4682	2	0
4683	3	0
4684	2	0
4685	0	0
4686	0	0
4687	1	0
4688	0	0
4689	0	0
4690	0	0
4691	0	0
4692	1	0
4693	0	0
4694	0	0
4695	0	0
4696	0	0
4697	1	0
4698	1	0
4699	0	0
4700	1	0
4701	0	0
4702	0	0
4703	0	0
4704	1	0
4705	1	0
4706	0	0
4707	2	0
4708	0	0
4709	0	0
4710	0	0
4711	1	0
4712	1	0
4713	0	0
4714	1	0
4715	0	0
4716	2	0
4717	1	0
4718	0	0
4719	0	0
4720	0	0
4721	1	0
4722	0	0
4723	0	0
4724	0	0
4725	0	0
4726	1	0
4727	0	0
4728	1	0
4729	0	0
4730	1	0
4731	0	0
4732	0	0
4733	0	0
4734	0	0
4735	0	0
4736	1	0
4737	1	0
4738	0	0
4739	1	0
4740	1	0
4741	1	0
4742	0	0
4743	0	0
4744	0	0
4745	0	0
4746	1	0
4747	0	0
4748	0	0
4749	0	0
4750	1	0
4751	1	0
4752	0	0
4753	0	0
4754	1	0
4755	2	0
4756	0	0
4757	0	0
4758	0	0
4759	0	0
4760	1	0
4761	0	0
4762	1	0
4763	0	0
4764	0	0
4765	1	0
4766	1	0
4767	3	0
4768	0	0
4769	0	0
4770	2	0
4771	1	0
4772	1	0
4773	0	0
4774	3	0
4775	0	0
4776	0	0
4777	2	0
4778	0	0
4779	0	0
4780	0	0
4781	0	0
4782	1	0
4783	2	0
4784	0	0
4785	1	0
4786	0	0
4787	0	0
4788	0	0
4789	0	0
4790	1	0
4791	0	0
4792	1	0
4793	1	0
4794	0	0
4795	0	0
4796	1	0
4797	0	0
4798	0	0
4799	1	0
4800	0	0
4801	0	0
4802	0	0
4803	0	0
4804	0	0
4805	0	0
4806	3	0
4807	1	0
4808	0	0
4809	1	0
4810	0	0
4811	0	0
4812	1	0
4813	0	0
4814	1	0
4815	0	0
4816	0	0
4817	0	0
4818	0	0
4819	1	0
4820	0	0
4821	1	0
4822	0	0
4823	0	0
4824	0	0
4825	0	0
4826	0	0
4827	0	0
4828	2	0
4829	0	0
4830	1	0
4831	1	0
4832	0	0
4833	1	0
4834	2	0
4835	0	0
4836	0	0
4837	0	0
4838	0	0
4839	1	0
4840	0	0
4841	1	0
4842	1	0
4843	3	0
4844	2	0
4845	1	0
4846	0	0
4847	1	0
4848	1	0
4849	0	0
4850	1	0
4851	0	0
4852	0	0
4853	1	0
4854	0	0
4855	1	0
4856	1	0
4857	1	0
4858	0	0
4859	0	0
4860	1	0
4861	1	0
4862	0	0
4863	1	0
4864	1	0
4865	0	0
4866	0	0
4867	0	0
4868	0	0
4869	1	0
4870	2	0
4871	0	0
4872	0	0
4873	0	0
4874	2	0
4875	1	0
4876	0	0
4877	1	0
4878	0	0
4879	2	0
4880	1	0
4881	1	0
4882	3	0
4883	0	0
4884	1	0
4885	0	0
4886	0	0
4887	0	0
4888	0	0
4889	1	0
4890	0	0
4891	1	0
4892	1	0
4893	1	0
4894	1	0
4895	2	0
4896	1	0
4897	1	0
4898	0	0
4899	0	0
4900	0	0
4901	0	0
4902	0	0
4903	1	0
4904	0	0
4905	1	0
4906	1	0
4907	1	0
4908	0	0
4909	1	0
4910	1	0
4911	0	0
4912	1	0
4913	1	0
4914	0	0
4915	0	0
4916	0	0
4917	0	0
4918	0	0
4919	0	0
4920	2	0
4921	0	0
4922	0	0
4923	0	0
4924	0	0
4925	1	0
4926	0	0
4927	0	0
4928	1	0
4929	0	0
4930	0	0
4931	0	0
4932	0	0
4933	0	0
4934	0	0
4935	0	0
4936	0	0
4937	1	0
4938	0	0
4939	0	0
4940	0	0
4941	0	0
4942	0	0
4943	0	0
4944	0	0
4945	0	0
4946	0	0
4947	1	0
4948	0	0
4949	0	0
4950	0	0
4951	0	0
4952	1	0
4953	1	0
4954	0	0
4955	0	0
4956	0	0
4957	0	0
4958	0	0
4959	0	0
4960	0	0
4961	0	0
4962	0	0
4963	0	0
4964	0	0
4965	0	0
4966	0	0
4967	1	0
4968	0	0
4969	0	0
4970	0	0
4971	0	0
4972	0	0
4973	0	0
4974	0	0
4975	0	0
4976	1	0
4977	0	0
4978	0	0
4979	0	0
4980	1	0
4981	0	0
4982	0	0
4983	0	0
4984	0	0
4985	1	0
4986	0	0
4987	0	0
4988	0	0
4989	0	0
4990	0	0
4991	0	0
4992	0	0
4993	0	0
4994	0	0
4995	0	0
4996	2	0
4997	1	0
4998	0	0
4999	0	0
5000	2039	0

