Detected variants
Location Expected abundance Observed Abundance Difference(%)
11181327 18.0 17.6 2.27273
11190646 18.0 18.9 4.7619
11254597 26.0 29.2 10.9589
27056285 32.0 30.8 3.8961
27100181 33.0 28.3 16.60777
46738433 33.0 30.8 7.14286
65310489 39.0 37.5 4.0
65312342 32.0 29.3 9.21502
115256530 9.0 10.3 12.62136
120458004 37.0 37.9 2.37467
120471800 30.0 28.8 4.16667
120611964 34.0 42.4 19.81132
120612006 32.0 40.3 20.59553
156814027 46.0 46.5 1.07527
156846233 46.0 48.3 4.7619
156846307 28.0 27.8 0.71942
156848995 51.0 47.4 7.59494
162737116 25.0 29.8 16.10738
25469502 13.0 17.6 26.13636
29416326 34.0 30.7 10.74919
29416366 52.0 51.2 1.5625
29416615 29.0 31.2 7.05128
29543736 32.0 31.0 3.22581
30143058 35.0 31.2 12.17949
30143499 100.0 91.6 9.17031
47601106 100.0 99.9 0.1001
48018236 22.0 29.8 26.1745
48027921 36.0 26.1 37.93103
178095900 35.0 27.7 26.35379
198257795 31.0 30.2 2.64901
198265526 19.0 29.6 35.81081
198283305 17.0 29.7 42.76094
215632255 42.0 37.5 12.0
215645464 41.0 40.5 1.23457
215645545 33.0 28.9 14.18685
10088266 17.0 31.1 45.33762
10088299 16.0 33.6 52.38095
10088308 16.0 34.2 53.21637
10088343 21.0 34.9 39.82808
10088404 25.0 34.4 27.32558
10088407 23.0 34.6 33.52601
10138019 24.0 30.5 21.31148
12475557 22.0 21.0 4.7619
12645007 57.0 28.6 99.3007
37056000 15.0 17.6 14.77273
41266101 25.0 28.7 12.89199
41266133 8.0 8.5 5.88235
142277575 100.0 99.9 0.1001
178936091 12.0 9.4 27.65957
178947865 31.0 29.3 5.80205
178952085 20.0 19.4 3.09278
1803307 38.0 39.8 4.52261
1803704 36.0 35.9 0.27855
55138600 36.0 31.3 15.01597
55143577 10.0 17.2 41.86047
55152040 18.0 17.9 0.55866
55599321 10.0 8.7 14.94253
55602765 11.0 9.6 14.58333
55604693 28.0 28.2 0.70922
55972974 12.0 20.3 40.8867
55979558 40.0 39.1 2.30179
106182946 33.0 28.1 17.43772
153244155 31.0 28.5 8.77193
153332500 35.0 29.2 19.86301
1254594 32.0 30.3 5.61056
1294664 31.0 30.4 1.97368
67522722 23.0 20.3 13.30049
79970914 33.0 46.0 28.26087
80168937 100.0 99.9 0.1001
112162854 21.0 28.3 25.79505
112164561 34.0 35.3 3.68272
112175770 39.0 37.3 4.55764
112176325 23.0 35.8 35.75419
112176559 38.0 38.7 1.80879
112176756 27.0 36.4 25.82418
112177171 18.0 37.8 52.38095
112179431 33.0 28.4 16.19718
149457678 29.0 30.9 6.14887
149460553 21.0 20.1 4.47761
149495395 48.0 47.7 0.62893
149499672 39.0 37.4 4.27807
149504348 11.0 10.3 6.79612
149509446 30.0 32.1 6.54206
41903782 40.0 50.6 20.94862
117686840 39.0 42.3 7.80142
117718110 32.0 30.1 6.31229
6026988 22.0 20.0 10.0
55241707 24.0 24.2 0.82645
55242464 0.0 1.1 100.0
55249063 19.0 13.8 37.68116
55249071 0.0 1.2 100.0
55259515 3.0 4.7 36.17021
106508763 49.0 43.3 13.16397
106508978 100.0 99.8 0.2004
116339847 9.0 8.3 8.43373
116436022 5.0 8.0 37.5
128852003 47.0 47.1 0.21231
140449150 20.0 19.7 1.52284
140453136 6.0 12.1 50.41322
140494209 19.0 18.8 1.06383
30938704 42.0 39.7 5.79345
30973957 26.0 29.8 12.75168
30999280 43.0 46.6 7.72532
31012190 19.0 18.1 4.97238
31024654 6.0 19.6 69.38776
38275434 36.0 31.6 13.92405
90993061 19.0 24.2 21.4876
145737816 39.0 36.5 6.84932
145738767 99.0 100.0 1.0
145741702 32.0 39.8 19.59799
145741765 33.0 39.5 16.4557
145742514 98.0 100.0 2.0
145742879 32.0 39.3 18.57506
5050706 18.0 18.6 3.22581
5081780 38.0 43.6 12.84404
98209594 51.0 64.7 21.17465
98211548 29.0 29.7 2.3569
98278975 26.0 30.1 13.62126
133761001 47.0 52.1 9.78887
135802659 21.0 28.7 26.82927
139391636 25.0 25.1 0.39841
139396746 32.0 26.9 18.95911
139397707 22.0 24.6 10.56911
139407932 36.0 43.1 16.47332
139409754 32.0 25.8 24.03101
139418260 43.0 40.5 6.17284
8100647 30.0 26.2 14.50382
43595968 32.0 31.5 1.5873
43604493 30.0 30.3 0.9901
43613843 57.0 60.9 6.40394
88635779 14.0 17.2 18.60465
533328 28.0 33.3 15.91592
69462910 43.0 36.9 16.53117
69625385 34.0 32.4 4.93827
69633633 39.0 34.8 12.06897
25362777 29.0 31.3 7.34824
25398281 13.0 16.1 19.25466
25398284 4.0 5.0 20.0
56494998 28.0 30.4 7.89474
112891125 22.0 25.5 13.72549
121416622 45.0 52.6 14.44867
121416650 28.0 34.7 19.30836
121437114 21.0 20.8 0.96154
28578214 17.0 11.2 51.78571
28624294 33.0 28.6 15.38462
28674628 49.0 46.1 6.29067
28895620 21.0 29.4 28.57143
32911888 39.0 41.0 4.87805
32912299 25.0 18.5 35.13514
32912750 41.0 29.8 37.58389
32913558 35.0 32.6 7.36196
32913836 47.0 43.4 8.29493
32936646 33.0 48.5 31.95876
48985975 30.0 30.7 2.28013
103515036 25.0 29.3 14.67577
103527930 100.0 99.9 0.1001
45645974 18.0 24.3 25.92593
65507589 27.0 21.6 25.0
66727451 27.0 29.1 7.21649
66729147 31.0 28.3 9.54064
66782085 33.0 31.7 4.10095
88576185 27.0 42.2 36.01896
88680684 34.0 40.7 16.46192
89849327 31.0 30.5 1.63934
91337479 28.0 30.8 9.09091
91346923 33.0 30.2 9.27152
91354505 42.0 28.6 46.85315
2134450 27.0 32.0 15.625
3658433 32.0 30.8 3.8961
3817720 33.0 32.2 2.48447
14041958 29.0 29.3 1.02389
89805914 28.0 26.5 5.66038
89807233 37.0 26.3 40.68441
89809319 27.0 25.4 6.29921
89815152 29.0 28.1 3.20285
89825065 28.0 27.6 1.44928
89839766 23.0 27.6 16.66667
89857935 27.0 23.8 13.44538
89858417 27.0 26.7 1.1236
7579472 91.0 93.5 2.6738
29553485 40.0 35.1 13.96011
29632336 29.0 30.5 4.91803
37650892 27.0 30.4 11.18421
37879588 25.0 31.8 21.38365
41234451 29.0 25.1 15.53785
41251931 39.0 40.5 3.7037
66538239 27.0 27.0 0.0
3119239 40.0 41.9 4.53461
4101062 16.0 27.1 40.95941
4102449 31.0 29.5 5.08475
15278222 37.0 30.0 23.33333
15302905 32.0 33.9 5.60472
30314666 42.0 30.7 36.80782
40743956 33.0 29.8 10.73826
45867259 39.0 41.3 5.56901
45868309 45.0 48.3 6.8323
57415471 33.0 28.5 15.78947
57429753 26.0 27.8 6.47482
57484241 22.0 26.9 18.21561
41536164 32.0 28.2 13.47518
41551039 52.0 41.7 24.70024
41566524 52.0 52.6 1.14068
66765142 49.0 34.8 40.8046
66765627 38.0 37.7 0.79576
70338656 32.0 29.9 7.02341
76938088 29.0 29.5 1.69492
