## htsjdk.samtools.metrics.StringHeader
# CollectHsMetrics BAIT_INTERVALS=[pool1_pool2_nochr_3c.sort.merged.padded20.hg19.210311.met.annotated.interval_list] TARGET_INTERVALS=[pool1_pool2_nochr_3c.sort.merged.padded20.hg19.210311.met.annotated.interval_list] INPUT=marked_duplicates_tail_5.bam OUTPUT=hs_metrics_tail_5.txt COVERAGE_CAP=5000 REFERENCE_SEQUENCE=/home/tomas/data/reference/hg19.with.mt.fasta    METRIC_ACCUMULATION_LEVEL=[ALL_READS] NEAR_DISTANCE=250 MINIMUM_MAPPING_QUALITY=20 MINIMUM_BASE_QUALITY=20 CLIP_OVERLAPPING_READS=true INCLUDE_INDELS=false SAMPLE_SIZE=10000 ALLELE_FRACTION=[0.001, 0.005, 0.01, 0.02, 0.05, 0.1, 0.2, 0.3, 0.5] VERBOSITY=INFO QUIET=false VALIDATION_STRINGENCY=STRICT COMPRESSION_LEVEL=5 MAX_RECORDS_IN_RAM=500000 CREATE_INDEX=false CREATE_MD5_FILE=false GA4GH_CLIENT_SECRETS=client_secrets.json USE_JDK_DEFLATER=false USE_JDK_INFLATER=false
## htsjdk.samtools.metrics.StringHeader
# Started on: Tue Feb 01 09:12:39 CET 2022

## METRICS CLASS	picard.analysis.directed.HsMetrics
BAIT_SET	BAIT_TERRITORY	BAIT_DESIGN_EFFICIENCY	ON_BAIT_BASES	NEAR_BAIT_BASES	OFF_BAIT_BASES	PCT_SELECTED_BASES	PCT_OFF_BAIT	ON_BAIT_VS_SELECTED	MEAN_BAIT_COVERAGE	PCT_USABLE_BASES_ON_BAIT	PCT_USABLE_BASES_ON_TARGET	FOLD_ENRICHMENT	HS_LIBRARY_SIZE	HS_PENALTY_10X	HS_PENALTY_20X	HS_PENALTY_30X	HS_PENALTY_40X	HS_PENALTY_50X	HS_PENALTY_100X	TARGET_TERRITORY	GENOME_SIZE	TOTAL_READS	PF_READS	PF_BASES	PF_UNIQUE_READS	PF_UQ_READS_ALIGNED	PF_BASES_ALIGNED	PF_UQ_BASES_ALIGNED	ON_TARGET_BASES	PCT_PF_READS	PCT_PF_UQ_READS	PCT_PF_UQ_READS_ALIGNED	MEAN_TARGET_COVERAGE	MEDIAN_TARGET_COVERAGE	MAX_TARGET_COVERAGE	MIN_TARGET_COVERAGE	ZERO_CVG_TARGETS_PCT	PCT_EXC_DUPE	PCT_EXC_ADAPTER	PCT_EXC_MAPQ	PCT_EXC_BASEQ	PCT_EXC_OVERLAP	PCT_EXC_OFF_TARGET	FOLD_80_BASE_PENALTY	PCT_TARGET_BASES_1X	PCT_TARGET_BASES_2X	PCT_TARGET_BASES_10X	PCT_TARGET_BASES_20X	PCT_TARGET_BASES_30X	PCT_TARGET_BASES_40X	PCT_TARGET_BASES_50X	PCT_TARGET_BASES_100X	PCT_TARGET_BASES_250X	PCT_TARGET_BASES_500X	PCT_TARGET_BASES_1000X	PCT_TARGET_BASES_2500X	PCT_TARGET_BASES_5000X	PCT_TARGET_BASES_10000X	PCT_TARGET_BASES_25000X	PCT_TARGET_BASES_50000X	PCT_TARGET_BASES_100000X	AT_DROPOUT	GC_DROPOUT	HET_SNP_SENSITIVITY	HET_SNP_Q	SAMPLE	LIBRARY	READ_GROUP
pool1_pool2_nochr_3c	2217428	1	6720240511	3508675152	4937424818	0.674449	0.325551	0.656985	3030.646547	0.441453	0.208891	618.603696	39987502	4.339998	4.351256	4.366268	4.379403	4.391787	4.454835	2217428	3095693983	114876308	114876308	15222991955	79539605	79522623	15166340481	10485073496	3179942792	1	0.692393	0.999786	1434.068115	1431	24498	0	0.001713	0.308662	0	0.02032	0.015114	0.10746	0.338792	1.313249	0.999703	0.99951	0.99885	0.998509	0.998219	0.997993	0.997779	0.99705	0.992798	0.975611	0.856434	0.021663	0.000938	0.000267	0	0	0	0.965883	3.371289	0.127538	1			

## HISTOGRAM	java.lang.Integer
coverage_or_base_quality	high_quality_coverage_count	unfiltered_baseq_count
0	659	0
1	427	0
2	272	0
3	369	0
4	169	0
5	159	0
6	84	0
7	112	0
8	170	0
9	128	0
10	87	0
11	74	0
12	97	0
13	94	0
14	88	73013852
15	102	0
16	80	0
17	49	0
18	49	0
19	38	0
20	46	0
21	48	14472641
22	57	0
23	76	0
24	62	0
25	97	0
26	76	0
27	71	74209231
28	48	0
29	62	0
30	53	0
31	57	0
32	67	295954684
33	47	0
34	48	0
35	45	0
36	51	2786045639
37	41	0
38	51	0
39	41	0
40	40	0
41	42	0
42	50	0
43	41	0
44	46	0
45	52	0
46	46	0
47	45	0
48	57	0
49	54	0
50	34	0
51	29	0
52	40	0
53	41	0
54	52	0
55	26	0
56	40	0
57	36	0
58	35	0
59	39	0
60	44	0
61	22	0
62	37	0
63	20	0
64	28	0
65	29	0
66	29	0
67	27	0
68	35	0
69	40	0
70	30	0
71	25	0
72	27	0
73	20	0
74	34	0
75	37	0
76	27	0
77	36	0
78	15	0
79	29	0
80	33	0
81	30	0
82	37	0
83	37	0
84	40	0
85	24	0
86	20	0
87	28	0
88	27	0
89	28	0
90	23	0
91	33	0
92	32	0
93	38	0
94	37	0
95	36	0
96	40	0
97	34	0
98	49	0
99	28	0
100	42	0
101	41	0
102	47	0
103	46	0
104	51	0
105	60	0
106	50	0
107	42	0
108	39	0
109	48	0
110	42	0
111	50	0
112	40	0
113	41	0
114	42	0
115	35	0
116	45	0
117	57	0
118	43	0
119	47	0
120	51	0
121	39	0
122	51	0
123	56	0
124	63	0
125	48	0
126	59	0
127	67	0
128	44	0
129	52	0
130	53	0
131	55	0
132	54	0
133	50	0
134	56	0
135	50	0
136	59	0
137	49	0
138	45	0
139	45	0
140	50	0
141	48	0
142	45	0
143	40	0
144	48	0
145	70	0
146	62	0
147	43	0
148	53	0
149	49	0
150	58	0
151	47	0
152	52	0
153	58	0
154	63	0
155	50	0
156	51	0
157	46	0
158	54	0
159	60	0
160	54	0
161	61	0
162	72	0
163	54	0
164	61	0
165	72	0
166	60	0
167	43	0
168	59	0
169	43	0
170	51	0
171	54	0
172	59	0
173	58	0
174	71	0
175	62	0
176	41	0
177	56	0
178	59	0
179	58	0
180	64	0
181	65	0
182	60	0
183	60	0
184	56	0
185	62	0
186	62	0
187	57	0
188	74	0
189	77	0
190	66	0
191	60	0
192	53	0
193	72	0
194	71	0
195	69	0
196	81	0
197	60	0
198	78	0
199	63	0
200	61	0
201	59	0
202	70	0
203	73	0
204	81	0
205	75	0
206	62	0
207	71	0
208	74	0
209	66	0
210	78	0
211	63	0
212	55	0
213	65	0
214	81	0
215	81	0
216	82	0
217	73	0
218	81	0
219	86	0
220	74	0
221	79	0
222	84	0
223	74	0
224	86	0
225	79	0
226	82	0
227	88	0
228	101	0
229	96	0
230	80	0
231	80	0
232	95	0
233	80	0
234	78	0
235	76	0
236	92	0
237	89	0
238	101	0
239	90	0
240	98	0
241	68	0
242	90	0
243	80	0
244	83	0
245	83	0
246	72	0
247	73	0
248	93	0
249	88	0
250	72	0
251	89	0
252	90	0
253	101	0
254	102	0
255	88	0
256	108	0
257	88	0
258	113	0
259	89	0
260	91	0
261	87	0
262	86	0
263	93	0
264	85	0
265	94	0
266	73	0
267	78	0
268	84	0
269	93	0
270	85	0
271	104	0
272	91	0
273	82	0
274	87	0
275	103	0
276	95	0
277	106	0
278	88	0
279	74	0
280	96	0
281	81	0
282	120	0
283	103	0
284	85	0
285	107	0
286	92	0
287	96	0
288	110	0
289	92	0
290	91	0
291	100	0
292	119	0
293	105	0
294	121	0
295	89	0
296	105	0
297	103	0
298	111	0
299	97	0
300	99	0
301	112	0
302	156	0
303	117	0
304	128	0
305	138	0
306	96	0
307	122	0
308	142	0
309	121	0
310	126	0
311	128	0
312	141	0
313	147	0
314	130	0
315	104	0
316	149	0
317	133	0
318	138	0
319	135	0
320	136	0
321	141	0
322	139	0
323	129	0
324	146	0
325	149	0
326	162	0
327	132	0
328	150	0
329	130	0
330	153	0
331	136	0
332	151	0
333	155	0
334	158	0
335	169	0
336	157	0
337	147	0
338	161	0
339	134	0
340	170	0
341	159	0
342	178	0
343	176	0
344	164	0
345	166	0
346	162	0
347	182	0
348	191	0
349	191	0
350	152	0
351	167	0
352	164	0
353	171	0
354	172	0
355	176	0
356	181	0
357	168	0
358	146	0
359	164	0
360	160	0
361	154	0
362	138	0
363	138	0
364	131	0
365	167	0
366	165	0
367	136	0
368	157	0
369	160	0
370	162	0
371	145	0
372	181	0
373	187	0
374	171	0
375	187	0
376	153	0
377	173	0
378	177	0
379	157	0
380	174	0
381	188	0
382	158	0
383	185	0
384	173	0
385	174	0
386	172	0
387	180	0
388	172	0
389	172	0
390	172	0
391	193	0
392	190	0
393	181	0
394	191	0
395	194	0
396	207	0
397	176	0
398	192	0
399	175	0
400	180	0
401	180	0
402	214	0
403	180	0
404	179	0
405	168	0
406	158	0
407	202	0
408	206	0
409	192	0
410	165	0
411	181	0
412	192	0
413	169	0
414	159	0
415	172	0
416	177	0
417	181	0
418	191	0
419	185	0
420	194	0
421	186	0
422	203	0
423	185	0
424	178	0
425	173	0
426	183	0
427	164	0
428	183	0
429	171	0
430	185	0
431	178	0
432	190	0
433	191	0
434	183	0
435	180	0
436	177	0
437	193	0
438	181	0
439	174	0
440	176	0
441	182	0
442	180	0
443	180	0
444	158	0
445	174	0
446	160	0
447	162	0
448	165	0
449	157	0
450	176	0
451	155	0
452	178	0
453	180	0
454	164	0
455	149	0
456	167	0
457	147	0
458	148	0
459	165	0
460	166	0
461	160	0
462	173	0
463	148	0
464	188	0
465	167	0
466	176	0
467	172	0
468	154	0
469	167	0
470	176	0
471	185	0
472	205	0
473	181	0
474	204	0
475	164	0
476	186	0
477	172	0
478	173	0
479	182	0
480	182	0
481	188	0
482	175	0
483	184	0
484	183	0
485	202	0
486	185	0
487	185	0
488	163	0
489	171	0
490	170	0
491	163	0
492	201	0
493	185	0
494	166	0
495	189	0
496	170	0
497	149	0
498	158	0
499	180	0
500	163	0
501	174	0
502	179	0
503	181	0
504	170	0
505	171	0
506	191	0
507	162	0
508	164	0
509	181	0
510	188	0
511	163	0
512	197	0
513	181	0
514	170	0
515	199	0
516	178	0
517	185	0
518	180	0
519	185	0
520	213	0
521	179	0
522	181	0
523	197	0
524	179	0
525	185	0
526	195	0
527	160	0
528	181	0
529	195	0
530	183	0
531	196	0
532	173	0
533	192	0
534	199	0
535	198	0
536	195	0
537	195	0
538	222	0
539	225	0
540	188	0
541	184	0
542	195	0
543	209	0
544	204	0
545	203	0
546	193	0
547	207	0
548	234	0
549	224	0
550	180	0
551	183	0
552	201	0
553	220	0
554	206	0
555	223	0
556	227	0
557	244	0
558	240	0
559	230	0
560	236	0
561	230	0
562	202	0
563	224	0
564	211	0
565	227	0
566	240	0
567	218	0
568	210	0
569	193	0
570	223	0
571	212	0
572	210	0
573	210	0
574	203	0
575	234	0
576	200	0
577	239	0
578	218	0
579	223	0
580	231	0
581	241	0
582	228	0
583	186	0
584	233	0
585	228	0
586	254	0
587	253	0
588	271	0
589	255	0
590	232	0
591	251	0
592	250	0
593	242	0
594	241	0
595	236	0
596	222	0
597	269	0
598	253	0
599	232	0
600	237	0
601	262	0
602	258	0
603	233	0
604	270	0
605	242	0
606	253	0
607	269	0
608	241	0
609	251	0
610	244	0
611	252	0
612	266	0
613	249	0
614	282	0
615	267	0
616	237	0
617	273	0
618	249	0
619	241	0
620	274	0
621	243	0
622	255	0
623	255	0
624	277	0
625	280	0
626	237	0
627	261	0
628	302	0
629	248	0
630	276	0
631	253	0
632	238	0
633	269	0
634	259	0
635	302	0
636	272	0
637	259	0
638	252	0
639	305	0
640	237	0
641	257	0
642	266	0
643	246	0
644	294	0
645	243	0
646	264	0
647	294	0
648	296	0
649	283	0
650	294	0
651	289	0
652	289	0
653	278	0
654	295	0
655	284	0
656	304	0
657	266	0
658	284	0
659	288	0
660	315	0
661	295	0
662	286	0
663	308	0
664	270	0
665	279	0
666	304	0
667	305	0
668	313	0
669	320	0
670	302	0
671	329	0
672	296	0
673	291	0
674	293	0
675	282	0
676	290	0
677	281	0
678	315	0
679	295	0
680	298	0
681	338	0
682	307	0
683	312	0
684	315	0
685	320	0
686	315	0
687	324	0
688	303	0
689	334	0
690	295	0
691	292	0
692	314	0
693	302	0
694	328	0
695	326	0
696	333	0
697	340	0
698	345	0
699	323	0
700	328	0
701	344	0
702	376	0
703	325	0
704	347	0
705	321	0
706	338	0
707	333	0
708	339	0
709	342	0
710	339	0
711	356	0
712	371	0
713	371	0
714	391	0
715	338	0
716	362	0
717	359	0
718	393	0
719	402	0
720	387	0
721	406	0
722	388	0
723	374	0
724	386	0
725	342	0
726	360	0
727	369	0
728	363	0
729	400	0
730	370	0
731	372	0
732	372	0
733	413	0
734	399	0
735	408	0
736	408	0
737	381	0
738	454	0
739	433	0
740	404	0
741	445	0
742	414	0
743	416	0
744	384	0
745	431	0
746	423	0
747	434	0
748	453	0
749	398	0
750	448	0
751	439	0
752	451	0
753	461	0
754	465	0
755	505	0
756	460	0
757	440	0
758	474	0
759	470	0
760	431	0
761	452	0
762	495	0
763	498	0
764	479	0
765	504	0
766	492	0
767	454	0
768	445	0
769	516	0
770	485	0
771	482	0
772	482	0
773	490	0
774	445	0
775	485	0
776	482	0
777	492	0
778	548	0
779	517	0
780	458	0
781	522	0
782	491	0
783	486	0
784	558	0
785	480	0
786	511	0
787	525	0
788	531	0
789	523	0
790	548	0
791	552	0
792	546	0
793	564	0
794	544	0
795	556	0
796	566	0
797	530	0
798	531	0
799	552	0
800	570	0
801	564	0
802	562	0
803	559	0
804	484	0
805	602	0
806	564	0
807	610	0
808	530	0
809	589	0
810	592	0
811	571	0
812	566	0
813	559	0
814	566	0
815	632	0
816	588	0
817	581	0
818	563	0
819	604	0
820	624	0
821	608	0
822	588	0
823	623	0
824	587	0
825	630	0
826	651	0
827	632	0
828	599	0
829	636	0
830	603	0
831	603	0
832	626	0
833	681	0
834	645	0
835	628	0
836	649	0
837	607	0
838	658	0
839	644	0
840	646	0
841	633	0
842	632	0
843	636	0
844	670	0
845	687	0
846	648	0
847	630	0
848	687	0
849	688	0
850	671	0
851	683	0
852	661	0
853	699	0
854	717	0
855	637	0
856	658	0
857	670	0
858	722	0
859	713	0
860	732	0
861	652	0
862	740	0
863	671	0
864	696	0
865	697	0
866	738	0
867	664	0
868	705	0
869	758	0
870	801	0
871	756	0
872	775	0
873	736	0
874	751	0
875	750	0
876	786	0
877	747	0
878	780	0
879	802	0
880	796	0
881	801	0
882	802	0
883	783	0
884	808	0
885	796	0
886	846	0
887	784	0
888	803	0
889	812	0
890	893	0
891	819	0
892	872	0
893	839	0
894	822	0
895	796	0
896	855	0
897	825	0
898	865	0
899	871	0
900	836	0
901	834	0
902	859	0
903	805	0
904	864	0
905	902	0
906	895	0
907	867	0
908	869	0
909	871	0
910	864	0
911	902	0
912	908	0
913	922	0
914	901	0
915	912	0
916	862	0
917	967	0
918	912	0
919	960	0
920	915	0
921	896	0
922	901	0
923	910	0
924	940	0
925	956	0
926	928	0
927	908	0
928	928	0
929	963	0
930	950	0
931	925	0
932	973	0
933	1005	0
934	986	0
935	1004	0
936	981	0
937	1001	0
938	1035	0
939	964	0
940	961	0
941	996	0
942	981	0
943	975	0
944	1009	0
945	1048	0
946	1028	0
947	1065	0
948	975	0
949	1059	0
950	1008	0
951	1027	0
952	1042	0
953	1060	0
954	1048	0
955	1044	0
956	1013	0
957	1067	0
958	1006	0
959	1069	0
960	1086	0
961	1093	0
962	1140	0
963	1084	0
964	1028	0
965	1101	0
966	1102	0
967	1044	0
968	1126	0
969	1055	0
970	1096	0
971	1135	0
972	1093	0
973	1153	0
974	1099	0
975	1135	0
976	1121	0
977	1153	0
978	1167	0
979	1156	0
980	1141	0
981	1194	0
982	1134	0
983	1075	0
984	1154	0
985	1171	0
986	1190	0
987	1191	0
988	1193	0
989	1167	0
990	1150	0
991	1146	0
992	1192	0
993	1153	0
994	1191	0
995	1122	0
996	1153	0
997	1220	0
998	1198	0
999	1142	0
1000	1222	0
1001	1170	0
1002	1160	0
1003	1302	0
1004	1247	0
1005	1207	0
1006	1267	0
1007	1211	0
1008	1228	0
1009	1243	0
1010	1205	0
1011	1208	0
1012	1331	0
1013	1291	0
1014	1251	0
1015	1230	0
1016	1275	0
1017	1291	0
1018	1210	0
1019	1300	0
1020	1259	0
1021	1343	0
1022	1319	0
1023	1277	0
1024	1325	0
1025	1269	0
1026	1312	0
1027	1262	0
1028	1388	0
1029	1288	0
1030	1286	0
1031	1313	0
1032	1351	0
1033	1345	0
1034	1268	0
1035	1368	0
1036	1362	0
1037	1321	0
1038	1393	0
1039	1345	0
1040	1361	0
1041	1355	0
1042	1370	0
1043	1322	0
1044	1373	0
1045	1393	0
1046	1299	0
1047	1390	0
1048	1346	0
1049	1386	0
1050	1351	0
1051	1394	0
1052	1351	0
1053	1395	0
1054	1395	0
1055	1336	0
1056	1431	0
1057	1455	0
1058	1423	0
1059	1412	0
1060	1341	0
1061	1353	0
1062	1393	0
1063	1466	0
1064	1475	0
1065	1450	0
1066	1384	0
1067	1432	0
1068	1421	0
1069	1446	0
1070	1398	0
1071	1374	0
1072	1400	0
1073	1491	0
1074	1450	0
1075	1449	0
1076	1418	0
1077	1357	0
1078	1510	0
1079	1465	0
1080	1479	0
1081	1457	0
1082	1466	0
1083	1501	0
1084	1466	0
1085	1435	0
1086	1476	0
1087	1502	0
1088	1523	0
1089	1497	0
1090	1558	0
1091	1448	0
1092	1512	0
1093	1551	0
1094	1498	0
1095	1477	0
1096	1551	0
1097	1477	0
1098	1485	0
1099	1519	0
1100	1486	0
1101	1513	0
1102	1465	0
1103	1575	0
1104	1521	0
1105	1510	0
1106	1616	0
1107	1493	0
1108	1543	0
1109	1583	0
1110	1531	0
1111	1570	0
1112	1547	0
1113	1540	0
1114	1515	0
1115	1606	0
1116	1549	0
1117	1615	0
1118	1624	0
1119	1568	0
1120	1542	0
1121	1492	0
1122	1606	0
1123	1598	0
1124	1503	0
1125	1529	0
1126	1606	0
1127	1571	0
1128	1564	0
1129	1509	0
1130	1596	0
1131	1540	0
1132	1640	0
1133	1590	0
1134	1618	0
1135	1602	0
1136	1630	0
1137	1527	0
1138	1670	0
1139	1604	0
1140	1724	0
1141	1602	0
1142	1580	0
1143	1639	0
1144	1647	0
1145	1682	0
1146	1646	0
1147	1738	0
1148	1673	0
1149	1660	0
1150	1650	0
1151	1595	0
1152	1656	0
1153	1641	0
1154	1635	0
1155	1643	0
1156	1679	0
1157	1561	0
1158	1689	0
1159	1712	0
1160	1581	0
1161	1672	0
1162	1649	0
1163	1651	0
1164	1716	0
1165	1689	0
1166	1600	0
1167	1718	0
1168	1617	0
1169	1753	0
1170	1678	0
1171	1698	0
1172	1768	0
1173	1666	0
1174	1748	0
1175	1744	0
1176	1720	0
1177	1689	0
1178	1765	0
1179	1679	0
1180	1659	0
1181	1719	0
1182	1762	0
1183	1725	0
1184	1650	0
1185	1755	0
1186	1758	0
1187	1765	0
1188	1725	0
1189	1804	0
1190	1826	0
1191	1769	0
1192	1812	0
1193	1793	0
1194	1859	0
1195	1759	0
1196	1779	0
1197	1842	0
1198	1828	0
1199	1804	0
1200	1875	0
1201	1815	0
1202	1829	0
1203	1837	0
1204	1776	0
1205	1817	0
1206	1834	0
1207	1850	0
1208	1802	0
1209	1799	0
1210	1809	0
1211	1789	0
1212	1808	0
1213	1863	0
1214	1871	0
1215	1862	0
1216	1901	0
1217	1828	0
1218	1903	0
1219	1912	0
1220	1858	0
1221	1867	0
1222	1846	0
1223	1840	0
1224	1922	0
1225	1862	0
1226	1839	0
1227	1935	0
1228	1962	0
1229	1912	0
1230	1870	0
1231	1978	0
1232	1875	0
1233	1948	0
1234	1912	0
1235	1943	0
1236	1952	0
1237	1998	0
1238	1966	0
1239	1912	0
1240	1953	0
1241	1878	0
1242	1931	0
1243	1942	0
1244	1951	0
1245	1962	0
1246	1918	0
1247	1951	0
1248	1973	0
1249	2013	0
1250	1919	0
1251	1932	0
1252	1920	0
1253	1993	0
1254	2066	0
1255	1933	0
1256	2028	0
1257	1973	0
1258	1913	0
1259	1997	0
1260	1989	0
1261	2000	0
1262	2000	0
1263	2024	0
1264	1982	0
1265	2082	0
1266	2032	0
1267	2054	0
1268	2067	0
1269	2087	0
1270	2117	0
1271	1944	0
1272	2071	0
1273	2032	0
1274	2081	0
1275	2036	0
1276	1977	0
1277	1951	0
1278	2044	0
1279	2093	0
1280	1957	0
1281	2041	0
1282	2025	0
1283	2053	0
1284	2028	0
1285	2094	0
1286	2044	0
1287	2041	0
1288	2043	0
1289	2047	0
1290	2066	0
1291	2064	0
1292	2013	0
1293	2092	0
1294	2105	0
1295	2090	0
1296	2179	0
1297	2158	0
1298	2034	0
1299	2139	0
1300	2136	0
1301	2075	0
1302	2117	0
1303	2026	0
1304	2167	0
1305	2065	0
1306	2112	0
1307	2033	0
1308	2179	0
1309	2056	0
1310	2097	0
1311	2168	0
1312	2120	0
1313	2067	0
1314	2108	0
1315	2068	0
1316	2129	0
1317	2191	0
1318	2047	0
1319	2158	0
1320	2144	0
1321	2178	0
1322	2158	0
1323	2162	0
1324	2112	0
1325	2238	0
1326	2221	0
1327	2177	0
1328	2212	0
1329	2127	0
1330	2118	0
1331	2129	0
1332	2137	0
1333	2197	0
1334	2183	0
1335	2202	0
1336	2101	0
1337	2263	0
1338	2186	0
1339	2236	0
1340	2311	0
1341	2225	0
1342	2218	0
1343	2261	0
1344	2198	0
1345	2318	0
1346	2278	0
1347	2188	0
1348	2152	0
1349	2216	0
1350	2230	0
1351	2198	0
1352	2218	0
1353	2198	0
1354	2183	0
1355	2189	0
1356	2188	0
1357	2142	0
1358	2172	0
1359	2248	0
1360	2296	0
1361	2219	0
1362	2174	0
1363	2243	0
1364	2281	0
1365	2170	0
1366	2312	0
1367	2220	0
1368	2219	0
1369	2209	0
1370	2256	0
1371	2243	0
1372	2168	0
1373	2276	0
1374	2206	0
1375	2192	0
1376	2189	0
1377	2168	0
1378	2114	0
1379	2186	0
1380	2187	0
1381	2193	0
1382	2185	0
1383	2262	0
1384	2244	0
1385	2226	0
1386	2271	0
1387	2202	0
1388	2327	0
1389	2262	0
1390	2217	0
1391	2329	0
1392	2253	0
1393	2281	0
1394	2287	0
1395	2365	0
1396	2298	0
1397	2293	0
1398	2195	0
1399	2290	0
1400	2218	0
1401	2282	0
1402	2338	0
1403	2301	0
1404	2307	0
1405	2316	0
1406	2227	0
1407	2368	0
1408	2398	0
1409	2332	0
1410	2352	0
1411	2232	0
1412	2320	0
1413	2322	0
1414	2359	0
1415	2315	0
1416	2263	0
1417	2295	0
1418	2292	0
1419	2355	0
1420	2288	0
1421	2278	0
1422	2263	0
1423	2317	0
1424	2227	0
1425	2288	0
1426	2393	0
1427	2300	0
1428	2349	0
1429	2311	0
1430	2329	0
1431	2235	0
1432	2288	0
1433	2357	0
1434	2221	0
1435	2314	0
1436	2295	0
1437	2350	0
1438	2373	0
1439	2332	0
1440	2329	0
1441	2309	0
1442	2383	0
1443	2357	0
1444	2303	0
1445	2297	0
1446	2293	0
1447	2377	0
1448	2378	0
1449	2316	0
1450	2300	0
1451	2304	0
1452	2225	0
1453	2269	0
1454	2243	0
1455	2344	0
1456	2309	0
1457	2293	0
1458	2258	0
1459	2323	0
1460	2373	0
1461	2348	0
1462	2289	0
1463	2305	0
1464	2309	0
1465	2408	0
1466	2323	0
1467	2250	0
1468	2297	0
1469	2317	0
1470	2336	0
1471	2300	0
1472	2279	0
1473	2323	0
1474	2343	0
1475	2302	0
1476	2349	0
1477	2350	0
1478	2277	0
1479	2205	0
1480	2258	0
1481	2336	0
1482	2237	0
1483	2248	0
1484	2369	0
1485	2321	0
1486	2279	0
1487	2280	0
1488	2316	0
1489	2327	0
1490	2275	0
1491	2261	0
1492	2240	0
1493	2345	0
1494	2358	0
1495	2259	0
1496	2255	0
1497	2339	0
1498	2265	0
1499	2294	0
1500	2288	0
1501	2362	0
1502	2376	0
1503	2366	0
1504	2245	0
1505	2363	0
1506	2366	0
1507	2316	0
1508	2409	0
1509	2403	0
1510	2389	0
1511	2234	0
1512	2275	0
1513	2463	0
1514	2450	0
1515	2294	0
1516	2429	0
1517	2266	0
1518	2339	0
1519	2388	0
1520	2317	0
1521	2347	0
1522	2304	0
1523	2362	0
1524	2335	0
1525	2372	0
1526	2400	0
1527	2371	0
1528	2324	0
1529	2366	0
1530	2375	0
1531	2311	0
1532	2220	0
1533	2325	0
1534	2395	0
1535	2336	0
1536	2377	0
1537	2415	0
1538	2332	0
1539	2292	0
1540	2461	0
1541	2351	0
1542	2375	0
1543	2389	0
1544	2349	0
1545	2363	0
1546	2320	0
1547	2426	0
1548	2421	0
1549	2335	0
1550	2371	0
1551	2458	0
1552	2405	0
1553	2380	0
1554	2451	0
1555	2387	0
1556	2346	0
1557	2408	0
1558	2372	0
1559	2505	0
1560	2356	0
1561	2394	0
1562	2329	0
1563	2370	0
1564	2394	0
1565	2458	0
1566	2374	0
1567	2273	0
1568	2363	0
1569	2343	0
1570	2367	0
1571	2456	0
1572	2450	0
1573	2324	0
1574	2351	0
1575	2417	0
1576	2414	0
1577	2403	0
1578	2450	0
1579	2460	0
1580	2246	0
1581	2405	0
1582	2385	0
1583	2301	0
1584	2356	0
1585	2400	0
1586	2387	0
1587	2307	0
1588	2397	0
1589	2392	0
1590	2403	0
1591	2389	0
1592	2394	0
1593	2362	0
1594	2340	0
1595	2434	0
1596	2345	0
1597	2306	0
1598	2387	0
1599	2402	0
1600	2343	0
1601	2271	0
1602	2268	0
1603	2324	0
1604	2303	0
1605	2311	0
1606	2311	0
1607	2309	0
1608	2281	0
1609	2310	0
1610	2242	0
1611	2260	0
1612	2274	0
1613	2363	0
1614	2273	0
1615	2343	0
1616	2257	0
1617	2326	0
1618	2266	0
1619	2220	0
1620	2239	0
1621	2207	0
1622	2299	0
1623	2244	0
1624	2173	0
1625	2324	0
1626	2271	0
1627	2239	0
1628	2198	0
1629	2206	0
1630	2161	0
1631	2155	0
1632	2152	0
1633	2142	0
1634	2147	0
1635	2142	0
1636	2136	0
1637	2163	0
1638	2160	0
1639	2118	0
1640	2129	0
1641	2135	0
1642	2074	0
1643	2148	0
1644	2119	0
1645	2155	0
1646	2087	0
1647	2068	0
1648	2126	0
1649	2092	0
1650	2125	0
1651	2096	0
1652	2036	0
1653	2070	0
1654	1957	0
1655	2067	0
1656	1990	0
1657	2070	0
1658	1995	0
1659	2034	0
1660	2034	0
1661	2158	0
1662	2084	0
1663	1940	0
1664	1976	0
1665	2033	0
1666	1991	0
1667	1944	0
1668	1939	0
1669	1988	0
1670	1965	0
1671	1967	0
1672	1942	0
1673	1819	0
1674	1954	0
1675	1882	0
1676	1980	0
1677	1844	0
1678	1887	0
1679	1882	0
1680	1869	0
1681	1865	0
1682	1931	0
1683	1854	0
1684	1803	0
1685	1822	0
1686	1825	0
1687	1877	0
1688	1816	0
1689	1901	0
1690	1824	0
1691	1849	0
1692	1804	0
1693	1850	0
1694	1824	0
1695	1821	0
1696	1832	0
1697	1765	0
1698	1831	0
1699	1931	0
1700	1763	0
1701	1816	0
1702	1766	0
1703	1857	0
1704	1807	0
1705	1764	0
1706	1769	0
1707	1781	0
1708	1833	0
1709	1810	0
1710	1720	0
1711	1754	0
1712	1710	0
1713	1711	0
1714	1743	0
1715	1686	0
1716	1698	0
1717	1685	0
1718	1787	0
1719	1744	0
1720	1657	0
1721	1746	0
1722	1732	0
1723	1730	0
1724	1693	0
1725	1615	0
1726	1688	0
1727	1716	0
1728	1635	0
1729	1671	0
1730	1666	0
1731	1693	0
1732	1618	0
1733	1646	0
1734	1719	0
1735	1682	0
1736	1637	0
1737	1722	0
1738	1677	0
1739	1652	0
1740	1654	0
1741	1674	0
1742	1648	0
1743	1693	0
1744	1630	0
1745	1646	0
1746	1617	0
1747	1678	0
1748	1672	0
1749	1590	0
1750	1633	0
1751	1571	0
1752	1581	0
1753	1649	0
1754	1566	0
1755	1560	0
1756	1526	0
1757	1538	0
1758	1587	0
1759	1616	0
1760	1609	0
1761	1595	0
1762	1609	0
1763	1518	0
1764	1500	0
1765	1462	0
1766	1534	0
1767	1518	0
1768	1497	0
1769	1573	0
1770	1578	0
1771	1529	0
1772	1538	0
1773	1519	0
1774	1496	0
1775	1603	0
1776	1451	0
1777	1435	0
1778	1562	0
1779	1413	0
1780	1494	0
1781	1526	0
1782	1488	0
1783	1480	0
1784	1426	0
1785	1448	0
1786	1468	0
1787	1398	0
1788	1418	0
1789	1473	0
1790	1368	0
1791	1433	0
1792	1391	0
1793	1363	0
1794	1349	0
1795	1457	0
1796	1396	0
1797	1305	0
1798	1301	0
1799	1322	0
1800	1317	0
1801	1345	0
1802	1338	0
1803	1369	0
1804	1371	0
1805	1377	0
1806	1367	0
1807	1332	0
1808	1259	0
1809	1288	0
1810	1220	0
1811	1365	0
1812	1329	0
1813	1369	0
1814	1253	0
1815	1269	0
1816	1176	0
1817	1246	0
1818	1259	0
1819	1348	0
1820	1252	0
1821	1275	0
1822	1264	0
1823	1257	0
1824	1268	0
1825	1279	0
1826	1239	0
1827	1250	0
1828	1239	0
1829	1231	0
1830	1238	0
1831	1213	0
1832	1174	0
1833	1185	0
1834	1259	0
1835	1258	0
1836	1189	0
1837	1155	0
1838	1224	0
1839	1263	0
1840	1216	0
1841	1139	0
1842	1157	0
1843	1101	0
1844	1133	0
1845	1109	0
1846	1135	0
1847	1170	0
1848	1208	0
1849	1174	0
1850	1099	0
1851	1137	0
1852	1182	0
1853	1180	0
1854	1084	0
1855	1107	0
1856	1098	0
1857	1126	0
1858	1112	0
1859	1157	0
1860	1096	0
1861	1115	0
1862	1092	0
1863	1073	0
1864	1087	0
1865	1048	0
1866	1011	0
1867	1074	0
1868	1039	0
1869	1076	0
1870	1041	0
1871	1040	0
1872	1018	0
1873	1037	0
1874	1032	0
1875	1011	0
1876	963	0
1877	1023	0
1878	1041	0
1879	979	0
1880	1035	0
1881	962	0
1882	957	0
1883	996	0
1884	963	0
1885	980	0
1886	1020	0
1887	959	0
1888	970	0
1889	978	0
1890	956	0
1891	925	0
1892	930	0
1893	970	0
1894	938	0
1895	912	0
1896	866	0
1897	973	0
1898	889	0
1899	888	0
1900	912	0
1901	908	0
1902	908	0
1903	876	0
1904	898	0
1905	843	0
1906	947	0
1907	887	0
1908	855	0
1909	853	0
1910	839	0
1911	891	0
1912	880	0
1913	899	0
1914	903	0
1915	844	0
1916	915	0
1917	801	0
1918	791	0
1919	808	0
1920	874	0
1921	830	0
1922	876	0
1923	833	0
1924	794	0
1925	805	0
1926	862	0
1927	785	0
1928	847	0
1929	801	0
1930	769	0
1931	832	0
1932	785	0
1933	775	0
1934	767	0
1935	773	0
1936	753	0
1937	774	0
1938	741	0
1939	753	0
1940	780	0
1941	706	0
1942	792	0
1943	748	0
1944	752	0
1945	765	0
1946	752	0
1947	741	0
1948	725	0
1949	706	0
1950	733	0
1951	721	0
1952	698	0
1953	726	0
1954	668	0
1955	689	0
1956	701	0
1957	640	0
1958	679	0
1959	681	0
1960	637	0
1961	725	0
1962	697	0
1963	646	0
1964	689	0
1965	665	0
1966	683	0
1967	674	0
1968	649	0
1969	692	0
1970	684	0
1971	673	0
1972	664	0
1973	662	0
1974	620	0
1975	654	0
1976	626	0
1977	561	0
1978	616	0
1979	607	0
1980	553	0
1981	603	0
1982	612	0
1983	662	0
1984	596	0
1985	607	0
1986	638	0
1987	556	0
1988	566	0
1989	622	0
1990	581	0
1991	641	0
1992	576	0
1993	581	0
1994	546	0
1995	546	0
1996	546	0
1997	538	0
1998	540	0
1999	581	0
2000	558	0
2001	543	0
2002	569	0
2003	546	0
2004	557	0
2005	589	0
2006	532	0
2007	554	0
2008	566	0
2009	525	0
2010	529	0
2011	521	0
2012	491	0
2013	507	0
2014	494	0
2015	536	0
2016	457	0
2017	518	0
2018	509	0
2019	450	0
2020	515	0
2021	468	0
2022	445	0
2023	482	0
2024	491	0
2025	516	0
2026	466	0
2027	526	0
2028	486	0
2029	456	0
2030	420	0
2031	464	0
2032	455	0
2033	412	0
2034	449	0
2035	469	0
2036	450	0
2037	438	0
2038	479	0
2039	424	0
2040	457	0
2041	446	0
2042	427	0
2043	416	0
2044	429	0
2045	409	0
2046	409	0
2047	387	0
2048	401	0
2049	415	0
2050	392	0
2051	408	0
2052	425	0
2053	353	0
2054	389	0
2055	388	0
2056	369	0
2057	391	0
2058	381	0
2059	389	0
2060	376	0
2061	388	0
2062	361	0
2063	355	0
2064	345	0
2065	381	0
2066	374	0
2067	370	0
2068	352	0
2069	362	0
2070	369	0
2071	370	0
2072	398	0
2073	337	0
2074	341	0
2075	325	0
2076	337	0
2077	337	0
2078	337	0
2079	321	0
2080	360	0
2081	353	0
2082	353	0
2083	317	0
2084	313	0
2085	322	0
2086	323	0
2087	348	0
2088	332	0
2089	315	0
2090	333	0
2091	330	0
2092	329	0
2093	320	0
2094	344	0
2095	309	0
2096	297	0
2097	321	0
2098	335	0
2099	293	0
2100	300	0
2101	307	0
2102	317	0
2103	305	0
2104	307	0
2105	300	0
2106	301	0
2107	308	0
2108	337	0
2109	351	0
2110	307	0
2111	298	0
2112	315	0
2113	313	0
2114	264	0
2115	286	0
2116	279	0
2117	293	0
2118	307	0
2119	297	0
2120	282	0
2121	292	0
2122	270	0
2123	270	0
2124	299	0
2125	280	0
2126	267	0
2127	277	0
2128	268	0
2129	277	0
2130	277	0
2131	284	0
2132	260	0
2133	251	0
2134	288	0
2135	275	0
2136	267	0
2137	290	0
2138	280	0
2139	263	0
2140	257	0
2141	309	0
2142	238	0
2143	263	0
2144	274	0
2145	251	0
2146	299	0
2147	261	0
2148	269	0
2149	274	0
2150	263	0
2151	248	0
2152	278	0
2153	270	0
2154	277	0
2155	270	0
2156	288	0
2157	281	0
2158	234	0
2159	261	0
2160	254	0
2161	280	0
2162	249	0
2163	254	0
2164	249	0
2165	300	0
2166	235	0
2167	261	0
2168	262	0
2169	237	0
2170	222	0
2171	236	0
2172	236	0
2173	238	0
2174	200	0
2175	254	0
2176	228	0
2177	249	0
2178	234	0
2179	228	0
2180	274	0
2181	240	0
2182	260	0
2183	234	0
2184	241	0
2185	230	0
2186	226	0
2187	229	0
2188	240	0
2189	241	0
2190	215	0
2191	247	0
2192	251	0
2193	229	0
2194	230	0
2195	256	0
2196	244	0
2197	220	0
2198	208	0
2199	234	0
2200	242	0
2201	200	0
2202	237	0
2203	205	0
2204	221	0
2205	207	0
2206	207	0
2207	212	0
2208	213	0
2209	198	0
2210	212	0
2211	215	0
2212	230	0
2213	194	0
2214	220	0
2215	221	0
2216	196	0
2217	194	0
2218	220	0
2219	203	0
2220	184	0
2221	206	0
2222	185	0
2223	194	0
2224	189	0
2225	220	0
2226	192	0
2227	192	0
2228	197	0
2229	198	0
2230	182	0
2231	191	0
2232	177	0
2233	196	0
2234	201	0
2235	179	0
2236	215	0
2237	199	0
2238	228	0
2239	193	0
2240	182	0
2241	196	0
2242	207	0
2243	203	0
2244	204	0
2245	193	0
2246	187	0
2247	185	0
2248	218	0
2249	178	0
2250	203	0
2251	187	0
2252	169	0
2253	173	0
2254	192	0
2255	211	0
2256	188	0
2257	158	0
2258	175	0
2259	215	0
2260	163	0
2261	187	0
2262	182	0
2263	179	0
2264	176	0
2265	163	0
2266	195	0
2267	181	0
2268	164	0
2269	196	0
2270	179	0
2271	201	0
2272	168	0
2273	176	0
2274	189	0
2275	180	0
2276	182	0
2277	197	0
2278	192	0
2279	156	0
2280	184	0
2281	155	0
2282	183	0
2283	179	0
2284	168	0
2285	164	0
2286	179	0
2287	162	0
2288	184	0
2289	178	0
2290	181	0
2291	179	0
2292	180	0
2293	173	0
2294	178	0
2295	178	0
2296	169	0
2297	186	0
2298	172	0
2299	172	0
2300	188	0
2301	185	0
2302	143	0
2303	162	0
2304	180	0
2305	152	0
2306	146	0
2307	158	0
2308	148	0
2309	154	0
2310	177	0
2311	190	0
2312	156	0
2313	134	0
2314	162	0
2315	162	0
2316	164	0
2317	167	0
2318	176	0
2319	181	0
2320	139	0
2321	156	0
2322	167	0
2323	173	0
2324	158	0
2325	143	0
2326	150	0
2327	157	0
2328	137	0
2329	142	0
2330	164	0
2331	164	0
2332	131	0
2333	161	0
2334	129	0
2335	133	0
2336	149	0
2337	148	0
2338	140	0
2339	131	0
2340	146	0
2341	138	0
2342	128	0
2343	124	0
2344	142	0
2345	118	0
2346	139	0
2347	156	0
2348	155	0
2349	146	0
2350	145	0
2351	145	0
2352	164	0
2353	130	0
2354	155	0
2355	146	0
2356	119	0
2357	145	0
2358	134	0
2359	124	0
2360	125	0
2361	131	0
2362	144	0
2363	115	0
2364	114	0
2365	130	0
2366	139	0
2367	124	0
2368	117	0
2369	130	0
2370	132	0
2371	129	0
2372	144	0
2373	151	0
2374	151	0
2375	128	0
2376	144	0
2377	126	0
2378	140	0
2379	123	0
2380	123	0
2381	133	0
2382	137	0
2383	147	0
2384	116	0
2385	119	0
2386	133	0
2387	130	0
2388	104	0
2389	122	0
2390	106	0
2391	132	0
2392	140	0
2393	130	0
2394	139	0
2395	120	0
2396	155	0
2397	130	0
2398	131	0
2399	143	0
2400	102	0
2401	146	0
2402	137	0
2403	110	0
2404	122	0
2405	115	0
2406	115	0
2407	99	0
2408	113	0
2409	130	0
2410	116	0
2411	101	0
2412	118	0
2413	117	0
2414	110	0
2415	106	0
2416	128	0
2417	99	0
2418	104	0
2419	125	0
2420	114	0
2421	114	0
2422	121	0
2423	127	0
2424	127	0
2425	118	0
2426	99	0
2427	114	0
2428	125	0
2429	115	0
2430	89	0
2431	122	0
2432	83	0
2433	111	0
2434	97	0
2435	103	0
2436	108	0
2437	125	0
2438	112	0
2439	121	0
2440	114	0
2441	105	0
2442	108	0
2443	102	0
2444	98	0
2445	99	0
2446	102	0
2447	103	0
2448	112	0
2449	97	0
2450	113	0
2451	113	0
2452	100	0
2453	107	0
2454	112	0
2455	97	0
2456	98	0
2457	103	0
2458	98	0
2459	100	0
2460	113	0
2461	97	0
2462	106	0
2463	92	0
2464	113	0
2465	96	0
2466	114	0
2467	105	0
2468	91	0
2469	102	0
2470	112	0
2471	105	0
2472	93	0
2473	87	0
2474	92	0
2475	110	0
2476	110	0
2477	99	0
2478	107	0
2479	92	0
2480	93	0
2481	108	0
2482	98	0
2483	106	0
2484	103	0
2485	101	0
2486	103	0
2487	101	0
2488	105	0
2489	115	0
2490	99	0
2491	114	0
2492	90	0
2493	104	0
2494	114	0
2495	89	0
2496	104	0
2497	99	0
2498	89	0
2499	85	0
2500	99	0
2501	98	0
2502	92	0
2503	105	0
2504	77	0
2505	96	0
2506	92	0
2507	93	0
2508	88	0
2509	89	0
2510	84	0
2511	82	0
2512	78	0
2513	90	0
2514	100	0
2515	85	0
2516	79	0
2517	79	0
2518	82	0
2519	85	0
2520	79	0
2521	81	0
2522	83	0
2523	73	0
2524	65	0
2525	75	0
2526	89	0
2527	82	0
2528	87	0
2529	73	0
2530	80	0
2531	81	0
2532	93	0
2533	89	0
2534	79	0
2535	87	0
2536	88	0
2537	84	0
2538	87	0
2539	90	0
2540	91	0
2541	81	0
2542	79	0
2543	87	0
2544	96	0
2545	68	0
2546	77	0
2547	84	0
2548	98	0
2549	85	0
2550	78	0
2551	84	0
2552	78	0
2553	76	0
2554	80	0
2555	83	0
2556	80	0
2557	78	0
2558	80	0
2559	81	0
2560	99	0
2561	89	0
2562	93	0
2563	77	0
2564	92	0
2565	76	0
2566	85	0
2567	67	0
2568	81	0
2569	66	0
2570	99	0
2571	77	0
2572	78	0
2573	81	0
2574	74	0
2575	78	0
2576	95	0
2577	83	0
2578	85	0
2579	90	0
2580	86	0
2581	92	0
2582	84	0
2583	86	0
2584	79	0
2585	76	0
2586	70	0
2587	84	0
2588	82	0
2589	91	0
2590	89	0
2591	76	0
2592	89	0
2593	74	0
2594	88	0
2595	83	0
2596	70	0
2597	76	0
2598	80	0
2599	72	0
2600	82	0
2601	71	0
2602	104	0
2603	95	0
2604	82	0
2605	96	0
2606	81	0
2607	66	0
2608	88	0
2609	87	0
2610	71	0
2611	63	0
2612	97	0
2613	74	0
2614	78	0
2615	69	0
2616	84	0
2617	106	0
2618	83	0
2619	82	0
2620	77	0
2621	81	0
2622	95	0
2623	89	0
2624	80	0
2625	101	0
2626	102	0
2627	79	0
2628	80	0
2629	83	0
2630	89	0
2631	78	0
2632	78	0
2633	87	0
2634	85	0
2635	93	0
2636	103	0
2637	87	0
2638	101	0
2639	79	0
2640	80	0
2641	72	0
2642	71	0
2643	111	0
2644	91	0
2645	72	0
2646	95	0
2647	78	0
2648	86	0
2649	85	0
2650	80	0
2651	88	0
2652	89	0
2653	98	0
2654	90	0
2655	79	0
2656	67	0
2657	97	0
2658	93	0
2659	77	0
2660	91	0
2661	74	0
2662	82	0
2663	95	0
2664	75	0
2665	81	0
2666	75	0
2667	77	0
2668	69	0
2669	81	0
2670	79	0
2671	88	0
2672	91	0
2673	78	0
2674	88	0
2675	84	0
2676	80	0
2677	82	0
2678	85	0
2679	72	0
2680	72	0
2681	73	0
2682	79	0
2683	81	0
2684	80	0
2685	77	0
2686	79	0
2687	78	0
2688	77	0
2689	96	0
2690	86	0
2691	68	0
2692	83	0
2693	68	0
2694	75	0
2695	76	0
2696	89	0
2697	68	0
2698	75	0
2699	68	0
2700	85	0
2701	71	0
2702	69	0
2703	96	0
2704	87	0
2705	89	0
2706	71	0
2707	76	0
2708	70	0
2709	96	0
2710	60	0
2711	70	0
2712	72	0
2713	92	0
2714	85	0
2715	79	0
2716	77	0
2717	72	0
2718	76	0
2719	80	0
2720	77	0
2721	93	0
2722	87	0
2723	85	0
2724	80	0
2725	78	0
2726	85	0
2727	73	0
2728	89	0
2729	88	0
2730	73	0
2731	99	0
2732	81	0
2733	93	0
2734	79	0
2735	84	0
2736	61	0
2737	82	0
2738	70	0
2739	75	0
2740	94	0
2741	80	0
2742	85	0
2743	78	0
2744	66	0
2745	89	0
2746	85	0
2747	45	0
2748	79	0
2749	67	0
2750	101	0
2751	65	0
2752	87	0
2753	88	0
2754	73	0
2755	71	0
2756	75	0
2757	69	0
2758	96	0
2759	68	0
2760	96	0
2761	89	0
2762	74	0
2763	79	0
2764	77	0
2765	75	0
2766	85	0
2767	70	0
2768	66	0
2769	80	0
2770	68	0
2771	76	0
2772	73	0
2773	86	0
2774	67	0
2775	75	0
2776	77	0
2777	96	0
2778	72	0
2779	69	0
2780	79	0
2781	72	0
2782	59	0
2783	70	0
2784	79	0
2785	80	0
2786	81	0
2787	65	0
2788	63	0
2789	73	0
2790	71	0
2791	74	0
2792	64	0
2793	65	0
2794	64	0
2795	79	0
2796	74	0
2797	65	0
2798	74	0
2799	63	0
2800	53	0
2801	61	0
2802	65	0
2803	68	0
2804	57	0
2805	58	0
2806	72	0
2807	66	0
2808	77	0
2809	67	0
2810	60	0
2811	70	0
2812	58	0
2813	51	0
2814	54	0
2815	54	0
2816	79	0
2817	70	0
2818	71	0
2819	60	0
2820	49	0
2821	69	0
2822	54	0
2823	68	0
2824	71	0
2825	70	0
2826	62	0
2827	63	0
2828	68	0
2829	77	0
2830	61	0
2831	73	0
2832	59	0
2833	73	0
2834	57	0
2835	60	0
2836	65	0
2837	64	0
2838	68	0
2839	57	0
2840	71	0
2841	73	0
2842	64	0
2843	71	0
2844	56	0
2845	72	0
2846	61	0
2847	62	0
2848	62	0
2849	52	0
2850	57	0
2851	60	0
2852	70	0
2853	55	0
2854	56	0
2855	64	0
2856	66	0
2857	61	0
2858	63	0
2859	47	0
2860	65	0
2861	63	0
2862	57	0
2863	60	0
2864	56	0
2865	62	0
2866	60	0
2867	70	0
2868	56	0
2869	56	0
2870	51	0
2871	63	0
2872	69	0
2873	56	0
2874	46	0
2875	57	0
2876	50	0
2877	54	0
2878	65	0
2879	49	0
2880	63	0
2881	69	0
2882	61	0
2883	63	0
2884	64	0
2885	61	0
2886	57	0
2887	60	0
2888	61	0
2889	52	0
2890	52	0
2891	71	0
2892	57	0
2893	46	0
2894	58	0
2895	49	0
2896	54	0
2897	57	0
2898	44	0
2899	46	0
2900	63	0
2901	39	0
2902	54	0
2903	56	0
2904	47	0
2905	66	0
2906	51	0
2907	55	0
2908	36	0
2909	45	0
2910	68	0
2911	56	0
2912	49	0
2913	66	0
2914	46	0
2915	56	0
2916	56	0
2917	43	0
2918	48	0
2919	45	0
2920	54	0
2921	54	0
2922	52	0
2923	35	0
2924	45	0
2925	48	0
2926	46	0
2927	50	0
2928	55	0
2929	49	0
2930	63	0
2931	54	0
2932	58	0
2933	56	0
2934	45	0
2935	43	0
2936	59	0
2937	46	0
2938	58	0
2939	53	0
2940	52	0
2941	44	0
2942	58	0
2943	52	0
2944	49	0
2945	54	0
2946	47	0
2947	61	0
2948	47	0
2949	46	0
2950	37	0
2951	42	0
2952	42	0
2953	49	0
2954	62	0
2955	38	0
2956	42	0
2957	45	0
2958	60	0
2959	50	0
2960	46	0
2961	54	0
2962	52	0
2963	46	0
2964	50	0
2965	46	0
2966	34	0
2967	46	0
2968	45	0
2969	50	0
2970	53	0
2971	61	0
2972	57	0
2973	56	0
2974	54	0
2975	64	0
2976	69	0
2977	49	0
2978	43	0
2979	52	0
2980	54	0
2981	53	0
2982	48	0
2983	39	0
2984	52	0
2985	57	0
2986	37	0
2987	52	0
2988	53	0
2989	35	0
2990	53	0
2991	49	0
2992	49	0
2993	39	0
2994	57	0
2995	37	0
2996	48	0
2997	49	0
2998	54	0
2999	40	0
3000	48	0
3001	45	0
3002	53	0
3003	50	0
3004	47	0
3005	47	0
3006	33	0
3007	33	0
3008	48	0
3009	48	0
3010	54	0
3011	50	0
3012	50	0
3013	49	0
3014	50	0
3015	43	0
3016	57	0
3017	42	0
3018	64	0
3019	50	0
3020	46	0
3021	48	0
3022	64	0
3023	43	0
3024	51	0
3025	38	0
3026	41	0
3027	42	0
3028	39	0
3029	43	0
3030	53	0
3031	32	0
3032	45	0
3033	43	0
3034	42	0
3035	51	0
3036	35	0
3037	40	0
3038	43	0
3039	47	0
3040	39	0
3041	57	0
3042	43	0
3043	40	0
3044	54	0
3045	28	0
3046	38	0
3047	38	0
3048	48	0
3049	42	0
3050	40	0
3051	53	0
3052	40	0
3053	50	0
3054	43	0
3055	45	0
3056	45	0
3057	46	0
3058	48	0
3059	50	0
3060	50	0
3061	44	0
3062	45	0
3063	44	0
3064	44	0
3065	41	0
3066	47	0
3067	51	0
3068	40	0
3069	63	0
3070	48	0
3071	47	0
3072	45	0
3073	46	0
3074	46	0
3075	45	0
3076	33	0
3077	40	0
3078	42	0
3079	45	0
3080	37	0
3081	38	0
3082	34	0
3083	30	0
3084	47	0
3085	38	0
3086	34	0
3087	45	0
3088	35	0
3089	37	0
3090	44	0
3091	35	0
3092	32	0
3093	49	0
3094	32	0
3095	31	0
3096	31	0
3097	34	0
3098	35	0
3099	38	0
3100	42	0
3101	31	0
3102	39	0
3103	34	0
3104	41	0
3105	29	0
3106	41	0
3107	34	0
3108	35	0
3109	35	0
3110	36	0
3111	40	0
3112	35	0
3113	32	0
3114	39	0
3115	32	0
3116	33	0
3117	28	0
3118	28	0
3119	23	0
3120	34	0
3121	25	0
3122	24	0
3123	34	0
3124	29	0
3125	34	0
3126	36	0
3127	39	0
3128	30	0
3129	38	0
3130	32	0
3131	25	0
3132	30	0
3133	21	0
3134	34	0
3135	25	0
3136	34	0
3137	19	0
3138	31	0
3139	33	0
3140	39	0
3141	27	0
3142	22	0
3143	24	0
3144	21	0
3145	22	0
3146	28	0
3147	26	0
3148	26	0
3149	21	0
3150	25	0
3151	25	0
3152	22	0
3153	28	0
3154	27	0
3155	17	0
3156	17	0
3157	28	0
3158	28	0
3159	27	0
3160	30	0
3161	19	0
3162	33	0
3163	29	0
3164	35	0
3165	27	0
3166	25	0
3167	21	0
3168	28	0
3169	20	0
3170	19	0
3171	24	0
3172	21	0
3173	23	0
3174	20	0
3175	24	0
3176	22	0
3177	19	0
3178	26	0
3179	30	0
3180	27	0
3181	27	0
3182	26	0
3183	21	0
3184	17	0
3185	31	0
3186	24	0
3187	24	0
3188	21	0
3189	16	0
3190	28	0
3191	21	0
3192	26	0
3193	21	0
3194	24	0
3195	23	0
3196	28	0
3197	26	0
3198	28	0
3199	20	0
3200	22	0
3201	30	0
3202	31	0
3203	32	0
3204	23	0
3205	18	0
3206	20	0
3207	21	0
3208	22	0
3209	23	0
3210	19	0
3211	20	0
3212	16	0
3213	20	0
3214	18	0
3215	22	0
3216	20	0
3217	15	0
3218	20	0
3219	21	0
3220	18	0
3221	24	0
3222	12	0
3223	20	0
3224	18	0
3225	16	0
3226	18	0
3227	24	0
3228	17	0
3229	22	0
3230	12	0
3231	10	0
3232	22	0
3233	18	0
3234	19	0
3235	18	0
3236	20	0
3237	6	0
3238	17	0
3239	23	0
3240	18	0
3241	15	0
3242	18	0
3243	11	0
3244	16	0
3245	17	0
3246	17	0
3247	9	0
3248	24	0
3249	14	0
3250	21	0
3251	14	0
3252	14	0
3253	17	0
3254	17	0
3255	15	0
3256	15	0
3257	8	0
3258	13	0
3259	17	0
3260	15	0
3261	16	0
3262	15	0
3263	16	0
3264	11	0
3265	13	0
3266	17	0
3267	14	0
3268	13	0
3269	11	0
3270	12	0
3271	13	0
3272	10	0
3273	10	0
3274	16	0
3275	15	0
3276	9	0
3277	11	0
3278	9	0
3279	11	0
3280	5	0
3281	14	0
3282	13	0
3283	9	0
3284	11	0
3285	11	0
3286	9	0
3287	9	0
3288	12	0
3289	8	0
3290	9	0
3291	4	0
3292	7	0
3293	7	0
3294	11	0
3295	12	0
3296	18	0
3297	7	0
3298	6	0
3299	7	0
3300	15	0
3301	10	0
3302	8	0
3303	9	0
3304	11	0
3305	9	0
3306	8	0
3307	5	0
3308	3	0
3309	7	0
3310	9	0
3311	3	0
3312	11	0
3313	11	0
3314	7	0
3315	11	0
3316	9	0
3317	13	0
3318	5	0
3319	6	0
3320	9	0
3321	7	0
3322	6	0
3323	6	0
3324	6	0
3325	6	0
3326	10	0
3327	7	0
3328	7	0
3329	5	0
3330	7	0
3331	6	0
3332	7	0
3333	1	0
3334	5	0
3335	8	0
3336	10	0
3337	4	0
3338	8	0
3339	10	0
3340	6	0
3341	12	0
3342	9	0
3343	5	0
3344	7	0
3345	8	0
3346	4	0
3347	9	0
3348	4	0
3349	6	0
3350	5	0
3351	3	0
3352	5	0
3353	2	0
3354	4	0
3355	6	0
3356	4	0
3357	5	0
3358	8	0
3359	5	0
3360	5	0
3361	4	0
3362	3	0
3363	2	0
3364	3	0
3365	7	0
3366	3	0
3367	5	0
3368	2	0
3369	6	0
3370	8	0
3371	5	0
3372	5	0
3373	1	0
3374	5	0
3375	1	0
3376	2	0
3377	3	0
3378	3	0
3379	8	0
3380	2	0
3381	3	0
3382	4	0
3383	3	0
3384	5	0
3385	3	0
3386	3	0
3387	5	0
3388	6	0
3389	3	0
3390	1	0
3391	3	0
3392	9	0
3393	4	0
3394	0	0
3395	4	0
3396	5	0
3397	5	0
3398	7	0
3399	6	0
3400	6	0
3401	7	0
3402	5	0
3403	1	0
3404	5	0
3405	3	0
3406	6	0
3407	1	0
3408	7	0
3409	0	0
3410	2	0
3411	3	0
3412	3	0
3413	10	0
3414	5	0
3415	4	0
3416	3	0
3417	4	0
3418	1	0
3419	4	0
3420	5	0
3421	1	0
3422	1	0
3423	5	0
3424	4	0
3425	4	0
3426	1	0
3427	0	0
3428	2	0
3429	1	0
3430	2	0
3431	1	0
3432	6	0
3433	4	0
3434	0	0
3435	2	0
3436	5	0
3437	3	0
3438	1	0
3439	5	0
3440	3	0
3441	7	0
3442	4	0
3443	3	0
3444	5	0
3445	1	0
3446	3	0
3447	5	0
3448	2	0
3449	2	0
3450	2	0
3451	3	0
3452	2	0
3453	5	0
3454	3	0
3455	0	0
3456	2	0
3457	3	0
3458	2	0
3459	1	0
3460	3	0
3461	0	0
3462	3	0
3463	0	0
3464	2	0
3465	1	0
3466	2	0
3467	2	0
3468	2	0
3469	3	0
3470	2	0
3471	2	0
3472	2	0
3473	1	0
3474	2	0
3475	2	0
3476	1	0
3477	3	0
3478	0	0
3479	2	0
3480	1	0
3481	0	0
3482	3	0
3483	2	0
3484	4	0
3485	1	0
3486	4	0
3487	1	0
3488	0	0
3489	0	0
3490	1	0
3491	0	0
3492	0	0
3493	1	0
3494	0	0
3495	2	0
3496	1	0
3497	1	0
3498	1	0
3499	1	0
3500	0	0
3501	0	0
3502	0	0
3503	1	0
3504	1	0
3505	2	0
3506	2	0
3507	0	0
3508	1	0
3509	1	0
3510	0	0
3511	2	0
3512	1	0
3513	2	0
3514	1	0
3515	0	0
3516	1	0
3517	0	0
3518	1	0
3519	0	0
3520	2	0
3521	3	0
3522	1	0
3523	0	0
3524	0	0
3525	1	0
3526	1	0
3527	1	0
3528	2	0
3529	1	0
3530	0	0
3531	1	0
3532	1	0
3533	0	0
3534	1	0
3535	0	0
3536	0	0
3537	0	0
3538	0	0
3539	2	0
3540	0	0
3541	4	0
3542	0	0
3543	0	0
3544	1	0
3545	0	0
3546	0	0
3547	0	0
3548	1	0
3549	0	0
3550	2	0
3551	0	0
3552	0	0
3553	0	0
3554	0	0
3555	2	0
3556	1	0
3557	2	0
3558	1	0
3559	1	0
3560	1	0
3561	3	0
3562	1	0
3563	0	0
3564	0	0
3565	0	0
3566	0	0
3567	0	0
3568	0	0
3569	1	0
3570	0	0
3571	0	0
3572	0	0
3573	0	0
3574	2	0
3575	0	0
3576	2	0
3577	2	0
3578	3	0
3579	2	0
3580	0	0
3581	0	0
3582	2	0
3583	0	0
3584	1	0
3585	1	0
3586	1	0
3587	1	0
3588	0	0
3589	2	0
3590	0	0
3591	0	0
3592	1	0
3593	1	0
3594	0	0
3595	0	0
3596	1	0
3597	1	0
3598	1	0
3599	0	0
3600	0	0
3601	3	0
3602	0	0
3603	1	0
3604	0	0
3605	0	0
3606	1	0
3607	1	0
3608	0	0
3609	2	0
3610	1	0
3611	0	0
3612	1	0
3613	3	0
3614	1	0
3615	1	0
3616	1	0
3617	0	0
3618	0	0
3619	0	0
3620	0	0
3621	0	0
3622	0	0
3623	0	0
3624	1	0
3625	0	0
3626	1	0
3627	0	0
3628	2	0
3629	1	0
3630	0	0
3631	0	0
3632	1	0
3633	2	0
3634	0	0
3635	0	0
3636	0	0
3637	0	0
3638	0	0
3639	1	0
3640	0	0
3641	0	0
3642	1	0
3643	1	0
3644	1	0
3645	0	0
3646	1	0
3647	0	0
3648	0	0
3649	1	0
3650	1	0
3651	0	0
3652	0	0
3653	0	0
3654	0	0
3655	0	0
3656	1	0
3657	0	0
3658	0	0
3659	2	0
3660	0	0
3661	0	0
3662	0	0
3663	0	0
3664	1	0
3665	1	0
3666	2	0
3667	0	0
3668	1	0
3669	1	0
3670	0	0
3671	1	0
3672	1	0
3673	0	0
3674	0	0
3675	0	0
3676	2	0
3677	0	0
3678	0	0
3679	1	0
3680	0	0
3681	1	0
3682	1	0
3683	1	0
3684	0	0
3685	1	0
3686	0	0
3687	2	0
3688	3	0
3689	2	0
3690	0	0
3691	4	0
3692	0	0
3693	0	0
3694	1	0
3695	0	0
3696	2	0
3697	1	0
3698	2	0
3699	2	0
3700	1	0
3701	0	0
3702	2	0
3703	1	0
3704	0	0
3705	2	0
3706	2	0
3707	2	0
3708	1	0
3709	2	0
3710	0	0
3711	1	0
3712	1	0
3713	2	0
3714	0	0
3715	1	0
3716	0	0
3717	0	0
3718	1	0
3719	0	0
3720	0	0
3721	1	0
3722	0	0
3723	1	0
3724	1	0
3725	0	0
3726	2	0
3727	0	0
3728	0	0
3729	1	0
3730	0	0
3731	1	0
3732	0	0
3733	0	0
3734	0	0
3735	1	0
3736	0	0
3737	0	0
3738	1	0
3739	0	0
3740	2	0
3741	0	0
3742	3	0
3743	4	0
3744	0	0
3745	2	0
3746	1	0
3747	1	0
3748	1	0
3749	3	0
3750	3	0
3751	1	0
3752	2	0
3753	0	0
3754	1	0
3755	1	0
3756	0	0
3757	1	0
3758	0	0
3759	0	0
3760	2	0
3761	0	0
3762	1	0
3763	2	0
3764	1	0
3765	1	0
3766	1	0
3767	3	0
3768	0	0
3769	2	0
3770	0	0
3771	1	0
3772	0	0
3773	0	0
3774	1	0
3775	2	0
3776	2	0
3777	2	0
3778	2	0
3779	0	0
3780	1	0
3781	3	0
3782	1	0
3783	3	0
3784	0	0
3785	1	0
3786	1	0
3787	3	0
3788	1	0
3789	2	0
3790	3	0
3791	0	0
3792	1	0
3793	1	0
3794	2	0
3795	1	0
3796	2	0
3797	2	0
3798	0	0
3799	2	0
3800	1	0
3801	0	0
3802	1	0
3803	3	0
3804	1	0
3805	2	0
3806	2	0
3807	4	0
3808	1	0
3809	0	0
3810	2	0
3811	2	0
3812	7	0
3813	0	0
3814	1	0
3815	0	0
3816	3	0
3817	1	0
3818	0	0
3819	0	0
3820	0	0
3821	1	0
3822	1	0
3823	0	0
3824	0	0
3825	0	0
3826	2	0
3827	0	0
3828	1	0
3829	0	0
3830	1	0
3831	1	0
3832	2	0
3833	3	0
3834	3	0
3835	1	0
3836	2	0
3837	0	0
3838	1	0
3839	0	0
3840	2	0
3841	1	0
3842	0	0
3843	2	0
3844	2	0
3845	3	0
3846	1	0
3847	0	0
3848	1	0
3849	3	0
3850	1	0
3851	0	0
3852	0	0
3853	1	0
3854	4	0
3855	0	0
3856	2	0
3857	0	0
3858	1	0
3859	1	0
3860	1	0
3861	4	0
3862	1	0
3863	0	0
3864	1	0
3865	3	0
3866	2	0
3867	3	0
3868	1	0
3869	1	0
3870	2	0
3871	1	0
3872	0	0
3873	2	0
3874	1	0
3875	0	0
3876	0	0
3877	1	0
3878	1	0
3879	2	0
3880	1	0
3881	2	0
3882	3	0
3883	1	0
3884	1	0
3885	1	0
3886	1	0
3887	0	0
3888	3	0
3889	1	0
3890	1	0
3891	0	0
3892	3	0
3893	1	0
3894	1	0
3895	0	0
3896	2	0
3897	2	0
3898	3	0
3899	2	0
3900	2	0
3901	2	0
3902	2	0
3903	1	0
3904	0	0
3905	0	0
3906	0	0
3907	0	0
3908	2	0
3909	0	0
3910	0	0
3911	0	0
3912	1	0
3913	1	0
3914	0	0
3915	1	0
3916	2	0
3917	2	0
3918	0	0
3919	3	0
3920	1	0
3921	2	0
3922	2	0
3923	1	0
3924	1	0
3925	1	0
3926	0	0
3927	0	0
3928	1	0
3929	0	0
3930	2	0
3931	0	0
3932	0	0
3933	0	0
3934	1	0
3935	0	0
3936	0	0
3937	1	0
3938	1	0
3939	0	0
3940	1	0
3941	0	0
3942	1	0
3943	0	0
3944	0	0
3945	0	0
3946	1	0
3947	2	0
3948	1	0
3949	0	0
3950	1	0
3951	1	0
3952	2	0
3953	1	0
3954	0	0
3955	0	0
3956	0	0
3957	1	0
3958	1	0
3959	0	0
3960	0	0
3961	2	0
3962	0	0
3963	0	0
3964	1	0
3965	1	0
3966	1	0
3967	2	0
3968	1	0
3969	1	0
3970	0	0
3971	1	0
3972	0	0
3973	0	0
3974	0	0
3975	0	0
3976	0	0
3977	0	0
3978	0	0
3979	2	0
3980	1	0
3981	0	0
3982	0	0
3983	2	0
3984	0	0
3985	1	0
3986	0	0
3987	0	0
3988	1	0
3989	0	0
3990	0	0
3991	2	0
3992	0	0
3993	0	0
3994	1	0
3995	0	0
3996	0	0
3997	0	0
3998	0	0
3999	1	0
4000	1	0
4001	0	0
4002	2	0
4003	1	0
4004	0	0
4005	0	0
4006	1	0
4007	1	0
4008	0	0
4009	1	0
4010	1	0
4011	0	0
4012	0	0
4013	0	0
4014	0	0
4015	0	0
4016	2	0
4017	0	0
4018	0	0
4019	1	0
4020	0	0
4021	1	0
4022	0	0
4023	0	0
4024	2	0
4025	0	0
4026	0	0
4027	0	0
4028	0	0
4029	0	0
4030	0	0
4031	1	0
4032	0	0
4033	0	0
4034	0	0
4035	1	0
4036	0	0
4037	0	0
4038	0	0
4039	1	0
4040	0	0
4041	0	0
4042	0	0
4043	2	0
4044	0	0
4045	0	0
4046	0	0
4047	0	0
4048	1	0
4049	0	0
4050	0	0
4051	0	0
4052	0	0
4053	0	0
4054	0	0
4055	0	0
4056	1	0
4057	0	0
4058	0	0
4059	0	0
4060	0	0
4061	2	0
4062	1	0
4063	0	0
4064	1	0
4065	1	0
4066	1	0
4067	0	0
4068	0	0
4069	2	0
4070	0	0
4071	1	0
4072	1	0
4073	0	0
4074	1	0
4075	0	0
4076	0	0
4077	0	0
4078	0	0
4079	0	0
4080	0	0
4081	2	0
4082	0	0
4083	0	0
4084	1	0
4085	0	0
4086	1	0
4087	0	0
4088	1	0
4089	0	0
4090	1	0
4091	0	0
4092	0	0
4093	0	0
4094	0	0
4095	0	0
4096	0	0
4097	2	0
4098	1	0
4099	0	0
4100	0	0
4101	0	0
4102	1	0
4103	1	0
4104	1	0
4105	0	0
4106	1	0
4107	1	0
4108	0	0
4109	2	0
4110	1	0
4111	2	0
4112	0	0
4113	1	0
4114	0	0
4115	1	0
4116	1	0
4117	0	0
4118	0	0
4119	0	0
4120	0	0
4121	1	0
4122	1	0
4123	1	0
4124	0	0
4125	0	0
4126	1	0
4127	0	0
4128	0	0
4129	0	0
4130	0	0
4131	1	0
4132	1	0
4133	0	0
4134	1	0
4135	2	0
4136	0	0
4137	0	0
4138	2	0
4139	1	0
4140	0	0
4141	1	0
4142	1	0
4143	0	0
4144	1	0
4145	0	0
4146	0	0
4147	1	0
4148	2	0
4149	0	0
4150	1	0
4151	0	0
4152	0	0
4153	0	0
4154	0	0
4155	0	0
4156	0	0
4157	1	0
4158	0	0
4159	1	0
4160	0	0
4161	0	0
4162	1	0
4163	0	0
4164	0	0
4165	1	0
4166	1	0
4167	2	0
4168	0	0
4169	0	0
4170	0	0
4171	0	0
4172	1	0
4173	1	0
4174	0	0
4175	0	0
4176	1	0
4177	0	0
4178	1	0
4179	0	0
4180	0	0
4181	1	0
4182	0	0
4183	0	0
4184	0	0
4185	0	0
4186	0	0
4187	1	0
4188	0	0
4189	0	0
4190	2	0
4191	0	0
4192	0	0
4193	0	0
4194	2	0
4195	0	0
4196	0	0
4197	0	0
4198	0	0
4199	0	0
4200	1	0
4201	1	0
4202	1	0
4203	0	0
4204	0	0
4205	0	0
4206	1	0
4207	1	0
4208	1	0
4209	1	0
4210	0	0
4211	1	0
4212	0	0
4213	0	0
4214	0	0
4215	2	0
4216	0	0
4217	1	0
4218	0	0
4219	1	0
4220	1	0
4221	0	0
4222	0	0
4223	0	0
4224	0	0
4225	1	0
4226	1	0
4227	1	0
4228	0	0
4229	0	0
4230	0	0
4231	0	0
4232	1	0
4233	0	0
4234	0	0
4235	0	0
4236	1	0
4237	0	0
4238	0	0
4239	1	0
4240	2	0
4241	1	0
4242	0	0
4243	0	0
4244	1	0
4245	0	0
4246	2	0
4247	0	0
4248	0	0
4249	1	0
4250	1	0
4251	2	0
4252	1	0
4253	2	0
4254	1	0
4255	2	0
4256	0	0
4257	1	0
4258	0	0
4259	0	0
4260	0	0
4261	0	0
4262	1	0
4263	0	0
4264	0	0
4265	2	0
4266	1	0
4267	2	0
4268	0	0
4269	1	0
4270	0	0
4271	0	0
4272	0	0
4273	1	0
4274	1	0
4275	1	0
4276	1	0
4277	0	0
4278	1	0
4279	0	0
4280	0	0
4281	0	0
4282	0	0
4283	0	0
4284	0	0
4285	0	0
4286	1	0
4287	2	0
4288	0	0
4289	0	0
4290	1	0
4291	3	0
4292	2	0
4293	1	0
4294	1	0
4295	1	0
4296	0	0
4297	0	0
4298	0	0
4299	1	0
4300	1	0
4301	0	0
4302	2	0
4303	0	0
4304	0	0
4305	1	0
4306	0	0
4307	2	0
4308	2	0
4309	0	0
4310	0	0
4311	0	0
4312	1	0
4313	1	0
4314	2	0
4315	0	0
4316	1	0
4317	0	0
4318	0	0
4319	0	0
4320	0	0
4321	0	0
4322	0	0
4323	0	0
4324	1	0
4325	1	0
4326	0	0
4327	0	0
4328	0	0
4329	0	0
4330	1	0
4331	0	0
4332	0	0
4333	0	0
4334	1	0
4335	0	0
4336	1	0
4337	1	0
4338	2	0
4339	0	0
4340	0	0
4341	1	0
4342	0	0
4343	2	0
4344	1	0
4345	1	0
4346	1	0
4347	1	0
4348	0	0
4349	0	0
4350	0	0
4351	0	0
4352	2	0
4353	2	0
4354	1	0
4355	0	0
4356	0	0
4357	0	0
4358	3	0
4359	0	0
4360	0	0
4361	0	0
4362	0	0
4363	1	0
4364	0	0
4365	1	0
4366	0	0
4367	1	0
4368	0	0
4369	0	0
4370	2	0
4371	0	0
4372	1	0
4373	2	0
4374	0	0
4375	2	0
4376	0	0
4377	0	0
4378	1	0
4379	1	0
4380	1	0
4381	0	0
4382	0	0
4383	0	0
4384	1	0
4385	0	0
4386	0	0
4387	1	0
4388	0	0
4389	2	0
4390	0	0
4391	2	0
4392	1	0
4393	0	0
4394	1	0
4395	0	0
4396	1	0
4397	1	0
4398	2	0
4399	0	0
4400	1	0
4401	0	0
4402	1	0
4403	1	0
4404	0	0
4405	1	0
4406	0	0
4407	1	0
4408	0	0
4409	1	0
4410	2	0
4411	0	0
4412	0	0
4413	1	0
4414	1	0
4415	0	0
4416	1	0
4417	0	0
4418	1	0
4419	1	0
4420	0	0
4421	1	0
4422	3	0
4423	0	0
4424	0	0
4425	2	0
4426	0	0
4427	2	0
4428	0	0
4429	1	0
4430	2	0
4431	1	0
4432	2	0
4433	1	0
4434	0	0
4435	0	0
4436	2	0
4437	1	0
4438	2	0
4439	1	0
4440	0	0
4441	0	0
4442	0	0
4443	0	0
4444	0	0
4445	1	0
4446	1	0
4447	2	0
4448	0	0
4449	1	0
4450	1	0
4451	1	0
4452	1	0
4453	0	0
4454	0	0
4455	1	0
4456	1	0
4457	1	0
4458	1	0
4459	1	0
4460	0	0
4461	0	0
4462	2	0
4463	0	0
4464	1	0
4465	1	0
4466	0	0
4467	1	0
4468	0	0
4469	1	0
4470	0	0
4471	1	0
4472	1	0
4473	0	0
4474	1	0
4475	1	0
4476	0	0
4477	0	0
4478	1	0
4479	1	0
4480	1	0
4481	1	0
4482	0	0
4483	0	0
4484	0	0
4485	0	0
4486	0	0
4487	1	0
4488	0	0
4489	0	0
4490	0	0
4491	1	0
4492	3	0
4493	2	0
4494	0	0
4495	0	0
4496	0	0
4497	0	0
4498	0	0
4499	0	0
4500	1	0
4501	0	0
4502	0	0
4503	0	0
4504	2	0
4505	0	0
4506	0	0
4507	1	0
4508	0	0
4509	0	0
4510	1	0
4511	0	0
4512	0	0
4513	0	0
4514	0	0
4515	1	0
4516	0	0
4517	0	0
4518	1	0
4519	1	0
4520	3	0
4521	2	0
4522	1	0
4523	0	0
4524	0	0
4525	3	0
4526	1	0
4527	0	0
4528	0	0
4529	1	0
4530	0	0
4531	0	0
4532	0	0
4533	0	0
4534	1	0
4535	0	0
4536	2	0
4537	3	0
4538	0	0
4539	1	0
4540	0	0
4541	0	0
4542	0	0
4543	1	0
4544	0	0
4545	0	0
4546	0	0
4547	0	0
4548	0	0
4549	1	0
4550	0	0
4551	1	0
4552	1	0
4553	0	0
4554	0	0
4555	0	0
4556	1	0
4557	0	0
4558	0	0
4559	1	0
4560	0	0
4561	0	0
4562	0	0
4563	0	0
4564	1	0
4565	1	0
4566	1	0
4567	2	0
4568	2	0
4569	1	0
4570	0	0
4571	2	0
4572	3	0
4573	0	0
4574	1	0
4575	1	0
4576	1	0
4577	0	0
4578	2	0
4579	1	0
4580	0	0
4581	0	0
4582	1	0
4583	1	0
4584	0	0
4585	1	0
4586	1	0
4587	2	0
4588	0	0
4589	1	0
4590	1	0
4591	0	0
4592	0	0
4593	1	0
4594	0	0
4595	1	0
4596	1	0
4597	0	0
4598	0	0
4599	0	0
4600	1	0
4601	0	0
4602	0	0
4603	0	0
4604	0	0
4605	0	0
4606	1	0
4607	0	0
4608	1	0
4609	0	0
4610	0	0
4611	0	0
4612	2	0
4613	0	0
4614	0	0
4615	1	0
4616	0	0
4617	1	0
4618	1	0
4619	0	0
4620	1	0
4621	0	0
4622	0	0
4623	0	0
4624	1	0
4625	0	0
4626	1	0
4627	0	0
4628	0	0
4629	1	0
4630	0	0
4631	0	0
4632	0	0
4633	1	0
4634	1	0
4635	0	0
4636	1	0
4637	1	0
4638	0	0
4639	0	0
4640	0	0
4641	0	0
4642	0	0
4643	0	0
4644	0	0
4645	3	0
4646	0	0
4647	0	0
4648	1	0
4649	0	0
4650	1	0
4651	0	0
4652	1	0
4653	0	0
4654	0	0
4655	0	0
4656	1	0
4657	0	0
4658	0	0
4659	0	0
4660	0	0
4661	0	0
4662	0	0
4663	1	0
4664	1	0
4665	0	0
4666	1	0
4667	0	0
4668	2	0
4669	0	0
4670	3	0
4671	0	0
4672	0	0
4673	0	0
4674	1	0
4675	1	0
4676	0	0
4677	2	0
4678	0	0
4679	0	0
4680	0	0
4681	0	0
4682	1	0
4683	0	0
4684	1	0
4685	0	0
4686	1	0
4687	0	0
4688	0	0
4689	2	0
4690	1	0
4691	1	0
4692	0	0
4693	1	0
4694	0	0
4695	1	0
4696	1	0
4697	0	0
4698	2	0
4699	1	0
4700	0	0
4701	0	0
4702	0	0
4703	0	0
4704	0	0
4705	1	0
4706	0	0
4707	1	0
4708	0	0
4709	0	0
4710	0	0
4711	0	0
4712	1	0
4713	2	0
4714	0	0
4715	0	0
4716	0	0
4717	0	0
4718	1	0
4719	0	0
4720	1	0
4721	0	0
4722	0	0
4723	0	0
4724	0	0
4725	0	0
4726	0	0
4727	1	0
4728	0	0
4729	0	0
4730	0	0
4731	0	0
4732	2	0
4733	1	0
4734	0	0
4735	0	0
4736	0	0
4737	0	0
4738	0	0
4739	0	0
4740	0	0
4741	0	0
4742	0	0
4743	0	0
4744	0	0
4745	0	0
4746	0	0
4747	0	0
4748	0	0
4749	0	0
4750	0	0
4751	1	0
4752	0	0
4753	0	0
4754	0	0
4755	2	0
4756	0	0
4757	0	0
4758	1	0
4759	0	0
4760	0	0
4761	0	0
4762	0	0
4763	0	0
4764	0	0
4765	0	0
4766	0	0
4767	0	0
4768	0	0
4769	0	0
4770	0	0
4771	1	0
4772	1	0
4773	1	0
4774	0	0
4775	0	0
4776	0	0
4777	0	0
4778	0	0
4779	0	0
4780	0	0
4781	1	0
4782	1	0
4783	0	0
4784	1	0
4785	0	0
4786	0	0
4787	0	0
4788	0	0
4789	1	0
4790	1	0
4791	0	0
4792	0	0
4793	2	0
4794	0	0
4795	0	0
4796	0	0
4797	0	0
4798	0	0
4799	1	0
4800	0	0
4801	0	0
4802	1	0
4803	0	0
4804	0	0
4805	0	0
4806	0	0
4807	0	0
4808	1	0
4809	0	0
4810	0	0
4811	0	0
4812	1	0
4813	0	0
4814	1	0
4815	0	0
4816	0	0
4817	0	0
4818	1	0
4819	0	0
4820	0	0
4821	0	0
4822	0	0
4823	0	0
4824	0	0
4825	0	0
4826	0	0
4827	0	0
4828	0	0
4829	0	0
4830	1	0
4831	0	0
4832	0	0
4833	2	0
4834	0	0
4835	0	0
4836	0	0
4837	2	0
4838	0	0
4839	0	0
4840	0	0
4841	0	0
4842	1	0
4843	0	0
4844	1	0
4845	1	0
4846	0	0
4847	0	0
4848	1	0
4849	1	0
4850	0	0
4851	1	0
4852	1	0
4853	1	0
4854	1	0
4855	1	0
4856	2	0
4857	0	0
4858	0	0
4859	1	0
4860	1	0
4861	0	0
4862	2	0
4863	0	0
4864	0	0
4865	0	0
4866	1	0
4867	0	0
4868	0	0
4869	1	0
4870	0	0
4871	1	0
4872	0	0
4873	1	0
4874	0	0
4875	0	0
4876	0	0
4877	0	0
4878	1	0
4879	0	0
4880	0	0
4881	1	0
4882	0	0
4883	0	0
4884	0	0
4885	0	0
4886	0	0
4887	0	0
4888	0	0
4889	2	0
4890	1	0
4891	0	0
4892	2	0
4893	1	0
4894	0	0
4895	1	0
4896	0	0
4897	0	0
4898	0	0
4899	0	0
4900	0	0
4901	0	0
4902	1	0
4903	0	0
4904	0	0
4905	0	0
4906	0	0
4907	0	0
4908	0	0
4909	1	0
4910	0	0
4911	0	0
4912	0	0
4913	0	0
4914	0	0
4915	1	0
4916	0	0
4917	0	0
4918	0	0
4919	0	0
4920	0	0
4921	0	0
4922	1	0
4923	1	0
4924	1	0
4925	0	0
4926	0	0
4927	0	0
4928	0	0
4929	0	0
4930	0	0
4931	0	0
4932	1	0
4933	0	0
4934	1	0
4935	0	0
4936	0	0
4937	0	0
4938	0	0
4939	0	0
4940	1	0
4941	0	0
4942	0	0
4943	1	0
4944	0	0
4945	0	0
4946	0	0
4947	1	0
4948	0	0
4949	1	0
4950	1	0
4951	0	0
4952	0	0
4953	0	0
4954	1	0
4955	0	0
4956	1	0
4957	2	0
4958	1	0
4959	0	0
4960	0	0
4961	0	0
4962	0	0
4963	0	0
4964	1	0
4965	0	0
4966	0	0
4967	1	0
4968	1	0
4969	0	0
4970	0	0
4971	0	0
4972	1	0
4973	0	0
4974	0	0
4975	0	0
4976	0	0
4977	0	0
4978	0	0
4979	0	0
4980	1	0
4981	0	0
4982	0	0
4983	0	0
4984	0	0
4985	0	0
4986	0	0
4987	1	0
4988	0	0
4989	0	0
4990	0	0
4991	0	0
4992	0	0
4993	0	0
4994	1	0
4995	0	0
4996	1	0
4997	1	0
4998	0	0
4999	0	0
5000	2080	0

