## htsjdk.samtools.metrics.StringHeader
# CollectHsMetrics BAIT_INTERVALS=[pool1_pool2_nochr_3c.sort.merged.padded20.hg19.210311.met.annotated.interval_list] TARGET_INTERVALS=[pool1_pool2_nochr_3c.sort.merged.padded20.hg19.210311.met.annotated.interval_list] INPUT=marked_duplicates_tail_5_filteredout_5.bam OUTPUT=hs_metrics_tail_5_filteredout_5.txt COVERAGE_CAP=5000 REFERENCE_SEQUENCE=/home/tomas/data/reference/hg19.with.mt.fasta    METRIC_ACCUMULATION_LEVEL=[ALL_READS] NEAR_DISTANCE=250 MINIMUM_MAPPING_QUALITY=20 MINIMUM_BASE_QUALITY=20 CLIP_OVERLAPPING_READS=true INCLUDE_INDELS=false SAMPLE_SIZE=10000 ALLELE_FRACTION=[0.001, 0.005, 0.01, 0.02, 0.05, 0.1, 0.2, 0.3, 0.5] VERBOSITY=INFO QUIET=false VALIDATION_STRINGENCY=STRICT COMPRESSION_LEVEL=5 MAX_RECORDS_IN_RAM=500000 CREATE_INDEX=false CREATE_MD5_FILE=false GA4GH_CLIENT_SECRETS=client_secrets.json USE_JDK_DEFLATER=false USE_JDK_INFLATER=false
## htsjdk.samtools.metrics.StringHeader
# Started on: Fri Feb 04 22:50:13 CET 2022

## METRICS CLASS	picard.analysis.directed.HsMetrics
BAIT_SET	BAIT_TERRITORY	BAIT_DESIGN_EFFICIENCY	ON_BAIT_BASES	NEAR_BAIT_BASES	OFF_BAIT_BASES	PCT_SELECTED_BASES	PCT_OFF_BAIT	ON_BAIT_VS_SELECTED	MEAN_BAIT_COVERAGE	PCT_USABLE_BASES_ON_BAIT	PCT_USABLE_BASES_ON_TARGET	FOLD_ENRICHMENT	HS_LIBRARY_SIZE	HS_PENALTY_10X	HS_PENALTY_20X	HS_PENALTY_30X	HS_PENALTY_40X	HS_PENALTY_50X	HS_PENALTY_100X	TARGET_TERRITORY	GENOME_SIZE	TOTAL_READS	PF_READS	PF_BASES	PF_UNIQUE_READS	PF_UQ_READS_ALIGNED	PF_BASES_ALIGNED	PF_UQ_BASES_ALIGNED	ON_TARGET_BASES	PCT_PF_READS	PCT_PF_UQ_READS	PCT_PF_UQ_READS_ALIGNED	MEAN_TARGET_COVERAGE	MEDIAN_TARGET_COVERAGE	MAX_TARGET_COVERAGE	MIN_TARGET_COVERAGE	ZERO_CVG_TARGETS_PCT	PCT_EXC_DUPE	PCT_EXC_ADAPTER	PCT_EXC_MAPQ	PCT_EXC_BASEQ	PCT_EXC_OVERLAP	PCT_EXC_OFF_TARGET	FOLD_80_BASE_PENALTY	PCT_TARGET_BASES_1X	PCT_TARGET_BASES_2X	PCT_TARGET_BASES_10X	PCT_TARGET_BASES_20X	PCT_TARGET_BASES_30X	PCT_TARGET_BASES_40X	PCT_TARGET_BASES_50X	PCT_TARGET_BASES_100X	PCT_TARGET_BASES_250X	PCT_TARGET_BASES_500X	PCT_TARGET_BASES_1000X	PCT_TARGET_BASES_2500X	PCT_TARGET_BASES_5000X	PCT_TARGET_BASES_10000X	PCT_TARGET_BASES_25000X	PCT_TARGET_BASES_50000X	PCT_TARGET_BASES_100000X	AT_DROPOUT	GC_DROPOUT	HET_SNP_SENSITIVITY	HET_SNP_Q	SAMPLE	LIBRARY	READ_GROUP
pool1_pool2_nochr_3c	2217428	1	121717575	90645906	300518294	0.414059	0.585941	0.573157	54.891331	0.231144	0.096824	331.31761	670073	-1	-1	-1	-1	-1	-1	2217428	3095693983	3855428	3855428	526586540	2607131	2605763	512881775	348049640	50986172	1	0.676223	0.999475	22.993383	5	21765	0	0.051073	0.321384	0	0.025806	0.056513	0.075811	0.421158	7.664461	0.973046	0.909869	0.276556	0.170999	0.130223	0.104148	0.085749	0.043553	0.012418	0.004433	0.001104	0.000302	0.000124	0.00007	0	0	0	9.660436	10.542124	0.798424	7			

## HISTOGRAM	java.lang.Integer
coverage_or_base_quality	high_quality_coverage_count	unfiltered_baseq_count
0	59768	0
1	140090	0
2	221905	0
3	263065	0
4	254612	0
5	215718	0
6	169165	0
7	124475	0
8	90635	0
9	64752	0
10	47398	0
11	36010	0
12	28828	0
13	23859	0
14	20795	6223931
15	18555	0
16	16785	0
17	15016	0
18	13870	0
19	12948	0
20	11838	0
21	11218	700812
22	10132	0
23	9829	0
24	8952	0
25	8588	0
26	7968	0
27	7740	2488630
28	7235	0
29	6919	0
30	6734	0
31	6376	0
32	6372	6228734
33	6104	0
34	5939	0
35	5688	0
36	5603	39642937
37	5310	0
38	5031	0
39	4662	0
40	4660	0
41	4463	0
42	4334	0
43	4221	0
44	4165	0
45	3995	0
46	3851	0
47	3685	0
48	3645	0
49	3780	0
50	3505	0
51	3441	0
52	3269	0
53	3216	0
54	3088	0
55	2982	0
56	2808	0
57	2708	0
58	2573	0
59	2450	0
60	2327	0
61	2256	0
62	2253	0
63	2195	0
64	2183	0
65	2090	0
66	2000	0
67	1997	0
68	1949	0
69	1964	0
70	1876	0
71	1835	0
72	1756	0
73	1760	0
74	1645	0
75	1729	0
76	1650	0
77	1581	0
78	1621	0
79	1586	0
80	1640	0
81	1570	0
82	1505	0
83	1539	0
84	1370	0
85	1325	0
86	1371	0
87	1329	0
88	1327	0
89	1315	0
90	1178	0
91	1187	0
92	1174	0
93	1124	0
94	1072	0
95	1088	0
96	1058	0
97	1036	0
98	1036	0
99	1029	0
100	1068	0
101	1007	0
102	1073	0
103	995	0
104	1025	0
105	1003	0
106	1051	0
107	913	0
108	958	0
109	1005	0
110	981	0
111	903	0
112	996	0
113	883	0
114	931	0
115	834	0
116	796	0
117	754	0
118	765	0
119	801	0
120	756	0
121	713	0
122	730	0
123	691	0
124	687	0
125	730	0
126	661	0
127	665	0
128	676	0
129	639	0
130	651	0
131	674	0
132	607	0
133	659	0
134	613	0
135	609	0
136	620	0
137	627	0
138	614	0
139	574	0
140	608	0
141	568	0
142	563	0
143	555	0
144	557	0
145	583	0
146	542	0
147	517	0
148	562	0
149	541	0
150	519	0
151	538	0
152	541	0
153	558	0
154	525	0
155	517	0
156	502	0
157	460	0
158	501	0
159	489	0
160	498	0
161	547	0
162	521	0
163	480	0
164	526	0
165	449	0
166	476	0
167	420	0
168	423	0
169	379	0
170	425	0
171	392	0
172	420	0
173	409	0
174	370	0
175	382	0
176	345	0
177	376	0
178	373	0
179	323	0
180	340	0
181	345	0
182	361	0
183	326	0
184	322	0
185	358	0
186	359	0
187	327	0
188	350	0
189	333	0
190	297	0
191	301	0
192	320	0
193	316	0
194	290	0
195	299	0
196	325	0
197	303	0
198	286	0
199	315	0
200	297	0
201	315	0
202	268	0
203	283	0
204	261	0
205	304	0
206	253	0
207	240	0
208	249	0
209	275	0
210	225	0
211	264	0
212	262	0
213	248	0
214	247	0
215	224	0
216	269	0
217	242	0
218	237	0
219	241	0
220	227	0
221	243	0
222	241	0
223	258	0
224	256	0
225	238	0
226	273	0
227	215	0
228	215	0
229	243	0
230	206	0
231	212	0
232	208	0
233	214	0
234	203	0
235	189	0
236	188	0
237	196	0
238	171	0
239	195	0
240	201	0
241	196	0
242	169	0
243	166	0
244	198	0
245	175	0
246	154	0
247	164	0
248	178	0
249	153	0
250	157	0
251	162	0
252	156	0
253	139	0
254	163	0
255	157	0
256	140	0
257	167	0
258	185	0
259	169	0
260	179	0
261	159	0
262	153	0
263	161	0
264	152	0
265	141	0
266	157	0
267	153	0
268	159	0
269	123	0
270	142	0
271	131	0
272	141	0
273	163	0
274	133	0
275	137	0
276	121	0
277	139	0
278	133	0
279	133	0
280	126	0
281	148	0
282	140	0
283	118	0
284	129	0
285	138	0
286	125	0
287	119	0
288	136	0
289	110	0
290	123	0
291	121	0
292	101	0
293	107	0
294	111	0
295	119	0
296	76	0
297	107	0
298	108	0
299	113	0
300	103	0
301	87	0
302	107	0
303	94	0
304	84	0
305	103	0
306	82	0
307	94	0
308	96	0
309	102	0
310	108	0
311	112	0
312	101	0
313	109	0
314	122	0
315	75	0
316	92	0
317	108	0
318	86	0
319	83	0
320	81	0
321	88	0
322	81	0
323	97	0
324	80	0
325	89	0
326	87	0
327	82	0
328	83	0
329	101	0
330	74	0
331	104	0
332	71	0
333	76	0
334	99	0
335	82	0
336	57	0
337	71	0
338	85	0
339	80	0
340	72	0
341	75	0
342	67	0
343	78	0
344	68	0
345	81	0
346	61	0
347	51	0
348	65	0
349	65	0
350	61	0
351	74	0
352	70	0
353	79	0
354	57	0
355	84	0
356	72	0
357	55	0
358	72	0
359	60	0
360	67	0
361	58	0
362	61	0
363	59	0
364	56	0
365	64	0
366	58	0
367	61	0
368	42	0
369	57	0
370	54	0
371	57	0
372	47	0
373	43	0
374	67	0
375	53	0
376	53	0
377	45	0
378	61	0
379	44	0
380	64	0
381	56	0
382	38	0
383	43	0
384	42	0
385	51	0
386	48	0
387	62	0
388	44	0
389	44	0
390	54	0
391	46	0
392	58	0
393	52	0
394	40	0
395	53	0
396	55	0
397	50	0
398	49	0
399	56	0
400	46	0
401	60	0
402	53	0
403	55	0
404	56	0
405	53	0
406	51	0
407	37	0
408	47	0
409	56	0
410	57	0
411	44	0
412	47	0
413	38	0
414	38	0
415	39	0
416	38	0
417	32	0
418	40	0
419	36	0
420	38	0
421	45	0
422	47	0
423	35	0
424	28	0
425	58	0
426	60	0
427	43	0
428	45	0
429	46	0
430	42	0
431	55	0
432	45	0
433	45	0
434	32	0
435	42	0
436	55	0
437	40	0
438	43	0
439	42	0
440	36	0
441	37	0
442	43	0
443	37	0
444	33	0
445	39	0
446	41	0
447	36	0
448	36	0
449	35	0
450	50	0
451	27	0
452	29	0
453	35	0
454	36	0
455	29	0
456	30	0
457	30	0
458	41	0
459	33	0
460	27	0
461	40	0
462	27	0
463	39	0
464	26	0
465	32	0
466	38	0
467	37	0
468	28	0
469	20	0
470	31	0
471	34	0
472	37	0
473	36	0
474	34	0
475	30	0
476	35	0
477	36	0
478	36	0
479	27	0
480	32	0
481	20	0
482	25	0
483	32	0
484	28	0
485	18	0
486	12	0
487	31	0
488	27	0
489	26	0
490	37	0
491	32	0
492	33	0
493	35	0
494	29	0
495	23	0
496	29	0
497	28	0
498	27	0
499	36	0
500	26	0
501	32	0
502	31	0
503	34	0
504	29	0
505	32	0
506	38	0
507	24	0
508	35	0
509	25	0
510	27	0
511	36	0
512	26	0
513	21	0
514	30	0
515	28	0
516	30	0
517	25	0
518	25	0
519	18	0
520	28	0
521	25	0
522	18	0
523	36	0
524	18	0
525	22	0
526	24	0
527	20	0
528	26	0
529	28	0
530	31	0
531	19	0
532	20	0
533	28	0
534	25	0
535	23	0
536	25	0
537	32	0
538	26	0
539	25	0
540	31	0
541	24	0
542	36	0
543	23	0
544	23	0
545	36	0
546	17	0
547	13	0
548	26	0
549	25	0
550	21	0
551	29	0
552	25	0
553	26	0
554	29	0
555	20	0
556	24	0
557	23	0
558	29	0
559	21	0
560	22	0
561	26	0
562	29	0
563	27	0
564	32	0
565	23	0
566	22	0
567	24	0
568	17	0
569	28	0
570	21	0
571	15	0
572	21	0
573	18	0
574	23	0
575	26	0
576	28	0
577	22	0
578	26	0
579	24	0
580	27	0
581	20	0
582	22	0
583	24	0
584	18	0
585	29	0
586	27	0
587	28	0
588	25	0
589	18	0
590	20	0
591	18	0
592	22	0
593	22	0
594	27	0
595	22	0
596	22	0
597	21	0
598	26	0
599	29	0
600	21	0
601	28	0
602	26	0
603	17	0
604	22	0
605	19	0
606	21	0
607	27	0
608	28	0
609	34	0
610	24	0
611	19	0
612	23	0
613	22	0
614	27	0
615	22	0
616	32	0
617	30	0
618	23	0
619	29	0
620	27	0
621	16	0
622	30	0
623	31	0
624	29	0
625	21	0
626	26	0
627	26	0
628	22	0
629	19	0
630	18	0
631	18	0
632	16	0
633	11	0
634	18	0
635	24	0
636	33	0
637	20	0
638	21	0
639	22	0
640	14	0
641	13	0
642	9	0
643	15	0
644	18	0
645	15	0
646	18	0
647	15	0
648	22	0
649	24	0
650	21	0
651	12	0
652	15	0
653	17	0
654	16	0
655	11	0
656	14	0
657	13	0
658	21	0
659	13	0
660	12	0
661	22	0
662	7	0
663	12	0
664	15	0
665	15	0
666	18	0
667	20	0
668	23	0
669	20	0
670	14	0
671	19	0
672	14	0
673	13	0
674	17	0
675	23	0
676	21	0
677	12	0
678	20	0
679	15	0
680	19	0
681	16	0
682	15	0
683	14	0
684	17	0
685	19	0
686	17	0
687	20	0
688	16	0
689	18	0
690	13	0
691	12	0
692	14	0
693	10	0
694	19	0
695	23	0
696	19	0
697	19	0
698	22	0
699	16	0
700	11	0
701	18	0
702	16	0
703	13	0
704	13	0
705	14	0
706	11	0
707	11	0
708	12	0
709	12	0
710	21	0
711	10	0
712	11	0
713	9	0
714	11	0
715	11	0
716	6	0
717	15	0
718	9	0
719	8	0
720	13	0
721	18	0
722	8	0
723	9	0
724	14	0
725	10	0
726	8	0
727	13	0
728	21	0
729	17	0
730	8	0
731	11	0
732	13	0
733	9	0
734	6	0
735	10	0
736	9	0
737	7	0
738	8	0
739	14	0
740	13	0
741	10	0
742	12	0
743	14	0
744	18	0
745	8	0
746	14	0
747	11	0
748	12	0
749	10	0
750	10	0
751	12	0
752	12	0
753	20	0
754	11	0
755	10	0
756	10	0
757	15	0
758	9	0
759	9	0
760	12	0
761	14	0
762	13	0
763	12	0
764	14	0
765	15	0
766	16	0
767	16	0
768	13	0
769	9	0
770	16	0
771	10	0
772	9	0
773	12	0
774	13	0
775	9	0
776	12	0
777	17	0
778	9	0
779	11	0
780	7	0
781	13	0
782	15	0
783	7	0
784	24	0
785	12	0
786	11	0
787	12	0
788	11	0
789	15	0
790	16	0
791	12	0
792	23	0
793	15	0
794	18	0
795	19	0
796	15	0
797	13	0
798	24	0
799	17	0
800	18	0
801	13	0
802	16	0
803	11	0
804	24	0
805	20	0
806	12	0
807	13	0
808	12	0
809	7	0
810	4	0
811	13	0
812	7	0
813	17	0
814	9	0
815	9	0
816	10	0
817	11	0
818	13	0
819	8	0
820	11	0
821	6	0
822	8	0
823	10	0
824	10	0
825	7	0
826	21	0
827	8	0
828	10	0
829	7	0
830	11	0
831	14	0
832	5	0
833	9	0
834	18	0
835	12	0
836	9	0
837	8	0
838	9	0
839	14	0
840	9	0
841	13	0
842	16	0
843	10	0
844	10	0
845	10	0
846	16	0
847	13	0
848	9	0
849	11	0
850	16	0
851	11	0
852	9	0
853	9	0
854	10	0
855	8	0
856	16	0
857	7	0
858	10	0
859	11	0
860	8	0
861	5	0
862	9	0
863	12	0
864	7	0
865	7	0
866	8	0
867	6	0
868	7	0
869	9	0
870	8	0
871	12	0
872	10	0
873	4	0
874	5	0
875	8	0
876	7	0
877	7	0
878	10	0
879	7	0
880	15	0
881	8	0
882	6	0
883	12	0
884	7	0
885	9	0
886	10	0
887	8	0
888	14	0
889	11	0
890	8	0
891	12	0
892	5	0
893	9	0
894	11	0
895	5	0
896	5	0
897	7	0
898	9	0
899	5	0
900	11	0
901	8	0
902	5	0
903	4	0
904	4	0
905	9	0
906	9	0
907	6	0
908	8	0
909	12	0
910	11	0
911	13	0
912	6	0
913	7	0
914	9	0
915	12	0
916	6	0
917	6	0
918	6	0
919	9	0
920	5	0
921	6	0
922	11	0
923	6	0
924	10	0
925	8	0
926	9	0
927	8	0
928	8	0
929	11	0
930	8	0
931	12	0
932	11	0
933	8	0
934	11	0
935	7	0
936	7	0
937	11	0
938	6	0
939	9	0
940	5	0
941	8	0
942	4	0
943	2	0
944	6	0
945	4	0
946	6	0
947	12	0
948	7	0
949	7	0
950	6	0
951	7	0
952	4	0
953	8	0
954	3	0
955	10	0
956	5	0
957	5	0
958	4	0
959	5	0
960	6	0
961	3	0
962	4	0
963	4	0
964	7	0
965	5	0
966	11	0
967	4	0
968	10	0
969	2	0
970	8	0
971	6	0
972	6	0
973	10	0
974	9	0
975	7	0
976	8	0
977	8	0
978	3	0
979	9	0
980	4	0
981	2	0
982	6	0
983	2	0
984	2	0
985	9	0
986	1	0
987	3	0
988	6	0
989	5	0
990	8	0
991	5	0
992	1	0
993	2	0
994	6	0
995	12	0
996	4	0
997	1	0
998	8	0
999	2	0
1000	5	0
1001	5	0
1002	4	0
1003	8	0
1004	4	0
1005	5	0
1006	8	0
1007	7	0
1008	4	0
1009	1	0
1010	3	0
1011	8	0
1012	4	0
1013	4	0
1014	3	0
1015	0	0
1016	2	0
1017	2	0
1018	5	0
1019	3	0
1020	8	0
1021	2	0
1022	4	0
1023	3	0
1024	9	0
1025	6	0
1026	5	0
1027	6	0
1028	10	0
1029	5	0
1030	6	0
1031	4	0
1032	1	0
1033	5	0
1034	3	0
1035	4	0
1036	6	0
1037	4	0
1038	2	0
1039	1	0
1040	4	0
1041	3	0
1042	6	0
1043	7	0
1044	3	0
1045	3	0
1046	3	0
1047	7	0
1048	3	0
1049	3	0
1050	10	0
1051	6	0
1052	7	0
1053	3	0
1054	5	0
1055	7	0
1056	8	0
1057	4	0
1058	9	0
1059	5	0
1060	7	0
1061	1	0
1062	3	0
1063	3	0
1064	4	0
1065	7	0
1066	3	0
1067	3	0
1068	4	0
1069	2	0
1070	4	0
1071	6	0
1072	5	0
1073	2	0
1074	5	0
1075	3	0
1076	3	0
1077	4	0
1078	1	0
1079	5	0
1080	5	0
1081	3	0
1082	3	0
1083	4	0
1084	5	0
1085	2	0
1086	5	0
1087	4	0
1088	3	0
1089	4	0
1090	5	0
1091	4	0
1092	4	0
1093	6	0
1094	6	0
1095	2	0
1096	7	0
1097	2	0
1098	4	0
1099	3	0
1100	3	0
1101	2	0
1102	4	0
1103	6	0
1104	2	0
1105	2	0
1106	3	0
1107	2	0
1108	6	0
1109	3	0
1110	1	0
1111	1	0
1112	8	0
1113	2	0
1114	1	0
1115	3	0
1116	3	0
1117	0	0
1118	2	0
1119	0	0
1120	3	0
1121	0	0
1122	3	0
1123	2	0
1124	5	0
1125	1	0
1126	3	0
1127	2	0
1128	2	0
1129	5	0
1130	7	0
1131	3	0
1132	2	0
1133	2	0
1134	4	0
1135	3	0
1136	6	0
1137	4	0
1138	6	0
1139	6	0
1140	6	0
1141	3	0
1142	1	0
1143	2	0
1144	5	0
1145	2	0
1146	4	0
1147	2	0
1148	1	0
1149	2	0
1150	3	0
1151	4	0
1152	2	0
1153	0	0
1154	3	0
1155	1	0
1156	1	0
1157	2	0
1158	1	0
1159	2	0
1160	1	0
1161	4	0
1162	2	0
1163	4	0
1164	2	0
1165	2	0
1166	2	0
1167	2	0
1168	1	0
1169	3	0
1170	3	0
1171	0	0
1172	1	0
1173	2	0
1174	1	0
1175	2	0
1176	1	0
1177	2	0
1178	0	0
1179	3	0
1180	0	0
1181	6	0
1182	2	0
1183	3	0
1184	2	0
1185	3	0
1186	1	0
1187	0	0
1188	1	0
1189	2	0
1190	2	0
1191	0	0
1192	1	0
1193	0	0
1194	3	0
1195	1	0
1196	1	0
1197	0	0
1198	1	0
1199	1	0
1200	0	0
1201	2	0
1202	0	0
1203	0	0
1204	2	0
1205	2	0
1206	0	0
1207	0	0
1208	2	0
1209	3	0
1210	1	0
1211	0	0
1212	2	0
1213	2	0
1214	1	0
1215	1	0
1216	3	0
1217	1	0
1218	0	0
1219	2	0
1220	0	0
1221	4	0
1222	1	0
1223	2	0
1224	0	0
1225	5	0
1226	3	0
1227	2	0
1228	2	0
1229	2	0
1230	1	0
1231	1	0
1232	3	0
1233	1	0
1234	1	0
1235	1	0
1236	2	0
1237	2	0
1238	2	0
1239	1	0
1240	0	0
1241	2	0
1242	0	0
1243	1	0
1244	0	0
1245	1	0
1246	2	0
1247	1	0
1248	0	0
1249	0	0
1250	3	0
1251	2	0
1252	0	0
1253	0	0
1254	0	0
1255	1	0
1256	2	0
1257	0	0
1258	1	0
1259	3	0
1260	1	0
1261	1	0
1262	1	0
1263	0	0
1264	3	0
1265	3	0
1266	1	0
1267	0	0
1268	2	0
1269	3	0
1270	1	0
1271	3	0
1272	1	0
1273	1	0
1274	1	0
1275	2	0
1276	1	0
1277	1	0
1278	0	0
1279	1	0
1280	0	0
1281	2	0
1282	1	0
1283	0	0
1284	1	0
1285	2	0
1286	1	0
1287	2	0
1288	1	0
1289	1	0
1290	3	0
1291	3	0
1292	2	0
1293	0	0
1294	1	0
1295	3	0
1296	2	0
1297	0	0
1298	2	0
1299	2	0
1300	2	0
1301	0	0
1302	0	0
1303	1	0
1304	0	0
1305	2	0
1306	2	0
1307	1	0
1308	1	0
1309	0	0
1310	3	0
1311	0	0
1312	2	0
1313	1	0
1314	1	0
1315	2	0
1316	5	0
1317	0	0
1318	0	0
1319	1	0
1320	0	0
1321	1	0
1322	3	0
1323	2	0
1324	0	0
1325	2	0
1326	2	0
1327	3	0
1328	3	0
1329	1	0
1330	1	0
1331	4	0
1332	1	0
1333	1	0
1334	1	0
1335	4	0
1336	4	0
1337	2	0
1338	1	0
1339	0	0
1340	2	0
1341	2	0
1342	1	0
1343	2	0
1344	1	0
1345	2	0
1346	4	0
1347	1	0
1348	2	0
1349	1	0
1350	0	0
1351	3	0
1352	1	0
1353	2	0
1354	2	0
1355	1	0
1356	1	0
1357	3	0
1358	3	0
1359	3	0
1360	1	0
1361	3	0
1362	2	0
1363	1	0
1364	0	0
1365	5	0
1366	0	0
1367	1	0
1368	2	0
1369	1	0
1370	1	0
1371	2	0
1372	1	0
1373	1	0
1374	1	0
1375	0	0
1376	0	0
1377	0	0
1378	1	0
1379	5	0
1380	0	0
1381	0	0
1382	2	0
1383	1	0
1384	2	0
1385	2	0
1386	0	0
1387	1	0
1388	1	0
1389	0	0
1390	1	0
1391	0	0
1392	1	0
1393	1	0
1394	4	0
1395	1	0
1396	1	0
1397	0	0
1398	1	0
1399	1	0
1400	0	0
1401	1	0
1402	2	0
1403	2	0
1404	0	0
1405	1	0
1406	0	0
1407	0	0
1408	0	0
1409	1	0
1410	1	0
1411	3	0
1412	1	0
1413	3	0
1414	0	0
1415	2	0
1416	1	0
1417	1	0
1418	1	0
1419	2	0
1420	0	0
1421	0	0
1422	1	0
1423	1	0
1424	2	0
1425	2	0
1426	1	0
1427	0	0
1428	4	0
1429	0	0
1430	1	0
1431	0	0
1432	0	0
1433	0	0
1434	2	0
1435	0	0
1436	1	0
1437	0	0
1438	2	0
1439	2	0
1440	1	0
1441	1	0
1442	2	0
1443	1	0
1444	1	0
1445	0	0
1446	3	0
1447	1	0
1448	1	0
1449	3	0
1450	0	0
1451	1	0
1452	2	0
1453	1	0
1454	3	0
1455	0	0
1456	1	0
1457	0	0
1458	2	0
1459	0	0
1460	1	0
1461	1	0
1462	1	0
1463	1	0
1464	0	0
1465	5	0
1466	2	0
1467	1	0
1468	2	0
1469	2	0
1470	3	0
1471	1	0
1472	1	0
1473	0	0
1474	2	0
1475	0	0
1476	1	0
1477	1	0
1478	0	0
1479	3	0
1480	1	0
1481	0	0
1482	0	0
1483	2	0
1484	1	0
1485	1	0
1486	1	0
1487	0	0
1488	1	0
1489	1	0
1490	1	0
1491	4	0
1492	1	0
1493	1	0
1494	2	0
1495	1	0
1496	0	0
1497	4	0
1498	1	0
1499	2	0
1500	1	0
1501	1	0
1502	0	0
1503	4	0
1504	1	0
1505	0	0
1506	0	0
1507	3	0
1508	0	0
1509	0	0
1510	1	0
1511	1	0
1512	4	0
1513	0	0
1514	0	0
1515	1	0
1516	0	0
1517	1	0
1518	0	0
1519	0	0
1520	1	0
1521	2	0
1522	1	0
1523	3	0
1524	0	0
1525	0	0
1526	0	0
1527	2	0
1528	0	0
1529	0	0
1530	2	0
1531	3	0
1532	0	0
1533	0	0
1534	2	0
1535	0	0
1536	0	0
1537	0	0
1538	5	0
1539	2	0
1540	1	0
1541	0	0
1542	1	0
1543	1	0
1544	3	0
1545	1	0
1546	2	0
1547	1	0
1548	3	0
1549	2	0
1550	1	0
1551	2	0
1552	1	0
1553	1	0
1554	1	0
1555	5	0
1556	1	0
1557	1	0
1558	1	0
1559	0	0
1560	3	0
1561	3	0
1562	0	0
1563	0	0
1564	1	0
1565	1	0
1566	3	0
1567	1	0
1568	1	0
1569	0	0
1570	0	0
1571	2	0
1572	3	0
1573	1	0
1574	0	0
1575	3	0
1576	0	0
1577	1	0
1578	1	0
1579	2	0
1580	3	0
1581	1	0
1582	1	0
1583	1	0
1584	6	0
1585	1	0
1586	0	0
1587	0	0
1588	2	0
1589	0	0
1590	1	0
1591	1	0
1592	1	0
1593	2	0
1594	1	0
1595	0	0
1596	2	0
1597	1	0
1598	2	0
1599	1	0
1600	2	0
1601	3	0
1602	0	0
1603	2	0
1604	2	0
1605	1	0
1606	0	0
1607	1	0
1608	2	0
1609	1	0
1610	1	0
1611	1	0
1612	0	0
1613	0	0
1614	0	0
1615	1	0
1616	2	0
1617	2	0
1618	1	0
1619	2	0
1620	2	0
1621	3	0
1622	1	0
1623	0	0
1624	1	0
1625	0	0
1626	0	0
1627	0	0
1628	1	0
1629	0	0
1630	3	0
1631	0	0
1632	1	0
1633	1	0
1634	2	0
1635	0	0
1636	0	0
1637	1	0
1638	1	0
1639	0	0
1640	2	0
1641	1	0
1642	1	0
1643	0	0
1644	1	0
1645	0	0
1646	2	0
1647	0	0
1648	1	0
1649	0	0
1650	1	0
1651	0	0
1652	0	0
1653	2	0
1654	0	0
1655	2	0
1656	0	0
1657	0	0
1658	4	0
1659	0	0
1660	1	0
1661	2	0
1662	0	0
1663	0	0
1664	0	0
1665	1	0
1666	1	0
1667	1	0
1668	1	0
1669	1	0
1670	0	0
1671	2	0
1672	0	0
1673	1	0
1674	0	0
1675	2	0
1676	0	0
1677	1	0
1678	2	0
1679	0	0
1680	3	0
1681	0	0
1682	1	0
1683	1	0
1684	4	0
1685	0	0
1686	2	0
1687	1	0
1688	0	0
1689	0	0
1690	0	0
1691	0	0
1692	0	0
1693	3	0
1694	2	0
1695	0	0
1696	0	0
1697	0	0
1698	0	0
1699	0	0
1700	0	0
1701	1	0
1702	2	0
1703	1	0
1704	7	0
1705	0	0
1706	0	0
1707	1	0
1708	1	0
1709	1	0
1710	0	0
1711	0	0
1712	3	0
1713	2	0
1714	2	0
1715	2	0
1716	2	0
1717	1	0
1718	2	0
1719	0	0
1720	2	0
1721	0	0
1722	2	0
1723	1	0
1724	1	0
1725	0	0
1726	0	0
1727	0	0
1728	1	0
1729	1	0
1730	2	0
1731	2	0
1732	1	0
1733	3	0
1734	0	0
1735	0	0
1736	0	0
1737	1	0
1738	0	0
1739	0	0
1740	1	0
1741	1	0
1742	0	0
1743	1	0
1744	1	0
1745	0	0
1746	0	0
1747	1	0
1748	0	0
1749	1	0
1750	3	0
1751	0	0
1752	0	0
1753	2	0
1754	0	0
1755	2	0
1756	0	0
1757	0	0
1758	0	0
1759	1	0
1760	0	0
1761	1	0
1762	4	0
1763	0	0
1764	2	0
1765	0	0
1766	1	0
1767	2	0
1768	3	0
1769	0	0
1770	1	0
1771	1	0
1772	0	0
1773	1	0
1774	3	0
1775	0	0
1776	0	0
1777	2	0
1778	0	0
1779	0	0
1780	0	0
1781	2	0
1782	0	0
1783	1	0
1784	0	0
1785	0	0
1786	2	0
1787	2	0
1788	0	0
1789	1	0
1790	1	0
1791	1	0
1792	2	0
1793	1	0
1794	3	0
1795	1	0
1796	1	0
1797	1	0
1798	1	0
1799	2	0
1800	0	0
1801	4	0
1802	1	0
1803	1	0
1804	1	0
1805	0	0
1806	0	0
1807	0	0
1808	0	0
1809	2	0
1810	1	0
1811	0	0
1812	1	0
1813	3	0
1814	3	0
1815	0	0
1816	1	0
1817	0	0
1818	1	0
1819	0	0
1820	0	0
1821	2	0
1822	4	0
1823	0	0
1824	1	0
1825	0	0
1826	1	0
1827	1	0
1828	1	0
1829	0	0
1830	2	0
1831	1	0
1832	1	0
1833	2	0
1834	1	0
1835	1	0
1836	0	0
1837	1	0
1838	3	0
1839	0	0
1840	2	0
1841	0	0
1842	1	0
1843	0	0
1844	1	0
1845	1	0
1846	1	0
1847	2	0
1848	1	0
1849	0	0
1850	1	0
1851	1	0
1852	0	0
1853	0	0
1854	0	0
1855	0	0
1856	0	0
1857	0	0
1858	1	0
1859	1	0
1860	1	0
1861	0	0
1862	0	0
1863	0	0
1864	0	0
1865	1	0
1866	1	0
1867	1	0
1868	0	0
1869	2	0
1870	1	0
1871	2	0
1872	0	0
1873	0	0
1874	3	0
1875	2	0
1876	0	0
1877	0	0
1878	1	0
1879	0	0
1880	1	0
1881	1	0
1882	0	0
1883	3	0
1884	2	0
1885	1	0
1886	1	0
1887	1	0
1888	0	0
1889	2	0
1890	2	0
1891	1	0
1892	3	0
1893	0	0
1894	1	0
1895	0	0
1896	3	0
1897	0	0
1898	3	0
1899	2	0
1900	1	0
1901	0	0
1902	3	0
1903	3	0
1904	3	0
1905	1	0
1906	0	0
1907	0	0
1908	1	0
1909	1	0
1910	4	0
1911	2	0
1912	0	0
1913	1	0
1914	1	0
1915	3	0
1916	0	0
1917	0	0
1918	0	0
1919	0	0
1920	1	0
1921	1	0
1922	2	0
1923	0	0
1924	1	0
1925	1	0
1926	0	0
1927	0	0
1928	1	0
1929	1	0
1930	1	0
1931	4	0
1932	1	0
1933	1	0
1934	1	0
1935	1	0
1936	2	0
1937	1	0
1938	1	0
1939	0	0
1940	1	0
1941	2	0
1942	1	0
1943	1	0
1944	0	0
1945	1	0
1946	3	0
1947	2	0
1948	1	0
1949	0	0
1950	1	0
1951	1	0
1952	0	0
1953	0	0
1954	0	0
1955	0	0
1956	2	0
1957	1	0
1958	0	0
1959	0	0
1960	0	0
1961	1	0
1962	1	0
1963	0	0
1964	0	0
1965	2	0
1966	1	0
1967	1	0
1968	1	0
1969	0	0
1970	0	0
1971	2	0
1972	0	0
1973	1	0
1974	0	0
1975	0	0
1976	0	0
1977	0	0
1978	1	0
1979	1	0
1980	1	0
1981	0	0
1982	0	0
1983	0	0
1984	1	0
1985	1	0
1986	1	0
1987	1	0
1988	0	0
1989	1	0
1990	0	0
1991	0	0
1992	1	0
1993	1	0
1994	1	0
1995	0	0
1996	1	0
1997	2	0
1998	0	0
1999	0	0
2000	0	0
2001	0	0
2002	0	0
2003	0	0
2004	1	0
2005	0	0
2006	0	0
2007	1	0
2008	0	0
2009	1	0
2010	0	0
2011	0	0
2012	0	0
2013	0	0
2014	1	0
2015	1	0
2016	1	0
2017	2	0
2018	0	0
2019	1	0
2020	0	0
2021	0	0
2022	1	0
2023	0	0
2024	0	0
2025	0	0
2026	2	0
2027	1	0
2028	0	0
2029	0	0
2030	1	0
2031	0	0
2032	1	0
2033	0	0
2034	1	0
2035	0	0
2036	0	0
2037	1	0
2038	0	0
2039	1	0
2040	1	0
2041	0	0
2042	0	0
2043	0	0
2044	2	0
2045	1	0
2046	0	0
2047	0	0
2048	0	0
2049	0	0
2050	1	0
2051	1	0
2052	0	0
2053	1	0
2054	0	0
2055	2	0
2056	0	0
2057	0	0
2058	0	0
2059	0	0
2060	0	0
2061	0	0
2062	1	0
2063	1	0
2064	2	0
2065	1	0
2066	0	0
2067	0	0
2068	1	0
2069	1	0
2070	0	0
2071	0	0
2072	0	0
2073	0	0
2074	1	0
2075	2	0
2076	0	0
2077	0	0
2078	2	0
2079	1	0
2080	0	0
2081	0	0
2082	0	0
2083	0	0
2084	0	0
2085	1	0
2086	1	0
2087	1	0
2088	0	0
2089	1	0
2090	0	0
2091	0	0
2092	1	0
2093	1	0
2094	1	0
2095	1	0
2096	0	0
2097	0	0
2098	1	0
2099	0	0
2100	0	0
2101	2	0
2102	0	0
2103	1	0
2104	1	0
2105	0	0
2106	1	0
2107	3	0
2108	0	0
2109	1	0
2110	1	0
2111	1	0
2112	2	0
2113	0	0
2114	1	0
2115	0	0
2116	1	0
2117	1	0
2118	0	0
2119	0	0
2120	1	0
2121	0	0
2122	0	0
2123	0	0
2124	1	0
2125	0	0
2126	1	0
2127	0	0
2128	1	0
2129	0	0
2130	0	0
2131	1	0
2132	1	0
2133	1	0
2134	1	0
2135	1	0
2136	1	0
2137	1	0
2138	1	0
2139	1	0
2140	0	0
2141	0	0
2142	1	0
2143	1	0
2144	0	0
2145	1	0
2146	1	0
2147	0	0
2148	0	0
2149	0	0
2150	1	0
2151	1	0
2152	0	0
2153	1	0
2154	2	0
2155	0	0
2156	1	0
2157	0	0
2158	1	0
2159	1	0
2160	0	0
2161	0	0
2162	0	0
2163	0	0
2164	1	0
2165	0	0
2166	0	0
2167	0	0
2168	1	0
2169	0	0
2170	1	0
2171	1	0
2172	1	0
2173	1	0
2174	0	0
2175	0	0
2176	0	0
2177	0	0
2178	0	0
2179	0	0
2180	1	0
2181	0	0
2182	1	0
2183	1	0
2184	0	0
2185	1	0
2186	0	0
2187	1	0
2188	0	0
2189	1	0
2190	1	0
2191	0	0
2192	1	0
2193	0	0
2194	4	0
2195	2	0
2196	1	0
2197	1	0
2198	0	0
2199	1	0
2200	1	0
2201	1	0
2202	0	0
2203	1	0
2204	0	0
2205	1	0
2206	2	0
2207	0	0
2208	0	0
2209	1	0
2210	0	0
2211	0	0
2212	1	0
2213	0	0
2214	0	0
2215	2	0
2216	1	0
2217	0	0
2218	1	0
2219	0	0
2220	0	0
2221	2	0
2222	1	0
2223	0	0
2224	0	0
2225	0	0
2226	0	0
2227	0	0
2228	0	0
2229	0	0
2230	0	0
2231	1	0
2232	0	0
2233	0	0
2234	3	0
2235	1	0
2236	1	0
2237	2	0
2238	0	0
2239	1	0
2240	0	0
2241	0	0
2242	0	0
2243	0	0
2244	0	0
2245	0	0
2246	1	0
2247	2	0
2248	1	0
2249	0	0
2250	0	0
2251	0	0
2252	0	0
2253	0	0
2254	1	0
2255	0	0
2256	0	0
2257	0	0
2258	0	0
2259	0	0
2260	0	0
2261	0	0
2262	0	0
2263	0	0
2264	0	0
2265	0	0
2266	0	0
2267	0	0
2268	0	0
2269	1	0
2270	0	0
2271	0	0
2272	0	0
2273	0	0
2274	0	0
2275	1	0
2276	2	0
2277	1	0
2278	0	0
2279	0	0
2280	0	0
2281	0	0
2282	0	0
2283	1	0
2284	2	0
2285	0	0
2286	0	0
2287	0	0
2288	0	0
2289	0	0
2290	0	0
2291	1	0
2292	1	0
2293	0	0
2294	0	0
2295	0	0
2296	0	0
2297	1	0
2298	0	0
2299	0	0
2300	0	0
2301	0	0
2302	1	0
2303	1	0
2304	0	0
2305	0	0
2306	0	0
2307	0	0
2308	0	0
2309	1	0
2310	0	0
2311	0	0
2312	0	0
2313	0	0
2314	0	0
2315	0	0
2316	0	0
2317	0	0
2318	0	0
2319	0	0
2320	0	0
2321	0	0
2322	0	0
2323	0	0
2324	0	0
2325	0	0
2326	0	0
2327	1	0
2328	1	0
2329	1	0
2330	0	0
2331	0	0
2332	1	0
2333	0	0
2334	0	0
2335	0	0
2336	0	0
2337	0	0
2338	0	0
2339	0	0
2340	0	0
2341	0	0
2342	0	0
2343	0	0
2344	1	0
2345	1	0
2346	0	0
2347	0	0
2348	0	0
2349	1	0
2350	0	0
2351	1	0
2352	0	0
2353	0	0
2354	0	0
2355	2	0
2356	0	0
2357	0	0
2358	1	0
2359	0	0
2360	1	0
2361	0	0
2362	0	0
2363	0	0
2364	2	0
2365	0	0
2366	2	0
2367	0	0
2368	0	0
2369	1	0
2370	0	0
2371	0	0
2372	1	0
2373	1	0
2374	1	0
2375	0	0
2376	0	0
2377	0	0
2378	0	0
2379	1	0
2380	1	0
2381	0	0
2382	0	0
2383	0	0
2384	0	0
2385	0	0
2386	0	0
2387	0	0
2388	0	0
2389	0	0
2390	0	0
2391	0	0
2392	0	0
2393	0	0
2394	0	0
2395	1	0
2396	0	0
2397	1	0
2398	0	0
2399	0	0
2400	0	0
2401	0	0
2402	0	0
2403	1	0
2404	1	0
2405	0	0
2406	0	0
2407	0	0
2408	0	0
2409	0	0
2410	0	0
2411	1	0
2412	1	0
2413	0	0
2414	0	0
2415	0	0
2416	0	0
2417	0	0
2418	2	0
2419	1	0
2420	0	0
2421	1	0
2422	0	0
2423	0	0
2424	0	0
2425	0	0
2426	0	0
2427	1	0
2428	0	0
2429	0	0
2430	0	0
2431	0	0
2432	0	0
2433	0	0
2434	0	0
2435	0	0
2436	0	0
2437	0	0
2438	1	0
2439	0	0
2440	0	0
2441	0	0
2442	0	0
2443	1	0
2444	0	0
2445	0	0
2446	0	0
2447	0	0
2448	0	0
2449	0	0
2450	0	0
2451	1	0
2452	0	0
2453	0	0
2454	0	0
2455	0	0
2456	2	0
2457	0	0
2458	0	0
2459	1	0
2460	1	0
2461	0	0
2462	0	0
2463	0	0
2464	0	0
2465	0	0
2466	0	0
2467	1	0
2468	0	0
2469	1	0
2470	0	0
2471	0	0
2472	0	0
2473	0	0
2474	0	0
2475	0	0
2476	0	0
2477	1	0
2478	1	0
2479	0	0
2480	1	0
2481	0	0
2482	0	0
2483	0	0
2484	0	0
2485	1	0
2486	0	0
2487	0	0
2488	0	0
2489	0	0
2490	0	0
2491	0	0
2492	1	0
2493	1	0
2494	0	0
2495	0	0
2496	0	0
2497	0	0
2498	0	0
2499	0	0
2500	0	0
2501	0	0
2502	0	0
2503	0	0
2504	0	0
2505	0	0
2506	0	0
2507	0	0
2508	0	0
2509	0	0
2510	1	0
2511	0	0
2512	0	0
2513	1	0
2514	0	0
2515	0	0
2516	0	0
2517	0	0
2518	0	0
2519	0	0
2520	0	0
2521	0	0
2522	0	0
2523	0	0
2524	0	0
2525	1	0
2526	0	0
2527	1	0
2528	0	0
2529	3	0
2530	1	0
2531	0	0
2532	0	0
2533	0	0
2534	0	0
2535	0	0
2536	0	0
2537	0	0
2538	0	0
2539	0	0
2540	0	0
2541	0	0
2542	0	0
2543	0	0
2544	0	0
2545	1	0
2546	0	0
2547	0	0
2548	0	0
2549	0	0
2550	1	0
2551	0	0
2552	1	0
2553	0	0
2554	0	0
2555	0	0
2556	0	0
2557	0	0
2558	0	0
2559	0	0
2560	0	0
2561	0	0
2562	0	0
2563	1	0
2564	0	0
2565	0	0
2566	1	0
2567	0	0
2568	0	0
2569	1	0
2570	0	0
2571	1	0
2572	0	0
2573	0	0
2574	0	0
2575	1	0
2576	0	0
2577	0	0
2578	0	0
2579	0	0
2580	1	0
2581	0	0
2582	0	0
2583	0	0
2584	0	0
2585	0	0
2586	0	0
2587	0	0
2588	0	0
2589	0	0
2590	0	0
2591	0	0
2592	0	0
2593	0	0
2594	0	0
2595	0	0
2596	0	0
2597	0	0
2598	0	0
2599	0	0
2600	0	0
2601	0	0
2602	0	0
2603	0	0
2604	0	0
2605	0	0
2606	0	0
2607	0	0
2608	1	0
2609	0	0
2610	0	0
2611	0	0
2612	0	0
2613	0	0
2614	3	0
2615	0	0
2616	0	0
2617	1	0
2618	0	0
2619	1	0
2620	2	0
2621	1	0
2622	0	0
2623	0	0
2624	0	0
2625	0	0
2626	0	0
2627	2	0
2628	0	0
2629	0	0
2630	0	0
2631	0	0
2632	0	0
2633	0	0
2634	0	0
2635	1	0
2636	0	0
2637	0	0
2638	0	0
2639	0	0
2640	0	0
2641	2	0
2642	0	0
2643	0	0
2644	0	0
2645	1	0
2646	0	0
2647	0	0
2648	1	0
2649	0	0
2650	0	0
2651	1	0
2652	0	0
2653	0	0
2654	2	0
2655	0	0
2656	0	0
2657	0	0
2658	0	0
2659	0	0
2660	2	0
2661	1	0
2662	0	0
2663	0	0
2664	0	0
2665	0	0
2666	0	0
2667	0	0
2668	0	0
2669	0	0
2670	0	0
2671	0	0
2672	0	0
2673	0	0
2674	1	0
2675	0	0
2676	0	0
2677	0	0
2678	0	0
2679	0	0
2680	0	0
2681	0	0
2682	1	0
2683	0	0
2684	0	0
2685	0	0
2686	0	0
2687	0	0
2688	0	0
2689	0	0
2690	0	0
2691	1	0
2692	1	0
2693	0	0
2694	0	0
2695	0	0
2696	1	0
2697	0	0
2698	0	0
2699	1	0
2700	1	0
2701	0	0
2702	0	0
2703	0	0
2704	0	0
2705	0	0
2706	0	0
2707	0	0
2708	0	0
2709	0	0
2710	1	0
2711	0	0
2712	0	0
2713	0	0
2714	1	0
2715	0	0
2716	0	0
2717	1	0
2718	0	0
2719	1	0
2720	0	0
2721	0	0
2722	0	0
2723	0	0
2724	0	0
2725	0	0
2726	0	0
2727	0	0
2728	1	0
2729	0	0
2730	0	0
2731	0	0
2732	0	0
2733	1	0
2734	1	0
2735	0	0
2736	0	0
2737	0	0
2738	0	0
2739	0	0
2740	1	0
2741	0	0
2742	1	0
2743	0	0
2744	1	0
2745	0	0
2746	1	0
2747	0	0
2748	0	0
2749	0	0
2750	0	0
2751	0	0
2752	0	0
2753	0	0
2754	0	0
2755	0	0
2756	0	0
2757	0	0
2758	0	0
2759	0	0
2760	0	0
2761	0	0
2762	0	0
2763	0	0
2764	0	0
2765	0	0
2766	1	0
2767	0	0
2768	0	0
2769	0	0
2770	0	0
2771	2	0
2772	0	0
2773	1	0
2774	1	0
2775	0	0
2776	1	0
2777	0	0
2778	0	0
2779	0	0
2780	1	0
2781	0	0
2782	0	0
2783	0	0
2784	0	0
2785	0	0
2786	0	0
2787	0	0
2788	0	0
2789	0	0
2790	0	0
2791	0	0
2792	0	0
2793	0	0
2794	0	0
2795	0	0
2796	0	0
2797	0	0
2798	0	0
2799	0	0
2800	0	0
2801	0	0
2802	0	0
2803	0	0
2804	0	0
2805	0	0
2806	0	0
2807	0	0
2808	0	0
2809	0	0
2810	0	0
2811	0	0
2812	1	0
2813	0	0
2814	0	0
2815	0	0
2816	0	0
2817	0	0
2818	0	0
2819	0	0
2820	0	0
2821	0	0
2822	1	0
2823	1	0
2824	0	0
2825	0	0
2826	1	0
2827	0	0
2828	1	0
2829	1	0
2830	2	0
2831	0	0
2832	1	0
2833	0	0
2834	0	0
2835	0	0
2836	1	0
2837	0	0
2838	0	0
2839	0	0
2840	1	0
2841	0	0
2842	0	0
2843	0	0
2844	0	0
2845	0	0
2846	0	0
2847	0	0
2848	0	0
2849	1	0
2850	0	0
2851	0	0
2852	0	0
2853	0	0
2854	0	0
2855	0	0
2856	0	0
2857	1	0
2858	0	0
2859	1	0
2860	0	0
2861	1	0
2862	0	0
2863	0	0
2864	0	0
2865	0	0
2866	0	0
2867	0	0
2868	0	0
2869	0	0
2870	1	0
2871	0	0
2872	0	0
2873	0	0
2874	0	0
2875	0	0
2876	0	0
2877	0	0
2878	0	0
2879	0	0
2880	1	0
2881	0	0
2882	1	0
2883	0	0
2884	0	0
2885	0	0
2886	1	0
2887	0	0
2888	0	0
2889	0	0
2890	0	0
2891	1	0
2892	1	0
2893	0	0
2894	0	0
2895	0	0
2896	0	0
2897	0	0
2898	0	0
2899	0	0
2900	0	0
2901	0	0
2902	0	0
2903	1	0
2904	0	0
2905	0	0
2906	0	0
2907	1	0
2908	0	0
2909	0	0
2910	0	0
2911	0	0
2912	0	0
2913	0	0
2914	0	0
2915	0	0
2916	0	0
2917	0	0
2918	0	0
2919	0	0
2920	0	0
2921	0	0
2922	0	0
2923	1	0
2924	0	0
2925	0	0
2926	0	0
2927	0	0
2928	0	0
2929	0	0
2930	1	0
2931	0	0
2932	0	0
2933	0	0
2934	0	0
2935	0	0
2936	0	0
2937	0	0
2938	0	0
2939	0	0
2940	0	0
2941	0	0
2942	0	0
2943	0	0
2944	0	0
2945	0	0
2946	1	0
2947	1	0
2948	0	0
2949	0	0
2950	1	0
2951	0	0
2952	0	0
2953	0	0
2954	0	0
2955	0	0
2956	1	0
2957	1	0
2958	0	0
2959	0	0
2960	1	0
2961	0	0
2962	0	0
2963	0	0
2964	0	0
2965	0	0
2966	0	0
2967	0	0
2968	0	0
2969	0	0
2970	0	0
2971	0	0
2972	0	0
2973	0	0
2974	0	0
2975	0	0
2976	0	0
2977	0	0
2978	0	0
2979	0	0
2980	1	0
2981	0	0
2982	1	0
2983	0	0
2984	0	0
2985	0	0
2986	0	0
2987	0	0
2988	0	0
2989	0	0
2990	2	0
2991	0	0
2992	0	0
2993	0	0
2994	0	0
2995	0	0
2996	0	0
2997	0	0
2998	0	0
2999	0	0
3000	0	0
3001	1	0
3002	0	0
3003	0	0
3004	0	0
3005	0	0
3006	1	0
3007	0	0
3008	0	0
3009	0	0
3010	0	0
3011	0	0
3012	0	0
3013	0	0
3014	0	0
3015	0	0
3016	1	0
3017	1	0
3018	0	0
3019	0	0
3020	0	0
3021	0	0
3022	0	0
3023	0	0
3024	0	0
3025	0	0
3026	0	0
3027	0	0
3028	0	0
3029	0	0
3030	0	0
3031	1	0
3032	1	0
3033	1	0
3034	0	0
3035	0	0
3036	0	0
3037	0	0
3038	1	0
3039	0	0
3040	0	0
3041	1	0
3042	0	0
3043	0	0
3044	0	0
3045	0	0
3046	0	0
3047	0	0
3048	2	0
3049	1	0
3050	1	0
3051	0	0
3052	0	0
3053	1	0
3054	0	0
3055	0	0
3056	0	0
3057	0	0
3058	1	0
3059	0	0
3060	1	0
3061	0	0
3062	0	0
3063	0	0
3064	1	0
3065	0	0
3066	0	0
3067	0	0
3068	0	0
3069	1	0
3070	0	0
3071	1	0
3072	0	0
3073	0	0
3074	0	0
3075	2	0
3076	0	0
3077	0	0
3078	0	0
3079	0	0
3080	0	0
3081	0	0
3082	1	0
3083	1	0
3084	0	0
3085	0	0
3086	0	0
3087	0	0
3088	1	0
3089	0	0
3090	0	0
3091	0	0
3092	0	0
3093	1	0
3094	0	0
3095	0	0
3096	0	0
3097	0	0
3098	0	0
3099	0	0
3100	0	0
3101	1	0
3102	0	0
3103	0	0
3104	0	0
3105	0	0
3106	0	0
3107	0	0
3108	0	0
3109	0	0
3110	0	0
3111	0	0
3112	0	0
3113	0	0
3114	1	0
3115	0	0
3116	0	0
3117	0	0
3118	0	0
3119	1	0
3120	1	0
3121	0	0
3122	0	0
3123	1	0
3124	0	0
3125	0	0
3126	1	0
3127	1	0
3128	0	0
3129	0	0
3130	1	0
3131	1	0
3132	0	0
3133	0	0
3134	1	0
3135	0	0
3136	0	0
3137	0	0
3138	0	0
3139	0	0
3140	0	0
3141	0	0
3142	1	0
3143	0	0
3144	0	0
3145	1	0
3146	0	0
3147	0	0
3148	0	0
3149	1	0
3150	0	0
3151	0	0
3152	0	0
3153	1	0
3154	0	0
3155	0	0
3156	0	0
3157	0	0
3158	1	0
3159	0	0
3160	0	0
3161	0	0
3162	1	0
3163	1	0
3164	2	0
3165	0	0
3166	0	0
3167	0	0
3168	1	0
3169	0	0
3170	0	0
3171	0	0
3172	1	0
3173	0	0
3174	0	0
3175	0	0
3176	1	0
3177	0	0
3178	1	0
3179	1	0
3180	0	0
3181	0	0
3182	1	0
3183	0	0
3184	0	0
3185	1	0
3186	2	0
3187	0	0
3188	1	0
3189	1	0
3190	1	0
3191	0	0
3192	0	0
3193	1	0
3194	1	0
3195	1	0
3196	2	0
3197	2	0
3198	1	0
3199	0	0
3200	1	0
3201	2	0
3202	1	0
3203	1	0
3204	1	0
3205	0	0
3206	0	0
3207	2	0
3208	1	0
3209	0	0
3210	1	0
3211	0	0
3212	1	0
3213	1	0
3214	0	0
3215	0	0
3216	0	0
3217	1	0
3218	1	0
3219	0	0
3220	0	0
3221	0	0
3222	0	0
3223	1	0
3224	0	0
3225	0	0
3226	0	0
3227	2	0
3228	1	0
3229	0	0
3230	1	0
3231	1	0
3232	0	0
3233	0	0
3234	1	0
3235	0	0
3236	0	0
3237	0	0
3238	0	0
3239	0	0
3240	0	0
3241	3	0
3242	1	0
3243	0	0
3244	1	0
3245	0	0
3246	0	0
3247	1	0
3248	0	0
3249	0	0
3250	0	0
3251	0	0
3252	0	0
3253	1	0
3254	0	0
3255	1	0
3256	0	0
3257	0	0
3258	0	0
3259	0	0
3260	0	0
3261	0	0
3262	1	0
3263	0	0
3264	0	0
3265	0	0
3266	0	0
3267	0	0
3268	0	0
3269	0	0
3270	0	0
3271	0	0
3272	1	0
3273	1	0
3274	0	0
3275	1	0
3276	0	0
3277	2	0
3278	0	0
3279	0	0
3280	1	0
3281	0	0
3282	0	0
3283	0	0
3284	0	0
3285	0	0
3286	1	0
3287	1	0
3288	1	0
3289	1	0
3290	0	0
3291	1	0
3292	0	0
3293	0	0
3294	0	0
3295	0	0
3296	0	0
3297	0	0
3298	0	0
3299	0	0
3300	0	0
3301	0	0
3302	0	0
3303	0	0
3304	0	0
3305	0	0
3306	0	0
3307	1	0
3308	1	0
3309	0	0
3310	0	0
3311	0	0
3312	0	0
3313	0	0
3314	1	0
3315	0	0
3316	0	0
3317	1	0
3318	0	0
3319	1	0
3320	0	0
3321	0	0
3322	0	0
3323	0	0
3324	0	0
3325	1	0
3326	0	0
3327	1	0
3328	0	0
3329	0	0
3330	0	0
3331	0	0
3332	0	0
3333	0	0
3334	1	0
3335	0	0
3336	0	0
3337	0	0
3338	0	0
3339	0	0
3340	1	0
3341	0	0
3342	0	0
3343	0	0
3344	0	0
3345	0	0
3346	0	0
3347	1	0
3348	0	0
3349	0	0
3350	0	0
3351	0	0
3352	0	0
3353	0	0
3354	0	0
3355	0	0
3356	0	0
3357	0	0
3358	0	0
3359	0	0
3360	0	0
3361	0	0
3362	1	0
3363	0	0
3364	0	0
3365	0	0
3366	0	0
3367	0	0
3368	0	0
3369	0	0
3370	0	0
3371	0	0
3372	0	0
3373	0	0
3374	0	0
3375	0	0
3376	0	0
3377	0	0
3378	0	0
3379	0	0
3380	0	0
3381	0	0
3382	0	0
3383	0	0
3384	0	0
3385	0	0
3386	0	0
3387	0	0
3388	0	0
3389	0	0
3390	0	0
3391	0	0
3392	1	0
3393	1	0
3394	1	0
3395	0	0
3396	0	0
3397	0	0
3398	0	0
3399	0	0
3400	0	0
3401	0	0
3402	0	0
3403	0	0
3404	0	0
3405	0	0
3406	0	0
3407	0	0
3408	0	0
3409	1	0
3410	1	0
3411	0	0
3412	0	0
3413	1	0
3414	0	0
3415	0	0
3416	1	0
3417	0	0
3418	0	0
3419	2	0
3420	1	0
3421	0	0
3422	0	0
3423	0	0
3424	1	0
3425	0	0
3426	0	0
3427	0	0
3428	2	0
3429	0	0
3430	0	0
3431	0	0
3432	0	0
3433	0	0
3434	0	0
3435	1	0
3436	1	0
3437	0	0
3438	0	0
3439	0	0
3440	1	0
3441	0	0
3442	0	0
3443	0	0
3444	0	0
3445	0	0
3446	0	0
3447	1	0
3448	0	0
3449	0	0
3450	0	0
3451	0	0
3452	0	0
3453	1	0
3454	0	0
3455	0	0
3456	1	0
3457	0	0
3458	0	0
3459	0	0
3460	0	0
3461	0	0
3462	0	0
3463	1	0
3464	0	0
3465	0	0
3466	0	0
3467	0	0
3468	0	0
3469	0	0
3470	0	0
3471	0	0
3472	1	0
3473	0	0
3474	0	0
3475	0	0
3476	1	0
3477	0	0
3478	0	0
3479	0	0
3480	0	0
3481	0	0
3482	0	0
3483	0	0
3484	1	0
3485	1	0
3486	0	0
3487	0	0
3488	0	0
3489	0	0
3490	0	0
3491	0	0
3492	0	0
3493	0	0
3494	0	0
3495	0	0
3496	0	0
3497	0	0
3498	0	0
3499	0	0
3500	1	0
3501	0	0
3502	0	0
3503	0	0
3504	0	0
3505	0	0
3506	0	0
3507	0	0
3508	0	0
3509	0	0
3510	0	0
3511	0	0
3512	0	0
3513	0	0
3514	0	0
3515	0	0
3516	1	0
3517	0	0
3518	0	0
3519	0	0
3520	1	0
3521	0	0
3522	0	0
3523	0	0
3524	0	0
3525	0	0
3526	0	0
3527	0	0
3528	0	0
3529	0	0
3530	0	0
3531	0	0
3532	0	0
3533	0	0
3534	0	0
3535	1	0
3536	0	0
3537	0	0
3538	1	0
3539	0	0
3540	0	0
3541	0	0
3542	0	0
3543	0	0
3544	0	0
3545	2	0
3546	1	0
3547	0	0
3548	0	0
3549	0	0
3550	0	0
3551	1	0
3552	0	0
3553	0	0
3554	0	0
3555	0	0
3556	1	0
3557	0	0
3558	0	0
3559	0	0
3560	0	0
3561	0	0
3562	0	0
3563	0	0
3564	0	0
3565	0	0
3566	1	0
3567	0	0
3568	1	0
3569	0	0
3570	0	0
3571	0	0
3572	0	0
3573	0	0
3574	0	0
3575	0	0
3576	0	0
3577	0	0
3578	0	0
3579	0	0
3580	0	0
3581	0	0
3582	0	0
3583	0	0
3584	0	0
3585	0	0
3586	1	0
3587	0	0
3588	0	0
3589	1	0
3590	1	0
3591	0	0
3592	0	0
3593	0	0
3594	0	0
3595	1	0
3596	0	0
3597	0	0
3598	0	0
3599	0	0
3600	0	0
3601	0	0
3602	0	0
3603	0	0
3604	0	0
3605	0	0
3606	0	0
3607	1	0
3608	1	0
3609	0	0
3610	0	0
3611	0	0
3612	1	0
3613	0	0
3614	0	0
3615	0	0
3616	0	0
3617	0	0
3618	0	0
3619	0	0
3620	0	0
3621	0	0
3622	0	0
3623	0	0
3624	0	0
3625	0	0
3626	0	0
3627	0	0
3628	1	0
3629	0	0
3630	0	0
3631	1	0
3632	0	0
3633	0	0
3634	0	0
3635	0	0
3636	0	0
3637	1	0
3638	2	0
3639	2	0
3640	0	0
3641	0	0
3642	1	0
3643	0	0
3644	0	0
3645	1	0
3646	2	0
3647	0	0
3648	0	0
3649	0	0
3650	0	0
3651	0	0
3652	0	0
3653	1	0
3654	0	0
3655	0	0
3656	1	0
3657	0	0
3658	0	0
3659	0	0
3660	0	0
3661	0	0
3662	0	0
3663	1	0
3664	1	0
3665	0	0
3666	0	0
3667	0	0
3668	0	0
3669	0	0
3670	1	0
3671	0	0
3672	1	0
3673	0	0
3674	0	0
3675	0	0
3676	0	0
3677	0	0
3678	0	0
3679	0	0
3680	0	0
3681	0	0
3682	0	0
3683	0	0
3684	2	0
3685	0	0
3686	0	0
3687	0	0
3688	0	0
3689	2	0
3690	0	0
3691	0	0
3692	0	0
3693	1	0
3694	0	0
3695	0	0
3696	1	0
3697	0	0
3698	1	0
3699	0	0
3700	0	0
3701	0	0
3702	0	0
3703	0	0
3704	0	0
3705	1	0
3706	0	0
3707	0	0
3708	0	0
3709	0	0
3710	0	0
3711	1	0
3712	1	0
3713	0	0
3714	1	0
3715	0	0
3716	0	0
3717	1	0
3718	1	0
3719	0	0
3720	0	0
3721	0	0
3722	0	0
3723	0	0
3724	1	0
3725	0	0
3726	0	0
3727	1	0
3728	0	0
3729	1	0
3730	0	0
3731	0	0
3732	1	0
3733	0	0
3734	0	0
3735	0	0
3736	1	0
3737	0	0
3738	1	0
3739	0	0
3740	1	0
3741	0	0
3742	0	0
3743	0	0
3744	0	0
3745	0	0
3746	0	0
3747	0	0
3748	0	0
3749	0	0
3750	1	0
3751	0	0
3752	1	0
3753	0	0
3754	0	0
3755	1	0
3756	0	0
3757	2	0
3758	0	0
3759	0	0
3760	0	0
3761	0	0
3762	0	0
3763	0	0
3764	0	0
3765	0	0
3766	0	0
3767	0	0
3768	0	0
3769	1	0
3770	0	0
3771	0	0
3772	0	0
3773	0	0
3774	0	0
3775	0	0
3776	0	0
3777	0	0
3778	0	0
3779	0	0
3780	1	0
3781	0	0
3782	0	0
3783	0	0
3784	1	0
3785	0	0
3786	0	0
3787	0	0
3788	0	0
3789	0	0
3790	0	0
3791	0	0
3792	0	0
3793	1	0
3794	0	0
3795	0	0
3796	0	0
3797	0	0
3798	1	0
3799	0	0
3800	0	0
3801	0	0
3802	0	0
3803	0	0
3804	0	0
3805	0	0
3806	0	0
3807	0	0
3808	0	0
3809	0	0
3810	0	0
3811	0	0
3812	0	0
3813	0	0
3814	0	0
3815	0	0
3816	0	0
3817	0	0
3818	1	0
3819	0	0
3820	0	0
3821	1	0
3822	0	0
3823	0	0
3824	0	0
3825	0	0
3826	0	0
3827	0	0
3828	0	0
3829	0	0
3830	0	0
3831	0	0
3832	0	0
3833	0	0
3834	0	0
3835	0	0
3836	1	0
3837	0	0
3838	0	0
3839	0	0
3840	0	0
3841	0	0
3842	0	0
3843	0	0
3844	0	0
3845	0	0
3846	0	0
3847	0	0
3848	0	0
3849	0	0
3850	1	0
3851	1	0
3852	0	0
3853	0	0
3854	0	0
3855	0	0
3856	0	0
3857	1	0
3858	0	0
3859	0	0
3860	1	0
3861	1	0
3862	1	0
3863	0	0
3864	1	0
3865	0	0
3866	0	0
3867	0	0
3868	1	0
3869	0	0
3870	0	0
3871	0	0
3872	0	0
3873	1	0
3874	0	0
3875	0	0
3876	2	0
3877	0	0
3878	0	0
3879	0	0
3880	0	0
3881	0	0
3882	0	0
3883	0	0
3884	0	0
3885	0	0
3886	0	0
3887	0	0
3888	1	0
3889	0	0
3890	0	0
3891	0	0
3892	0	0
3893	0	0
3894	0	0
3895	0	0
3896	0	0
3897	0	0
3898	0	0
3899	0	0
3900	1	0
3901	0	0
3902	0	0
3903	0	0
3904	0	0
3905	0	0
3906	0	0
3907	0	0
3908	0	0
3909	0	0
3910	0	0
3911	0	0
3912	0	0
3913	0	0
3914	0	0
3915	0	0
3916	0	0
3917	0	0
3918	0	0
3919	0	0
3920	1	0
3921	0	0
3922	0	0
3923	0	0
3924	0	0
3925	0	0
3926	0	0
3927	0	0
3928	0	0
3929	0	0
3930	0	0
3931	0	0
3932	0	0
3933	0	0
3934	0	0
3935	0	0
3936	1	0
3937	0	0
3938	0	0
3939	0	0
3940	0	0
3941	0	0
3942	0	0
3943	0	0
3944	0	0
3945	0	0
3946	0	0
3947	0	0
3948	1	0
3949	0	0
3950	0	0
3951	1	0
3952	0	0
3953	0	0
3954	0	0
3955	0	0
3956	0	0
3957	0	0
3958	0	0
3959	0	0
3960	0	0
3961	0	0
3962	0	0
3963	0	0
3964	0	0
3965	0	0
3966	0	0
3967	0	0
3968	0	0
3969	0	0
3970	0	0
3971	0	0
3972	0	0
3973	0	0
3974	2	0
3975	0	0
3976	0	0
3977	0	0
3978	0	0
3979	0	0
3980	0	0
3981	0	0
3982	0	0
3983	0	0
3984	0	0
3985	0	0
3986	0	0
3987	0	0
3988	1	0
3989	0	0
3990	0	0
3991	0	0
3992	0	0
3993	0	0
3994	0	0
3995	1	0
3996	0	0
3997	0	0
3998	0	0
3999	0	0
4000	0	0
4001	0	0
4002	0	0
4003	0	0
4004	0	0
4005	0	0
4006	1	0
4007	0	0
4008	0	0
4009	0	0
4010	0	0
4011	0	0
4012	0	0
4013	0	0
4014	0	0
4015	0	0
4016	0	0
4017	0	0
4018	0	0
4019	0	0
4020	0	0
4021	0	0
4022	0	0
4023	0	0
4024	0	0
4025	1	0
4026	0	0
4027	0	0
4028	0	0
4029	0	0
4030	0	0
4031	0	0
4032	0	0
4033	0	0
4034	0	0
4035	0	0
4036	0	0
4037	1	0
4038	0	0
4039	0	0
4040	0	0
4041	0	0
4042	0	0
4043	0	0
4044	0	0
4045	0	0
4046	0	0
4047	0	0
4048	0	0
4049	0	0
4050	0	0
4051	0	0
4052	0	0
4053	0	0
4054	0	0
4055	0	0
4056	0	0
4057	0	0
4058	0	0
4059	0	0
4060	1	0
4061	0	0
4062	0	0
4063	0	0
4064	0	0
4065	0	0
4066	0	0
4067	0	0
4068	0	0
4069	0	0
4070	0	0
4071	0	0
4072	0	0
4073	0	0
4074	0	0
4075	0	0
4076	0	0
4077	0	0
4078	0	0
4079	0	0
4080	1	0
4081	0	0
4082	0	0
4083	0	0
4084	0	0
4085	0	0
4086	0	0
4087	0	0
4088	0	0
4089	0	0
4090	0	0
4091	0	0
4092	0	0
4093	0	0
4094	0	0
4095	0	0
4096	0	0
4097	0	0
4098	0	0
4099	0	0
4100	0	0
4101	0	0
4102	0	0
4103	0	0
4104	0	0
4105	1	0
4106	0	0
4107	0	0
4108	0	0
4109	0	0
4110	0	0
4111	0	0
4112	0	0
4113	0	0
4114	0	0
4115	0	0
4116	0	0
4117	0	0
4118	0	0
4119	0	0
4120	0	0
4121	0	0
4122	0	0
4123	0	0
4124	0	0
4125	0	0
4126	0	0
4127	0	0
4128	0	0
4129	0	0
4130	0	0
4131	0	0
4132	0	0
4133	0	0
4134	0	0
4135	0	0
4136	0	0
4137	0	0
4138	0	0
4139	0	0
4140	0	0
4141	0	0
4142	0	0
4143	0	0
4144	1	0
4145	0	0
4146	0	0
4147	0	0
4148	0	0
4149	0	0
4150	0	0
4151	0	0
4152	0	0
4153	0	0
4154	0	0
4155	0	0
4156	0	0
4157	0	0
4158	0	0
4159	0	0
4160	0	0
4161	0	0
4162	0	0
4163	0	0
4164	2	0
4165	0	0
4166	0	0
4167	0	0
4168	0	0
4169	0	0
4170	0	0
4171	0	0
4172	0	0
4173	0	0
4174	0	0
4175	0	0
4176	0	0
4177	0	0
4178	0	0
4179	0	0
4180	0	0
4181	0	0
4182	0	0
4183	0	0
4184	0	0
4185	0	0
4186	0	0
4187	0	0
4188	0	0
4189	0	0
4190	0	0
4191	0	0
4192	0	0
4193	0	0
4194	0	0
4195	0	0
4196	0	0
4197	0	0
4198	0	0
4199	0	0
4200	0	0
4201	0	0
4202	0	0
4203	0	0
4204	0	0
4205	0	0
4206	0	0
4207	0	0
4208	0	0
4209	0	0
4210	0	0
4211	0	0
4212	0	0
4213	0	0
4214	1	0
4215	0	0
4216	0	0
4217	0	0
4218	1	0
4219	1	0
4220	0	0
4221	0	0
4222	0	0
4223	0	0
4224	0	0
4225	0	0
4226	0	0
4227	0	0
4228	0	0
4229	0	0
4230	0	0
4231	0	0
4232	0	0
4233	0	0
4234	0	0
4235	0	0
4236	0	0
4237	0	0
4238	0	0
4239	0	0
4240	0	0
4241	0	0
4242	0	0
4243	0	0
4244	0	0
4245	0	0
4246	0	0
4247	0	0
4248	0	0
4249	0	0
4250	0	0
4251	0	0
4252	0	0
4253	0	0
4254	0	0
4255	0	0
4256	0	0
4257	0	0
4258	0	0
4259	0	0
4260	0	0
4261	0	0
4262	0	0
4263	0	0
4264	0	0
4265	0	0
4266	0	0
4267	0	0
4268	0	0
4269	0	0
4270	0	0
4271	1	0
4272	0	0
4273	0	0
4274	0	0
4275	0	0
4276	0	0
4277	0	0
4278	0	0
4279	0	0
4280	0	0
4281	0	0
4282	0	0
4283	0	0
4284	0	0
4285	0	0
4286	0	0
4287	0	0
4288	0	0
4289	1	0
4290	0	0
4291	0	0
4292	0	0
4293	0	0
4294	0	0
4295	0	0
4296	0	0
4297	0	0
4298	0	0
4299	0	0
4300	0	0
4301	0	0
4302	0	0
4303	0	0
4304	0	0
4305	0	0
4306	0	0
4307	0	0
4308	0	0
4309	0	0
4310	0	0
4311	0	0
4312	1	0
4313	0	0
4314	0	0
4315	0	0
4316	0	0
4317	0	0
4318	0	0
4319	0	0
4320	0	0
4321	0	0
4322	0	0
4323	0	0
4324	0	0
4325	0	0
4326	0	0
4327	0	0
4328	0	0
4329	0	0
4330	0	0
4331	0	0
4332	0	0
4333	0	0
4334	0	0
4335	0	0
4336	0	0
4337	0	0
4338	1	0
4339	0	0
4340	0	0
4341	0	0
4342	0	0
4343	0	0
4344	0	0
4345	0	0
4346	0	0
4347	0	0
4348	0	0
4349	0	0
4350	0	0
4351	0	0
4352	0	0
4353	0	0
4354	0	0
4355	0	0
4356	0	0
4357	0	0
4358	0	0
4359	0	0
4360	0	0
4361	0	0
4362	0	0
4363	0	0
4364	0	0
4365	0	0
4366	0	0
4367	0	0
4368	0	0
4369	0	0
4370	0	0
4371	0	0
4372	0	0
4373	0	0
4374	0	0
4375	0	0
4376	0	0
4377	0	0
4378	0	0
4379	0	0
4380	0	0
4381	0	0
4382	0	0
4383	0	0
4384	0	0
4385	0	0
4386	0	0
4387	0	0
4388	0	0
4389	0	0
4390	0	0
4391	0	0
4392	0	0
4393	0	0
4394	0	0
4395	0	0
4396	0	0
4397	0	0
4398	0	0
4399	0	0
4400	0	0
4401	0	0
4402	1	0
4403	0	0
4404	0	0
4405	0	0
4406	1	0
4407	0	0
4408	1	0
4409	0	0
4410	0	0
4411	0	0
4412	0	0
4413	0	0
4414	1	0
4415	0	0
4416	0	0
4417	0	0
4418	0	0
4419	0	0
4420	0	0
4421	0	0
4422	0	0
4423	0	0
4424	0	0
4425	0	0
4426	1	0
4427	0	0
4428	1	0
4429	0	0
4430	0	0
4431	0	0
4432	0	0
4433	0	0
4434	0	0
4435	0	0
4436	0	0
4437	0	0
4438	0	0
4439	0	0
4440	0	0
4441	0	0
4442	0	0
4443	0	0
4444	0	0
4445	0	0
4446	0	0
4447	1	0
4448	0	0
4449	0	0
4450	0	0
4451	0	0
4452	0	0
4453	1	0
4454	0	0
4455	0	0
4456	0	0
4457	0	0
4458	0	0
4459	0	0
4460	0	0
4461	0	0
4462	0	0
4463	0	0
4464	0	0
4465	0	0
4466	0	0
4467	0	0
4468	0	0
4469	0	0
4470	0	0
4471	1	0
4472	0	0
4473	0	0
4474	0	0
4475	0	0
4476	0	0
4477	0	0
4478	0	0
4479	1	0
4480	0	0
4481	0	0
4482	0	0
4483	0	0
4484	0	0
4485	0	0
4486	0	0
4487	0	0
4488	0	0
4489	0	0
4490	0	0
4491	0	0
4492	0	0
4493	0	0
4494	0	0
4495	0	0
4496	0	0
4497	0	0
4498	0	0
4499	0	0
4500	0	0
4501	0	0
4502	1	0
4503	0	0
4504	0	0
4505	0	0
4506	0	0
4507	0	0
4508	0	0
4509	0	0
4510	0	0
4511	0	0
4512	0	0
4513	0	0
4514	0	0
4515	0	0
4516	0	0
4517	1	0
4518	0	0
4519	0	0
4520	0	0
4521	0	0
4522	0	0
4523	0	0
4524	0	0
4525	0	0
4526	0	0
4527	0	0
4528	0	0
4529	0	0
4530	0	0
4531	0	0
4532	0	0
4533	0	0
4534	0	0
4535	0	0
4536	0	0
4537	0	0
4538	0	0
4539	0	0
4540	0	0
4541	0	0
4542	0	0
4543	0	0
4544	0	0
4545	0	0
4546	0	0
4547	0	0
4548	0	0
4549	0	0
4550	0	0
4551	0	0
4552	0	0
4553	0	0
4554	0	0
4555	0	0
4556	0	0
4557	0	0
4558	0	0
4559	0	0
4560	0	0
4561	0	0
4562	0	0
4563	0	0
4564	0	0
4565	0	0
4566	0	0
4567	0	0
4568	0	0
4569	0	0
4570	0	0
4571	0	0
4572	0	0
4573	0	0
4574	0	0
4575	0	0
4576	0	0
4577	0	0
4578	1	0
4579	0	0
4580	0	0
4581	0	0
4582	0	0
4583	1	0
4584	0	0
4585	0	0
4586	0	0
4587	0	0
4588	0	0
4589	0	0
4590	1	0
4591	0	0
4592	0	0
4593	0	0
4594	0	0
4595	0	0
4596	0	0
4597	0	0
4598	0	0
4599	0	0
4600	0	0
4601	0	0
4602	0	0
4603	0	0
4604	0	0
4605	0	0
4606	0	0
4607	0	0
4608	0	0
4609	0	0
4610	0	0
4611	0	0
4612	0	0
4613	0	0
4614	0	0
4615	0	0
4616	0	0
4617	0	0
4618	0	0
4619	0	0
4620	0	0
4621	0	0
4622	0	0
4623	0	0
4624	0	0
4625	0	0
4626	0	0
4627	0	0
4628	0	0
4629	0	0
4630	0	0
4631	1	0
4632	1	0
4633	0	0
4634	0	0
4635	0	0
4636	0	0
4637	0	0
4638	0	0
4639	0	0
4640	0	0
4641	0	0
4642	0	0
4643	0	0
4644	0	0
4645	0	0
4646	0	0
4647	0	0
4648	0	0
4649	0	0
4650	0	0
4651	0	0
4652	0	0
4653	0	0
4654	0	0
4655	0	0
4656	0	0
4657	0	0
4658	0	0
4659	0	0
4660	1	0
4661	0	0
4662	1	0
4663	0	0
4664	1	0
4665	0	0
4666	1	0
4667	0	0
4668	0	0
4669	0	0
4670	0	0
4671	0	0
4672	0	0
4673	0	0
4674	0	0
4675	1	0
4676	0	0
4677	0	0
4678	0	0
4679	0	0
4680	1	0
4681	0	0
4682	0	0
4683	0	0
4684	0	0
4685	0	0
4686	0	0
4687	0	0
4688	0	0
4689	0	0
4690	0	0
4691	0	0
4692	0	0
4693	0	0
4694	0	0
4695	0	0
4696	0	0
4697	0	0
4698	0	0
4699	0	0
4700	0	0
4701	0	0
4702	0	0
4703	0	0
4704	1	0
4705	0	0
4706	0	0
4707	1	0
4708	0	0
4709	0	0
4710	0	0
4711	0	0
4712	0	0
4713	0	0
4714	0	0
4715	0	0
4716	0	0
4717	0	0
4718	0	0
4719	0	0
4720	0	0
4721	0	0
4722	0	0
4723	0	0
4724	0	0
4725	0	0
4726	0	0
4727	0	0
4728	1	0
4729	0	0
4730	0	0
4731	0	0
4732	0	0
4733	0	0
4734	0	0
4735	0	0
4736	0	0
4737	0	0
4738	0	0
4739	0	0
4740	0	0
4741	0	0
4742	0	0
4743	0	0
4744	0	0
4745	0	0
4746	0	0
4747	1	0
4748	0	0
4749	0	0
4750	0	0
4751	0	0
4752	0	0
4753	0	0
4754	0	0
4755	0	0
4756	1	0
4757	0	0
4758	0	0
4759	0	0
4760	0	0
4761	0	0
4762	1	0
4763	0	0
4764	0	0
4765	0	0
4766	0	0
4767	0	0
4768	0	0
4769	0	0
4770	0	0
4771	0	0
4772	0	0
4773	0	0
4774	0	0
4775	0	0
4776	0	0
4777	0	0
4778	0	0
4779	0	0
4780	0	0
4781	0	0
4782	0	0
4783	0	0
4784	0	0
4785	0	0
4786	0	0
4787	0	0
4788	0	0
4789	0	0
4790	1	0
4791	0	0
4792	0	0
4793	0	0
4794	1	0
4795	0	0
4796	0	0
4797	0	0
4798	0	0
4799	0	0
4800	0	0
4801	0	0
4802	0	0
4803	0	0
4804	0	0
4805	0	0
4806	0	0
4807	1	0
4808	0	0
4809	0	0
4810	0	0
4811	0	0
4812	0	0
4813	0	0
4814	0	0
4815	1	0
4816	0	0
4817	0	0
4818	0	0
4819	0	0
4820	0	0
4821	0	0
4822	0	0
4823	0	0
4824	0	0
4825	0	0
4826	0	0
4827	0	0
4828	0	0
4829	0	0
4830	0	0
4831	0	0
4832	0	0
4833	0	0
4834	0	0
4835	0	0
4836	0	0
4837	0	0
4838	0	0
4839	0	0
4840	0	0
4841	0	0
4842	0	0
4843	0	0
4844	0	0
4845	0	0
4846	0	0
4847	0	0
4848	0	0
4849	0	0
4850	0	0
4851	0	0
4852	0	0
4853	0	0
4854	0	0
4855	2	0
4856	0	0
4857	0	0
4858	0	0
4859	0	0
4860	0	0
4861	0	0
4862	0	0
4863	0	0
4864	0	0
4865	0	0
4866	0	0
4867	0	0
4868	0	0
4869	0	0
4870	0	0
4871	0	0
4872	0	0
4873	0	0
4874	1	0
4875	0	0
4876	0	0
4877	0	0
4878	0	0
4879	0	0
4880	0	0
4881	0	0
4882	0	0
4883	0	0
4884	0	0
4885	0	0
4886	0	0
4887	0	0
4888	0	0
4889	0	0
4890	0	0
4891	0	0
4892	0	0
4893	0	0
4894	0	0
4895	0	0
4896	0	0
4897	0	0
4898	1	0
4899	0	0
4900	0	0
4901	0	0
4902	0	0
4903	0	0
4904	1	0
4905	0	0
4906	0	0
4907	0	0
4908	0	0
4909	0	0
4910	0	0
4911	0	0
4912	0	0
4913	0	0
4914	0	0
4915	0	0
4916	0	0
4917	0	0
4918	0	0
4919	0	0
4920	0	0
4921	0	0
4922	0	0
4923	0	0
4924	0	0
4925	0	0
4926	0	0
4927	0	0
4928	0	0
4929	0	0
4930	1	0
4931	1	0
4932	1	0
4933	1	0
4934	0	0
4935	0	0
4936	0	0
4937	0	0
4938	0	0
4939	0	0
4940	0	0
4941	0	0
4942	1	0
4943	0	0
4944	0	0
4945	0	0
4946	0	0
4947	0	0
4948	0	0
4949	0	0
4950	0	0
4951	0	0
4952	0	0
4953	0	0
4954	0	0
4955	1	0
4956	1	0
4957	0	0
4958	0	0
4959	1	0
4960	0	0
4961	1	0
4962	0	0
4963	0	0
4964	0	0
4965	0	0
4966	0	0
4967	0	0
4968	0	0
4969	0	0
4970	0	0
4971	0	0
4972	0	0
4973	2	0
4974	0	0
4975	0	0
4976	0	0
4977	0	0
4978	0	0
4979	0	0
4980	0	0
4981	1	0
4982	0	0
4983	0	0
4984	0	0
4985	0	0
4986	0	0
4987	0	0
4988	0	0
4989	1	0
4990	0	0
4991	0	0
4992	0	0
4993	0	0
4994	0	0
4995	0	0
4996	0	0
4997	0	0
4998	0	0
4999	0	0
5000	274	0

