Detected variants
Location Expected abundance Observed Abundance Difference(%)
11181327 18.0 49.9 63.92786
27100181 33.0 50.4 34.52381
46738433 33.0 33.9 2.65487
65310489 39.0 73.0 46.57534
120458004 37.0 42.9 13.75291
120471800 30.0 66.7 55.02249
156814027 46.0 66.7 31.03448
156846233 46.0 60.9 24.46634
156846307 28.0 66.7 58.02099
156848995 51.0 50.0 2.0
162737116 25.0 33.8 26.0355
25469502 13.0 41.4 68.59903
29416366 52.0 10.5 395.2381
30143499 100.0 68.4 46.19883
47601106 100.0 65.3 53.13936
48018236 22.0 45.4 51.54185
198257795 31.0 49.6 37.5
198265526 19.0 56.1 66.13191
198283305 17.0 41.1 58.63747
215632255 42.0 84.1 50.05945
10088266 17.0 97.8 82.61759
10088299 16.0 97.8 83.64008
10088308 16.0 97.8 83.64008
10088343 21.0 98.5 78.6802
10088404 25.0 98.4 74.5935
10088407 23.0 98.3 76.60224
10138019 24.0 28.6 16.08392
41266101 25.0 73.3 65.89359
142277575 100.0 96.1 4.05827
178952085 20.0 83.3 75.9904
1803307 38.0 30.5 24.59016
1803704 36.0 45.5 20.87912
55138600 36.0 56.0 35.71429
55143577 10.0 36.8 72.82609
55979558 40.0 60.3 33.66501
153244155 31.0 58.3 46.82676
1254594 32.0 60.0 46.66667
1294664 31.0 44.6 30.49327
80168937 100.0 87.2 14.6789
112164561 34.0 37.6 9.57447
112176325 23.0 50.0 54.0
112176756 27.0 66.7 59.52024
112177171 18.0 71.3 74.75456
112179431 33.0 35.9 8.07799
41903782 40.0 75.1 46.73768
55241707 24.0 38.3 37.33681
55242464 0.0 76.4 100.0
106508763 49.0 66.4 26.20482
106508978 100.0 94.4 5.9322
128852003 47.0 52.1 9.78887
140453136 6.0 36.3 83.47107
140494209 19.0 43.9 56.71982
30938704 42.0 38.9 7.96915
30973957 26.0 37.5 30.66667
30999280 43.0 58.6 26.62116
145737816 39.0 37.6 3.7234
145738767 99.0 99.2 0.20161
145741702 32.0 39.6 19.19192
145741765 33.0 42.9 23.07692
145742514 98.0 94.5 3.7037
145742879 32.0 41.9 23.62768
98209594 51.0 30.0 70.0
98211548 29.0 65.3 55.58959
98278975 26.0 38.1 31.75853
133761001 47.0 67.2 30.05952
135802659 21.0 39.6 46.9697
139396746 32.0 18.7 71.12299
139397707 22.0 64.6 65.94427
8100647 30.0 30.6 1.96078
43595968 32.0 10.4 207.69231
43604493 30.0 66.7 55.02249
88635779 14.0 30.5 54.09836
533328 28.0 48.3 42.02899
69633633 39.0 40.8 4.41176
25398281 13.0 50.0 74.0
56494998 28.0 28.5 1.75439
112891125 22.0 16.7 31.73653
121416622 45.0 82.1 45.18879
121416650 28.0 56.4 50.35461
28624294 33.0 59.9 44.90818
28674628 49.0 53.6 8.58209
32911888 39.0 81.0 51.85185
32912299 25.0 42.9 41.72494
32913836 47.0 60.0 21.66667
48985975 30.0 30.8 2.5974
103515036 25.0 42.9 41.72494
103527930 100.0 88.8 12.61261
65507589 27.0 7.5 260.0
88576185 27.0 40.0 32.5
91337479 28.0 75.0 62.66667
91346923 33.0 33.3 0.9009
91354505 42.0 40.0 5.0
2134450 27.0 39.9 32.33083
3817720 33.0 38.1 13.38583
89805914 28.0 32.7 14.37309
89809319 27.0 25.2 7.14286
89815152 29.0 41.2 29.61165
89839766 23.0 40.4 43.06931
7579472 91.0 98.3 7.42625
29553485 40.0 23.2 72.41379
37650892 27.0 44.1 38.77551
37879588 25.0 18.8 32.97872
41234451 29.0 40.7 28.74693
41251931 39.0 47.1 17.19745
66538239 27.0 33.7 19.88131
3119239 40.0 58.8 31.97279
4101062 16.0 43.5 63.21839
4102449 31.0 51.9 40.26975
30314666 42.0 66.7 37.03148
40743956 33.0 50.0 34.0
45867259 39.0 41.7 6.47482
41536164 32.0 50.0 36.0
41551039 52.0 97.8 46.83027
41566524 52.0 59.9 13.18865
66765142 49.0 37.8 29.62963
66765627 38.0 44.4 14.41441
70338656 32.0 44.0 27.27273
