Detected variants
Location Expected abundance Observed Abundance Difference(%)
11181327 18.0 17.3 4.04624
11190646 18.0 18.7 3.74332
11254597 26.0 29.2 10.9589
27056285 32.0 30.7 4.23453
27100181 33.0 28.6 15.38462
46738433 33.0 30.5 8.19672
65310489 39.0 36.4 7.14286
65312342 32.0 29.6 8.10811
115256530 9.0 10.4 13.46154
120458004 37.0 37.7 1.85676
120471800 30.0 28.5 5.26316
120611964 34.0 41.5 18.07229
120612006 32.0 39.2 18.36735
156814027 46.0 46.2 0.4329
156846233 46.0 48.2 4.56432
156846307 28.0 28.2 0.70922
156848995 51.0 46.8 8.97436
162737116 25.0 29.0 13.7931
25469502 13.0 17.4 25.28736
29416326 34.0 31.5 7.93651
29416366 52.0 53.5 2.80374
29416615 29.0 31.2 7.05128
29543736 32.0 31.1 2.89389
30143058 35.0 31.2 12.17949
30143499 100.0 91.4 9.40919
47601106 100.0 99.9 0.1001
48018236 22.0 30.6 28.10458
48027921 36.0 26.1 37.93103
178095900 35.0 27.5 27.27273
198257795 31.0 30.1 2.99003
198265526 19.0 29.7 36.02694
198283305 17.0 29.6 42.56757
215632255 42.0 36.8 14.13043
215645464 41.0 43.7 6.17849
215645545 33.0 30.9 6.79612
10088266 17.0 26.0 34.61538
10088299 16.0 29.0 44.82759
10088308 16.0 29.5 45.76271
10088343 21.0 29.8 29.5302
10088404 25.0 31.3 20.1278
10088407 23.0 31.2 26.28205
10138019 24.0 30.5 21.31148
12475557 22.0 20.9 5.26316
12645007 57.0 28.4 100.70423
37056000 15.0 18.1 17.12707
41266101 25.0 28.7 12.89199
41266133 8.0 8.8 9.09091
142277575 100.0 99.9 0.1001
178936091 12.0 9.0 33.33333
178947865 31.0 29.2 6.16438
178952085 20.0 19.0 5.26316
1803307 38.0 38.7 1.80879
1803704 36.0 35.0 2.85714
55138600 36.0 31.2 15.38462
55143577 10.0 17.2 41.86047
55152040 18.0 17.5 2.85714
55599321 10.0 8.5 17.64706
55602765 11.0 9.6 14.58333
55604693 28.0 28.2 0.70922
55972974 12.0 20.8 42.30769
55979558 40.0 38.8 3.09278
106182946 33.0 27.8 18.70504
153244155 31.0 28.8 7.63889
153332500 35.0 29.1 20.27491
1254594 32.0 30.3 5.61056
1294664 31.0 29.5 5.08475
67522722 23.0 19.9 15.57789
79970914 33.0 45.7 27.78993
80168937 100.0 99.9 0.1001
112162854 21.0 28.5 26.31579
112164561 34.0 35.5 4.22535
112175770 39.0 37.8 3.1746
112176325 23.0 36.0 36.11111
112176559 38.0 37.9 0.26385
112176756 27.0 36.6 26.22951
112177171 18.0 37.7 52.25464
112179431 33.0 28.3 16.60777
149457678 29.0 31.5 7.93651
149460553 21.0 19.9 5.52764
149495395 48.0 47.7 0.62893
149499672 39.0 37.8 3.1746
149504348 11.0 10.0 10.0
149509446 30.0 31.8 5.66038
41903782 40.0 50.0 20.0
117686840 39.0 42.1 7.36342
117718110 32.0 30.5 4.91803
6026988 22.0 20.7 6.28019
55241707 24.0 24.3 1.23457
55249063 19.0 14.0 35.71429
55249071 0.0 1.2 100.0
55259515 3.0 4.6 34.78261
106508763 49.0 43.3 13.16397
106508978 100.0 99.8 0.2004
116339847 9.0 8.1 11.11111
116436022 5.0 8.0 37.5
128852003 47.0 48.4 2.89256
140449150 20.0 19.6 2.04082
140453136 6.0 12.2 50.81967
140494209 19.0 18.8 1.06383
30938704 42.0 39.8 5.52764
30973957 26.0 29.9 13.04348
30999280 43.0 46.6 7.72532
31012190 19.0 18.6 2.15054
31024654 6.0 19.1 68.58639
38275434 36.0 31.4 14.64968
90993061 19.0 24.1 21.16183
145737816 39.0 36.7 6.26703
145738767 99.0 100.0 1.0
145741702 32.0 39.7 19.39547
145741765 33.0 39.9 17.29323
145742514 98.0 100.0 2.0
145742879 32.0 38.7 17.31266
5050706 18.0 18.5 2.7027
5081780 38.0 43.7 13.04348
98209594 51.0 64.7 21.17465
98211548 29.0 29.5 1.69492
98278975 26.0 29.6 12.16216
133761001 47.0 52.4 10.30534
135802659 21.0 27.7 24.18773
139391636 25.0 25.0 0.0
139396746 32.0 27.0 18.51852
139397707 22.0 24.7 10.93117
139407932 36.0 42.8 15.88785
139409754 32.0 25.5 25.4902
139418260 43.0 40.3 6.69975
8100647 30.0 26.8 11.9403
43595968 32.0 32.4 1.23457
43604493 30.0 31.0 3.22581
43613843 57.0 60.8 6.25
88635779 14.0 17.1 18.12865
533328 28.0 32.7 14.37309
69462910 43.0 37.5 14.66667
69625385 34.0 32.7 3.97554
69633633 39.0 34.9 11.74785
25362777 29.0 30.8 5.84416
25398281 13.0 16.1 19.25466
25398284 4.0 4.9 18.36735
56494998 28.0 30.3 7.59076
112891125 22.0 25.8 14.72868
121416622 45.0 52.2 13.7931
121416650 28.0 34.0 17.64706
121437114 21.0 20.3 3.44828
28578214 17.0 11.4 49.12281
28624294 33.0 28.5 15.78947
28674628 49.0 45.2 8.40708
28895620 21.0 29.5 28.81356
32911888 39.0 40.9 4.64548
32912299 25.0 18.8 32.97872
32912750 41.0 29.5 38.98305
32913558 35.0 32.8 6.70732
32913836 47.0 43.9 7.0615
32936646 33.0 49.0 32.65306
48985975 30.0 30.1 0.33223
103515036 25.0 29.3 14.67577
103527930 100.0 99.9 0.1001
45645974 18.0 24.0 25.0
65507589 27.0 22.1 22.17195
66727451 27.0 29.3 7.84983
66729147 31.0 28.1 10.32028
66782085 33.0 32.0 3.125
88576185 27.0 42.1 35.86698
88680684 34.0 41.2 17.47573
89849327 31.0 30.2 2.64901
91337479 28.0 30.5 8.19672
91346923 33.0 30.0 10.0
91354505 42.0 28.9 45.32872
2134450 27.0 32.0 15.625
3658433 32.0 30.3 5.61056
3817720 33.0 31.9 3.44828
14041958 29.0 29.3 1.02389
89805914 28.0 26.5 5.66038
89807233 37.0 27.5 34.54545
89809319 27.0 25.2 7.14286
89815152 29.0 27.8 4.31655
89825065 28.0 27.5 1.81818
89839766 23.0 27.4 16.05839
89857935 27.0 24.0 12.5
89858417 27.0 26.7 1.1236
7579472 91.0 92.7 1.83387
29553485 40.0 35.1 13.96011
29632336 29.0 30.7 5.53746
37650892 27.0 30.5 11.47541
37879588 25.0 31.1 19.61415
41234451 29.0 25.2 15.07937
41251931 39.0 40.2 2.98507
66538239 27.0 27.7 2.52708
3119239 40.0 41.7 4.07674
4101062 16.0 26.8 40.29851
4102449 31.0 29.5 5.08475
15278222 37.0 30.2 22.51656
15302905 32.0 33.8 5.32544
30314666 42.0 30.4 38.15789
40743956 33.0 29.1 13.40206
45867259 39.0 42.6 8.4507
45868309 45.0 48.4 7.02479
57415471 33.0 29.1 13.40206
57429753 26.0 28.5 8.77193
57484241 22.0 26.9 18.21561
41536164 32.0 28.2 13.47518
41551039 52.0 33.8 53.84615
41566524 52.0 51.0 1.96078
66765142 49.0 34.1 43.69501
66765627 38.0 37.7 0.79576
70338656 32.0 28.8 11.11111
76938088 29.0 30.0 3.33333
