## htsjdk.samtools.metrics.StringHeader
# CollectHsMetrics BAIT_INTERVALS=[pool1_pool2_nochr_3c.sort.merged.padded20.hg19.210311.met.annotated.interval_list] TARGET_INTERVALS=[pool1_pool2_nochr_3c.sort.merged.padded20.hg19.210311.met.annotated.interval_list] INPUT=marked_duplicates_both_5.bam OUTPUT=hs_metrics_both_5.txt COVERAGE_CAP=5000 REFERENCE_SEQUENCE=/home/tomas/data/reference/hg19.with.mt.fasta    METRIC_ACCUMULATION_LEVEL=[ALL_READS] NEAR_DISTANCE=250 MINIMUM_MAPPING_QUALITY=20 MINIMUM_BASE_QUALITY=20 CLIP_OVERLAPPING_READS=true INCLUDE_INDELS=false SAMPLE_SIZE=10000 ALLELE_FRACTION=[0.001, 0.005, 0.01, 0.02, 0.05, 0.1, 0.2, 0.3, 0.5] VERBOSITY=INFO QUIET=false VALIDATION_STRINGENCY=STRICT COMPRESSION_LEVEL=5 MAX_RECORDS_IN_RAM=500000 CREATE_INDEX=false CREATE_MD5_FILE=false GA4GH_CLIENT_SECRETS=client_secrets.json USE_JDK_DEFLATER=false USE_JDK_INFLATER=false
## htsjdk.samtools.metrics.StringHeader
# Started on: Tue Feb 01 19:13:27 CET 2022

## METRICS CLASS	picard.analysis.directed.HsMetrics
BAIT_SET	BAIT_TERRITORY	BAIT_DESIGN_EFFICIENCY	ON_BAIT_BASES	NEAR_BAIT_BASES	OFF_BAIT_BASES	PCT_SELECTED_BASES	PCT_OFF_BAIT	ON_BAIT_VS_SELECTED	MEAN_BAIT_COVERAGE	PCT_USABLE_BASES_ON_BAIT	PCT_USABLE_BASES_ON_TARGET	FOLD_ENRICHMENT	HS_LIBRARY_SIZE	HS_PENALTY_10X	HS_PENALTY_20X	HS_PENALTY_30X	HS_PENALTY_40X	HS_PENALTY_50X	HS_PENALTY_100X	TARGET_TERRITORY	GENOME_SIZE	TOTAL_READS	PF_READS	PF_BASES	PF_UNIQUE_READS	PF_UQ_READS_ALIGNED	PF_BASES_ALIGNED	PF_UQ_BASES_ALIGNED	ON_TARGET_BASES	PCT_PF_READS	PCT_PF_UQ_READS	PCT_PF_UQ_READS_ALIGNED	MEAN_TARGET_COVERAGE	MEDIAN_TARGET_COVERAGE	MAX_TARGET_COVERAGE	MIN_TARGET_COVERAGE	ZERO_CVG_TARGETS_PCT	PCT_EXC_DUPE	PCT_EXC_ADAPTER	PCT_EXC_MAPQ	PCT_EXC_BASEQ	PCT_EXC_OVERLAP	PCT_EXC_OFF_TARGET	FOLD_80_BASE_PENALTY	PCT_TARGET_BASES_1X	PCT_TARGET_BASES_2X	PCT_TARGET_BASES_10X	PCT_TARGET_BASES_20X	PCT_TARGET_BASES_30X	PCT_TARGET_BASES_40X	PCT_TARGET_BASES_50X	PCT_TARGET_BASES_100X	PCT_TARGET_BASES_250X	PCT_TARGET_BASES_500X	PCT_TARGET_BASES_1000X	PCT_TARGET_BASES_2500X	PCT_TARGET_BASES_5000X	PCT_TARGET_BASES_10000X	PCT_TARGET_BASES_25000X	PCT_TARGET_BASES_50000X	PCT_TARGET_BASES_100000X	AT_DROPOUT	GC_DROPOUT	HET_SNP_SENSITIVITY	HET_SNP_Q	SAMPLE	LIBRARY	READ_GROUP
pool1_pool2_nochr_3c	2217428	1	6482339523	3330406709	4726272430	0.674925	0.325075	0.660604	2923.359641	0.444213	0.208396	622.45101	39972617	4.353873	4.364665	4.382651	4.397039	4.405673	4.474738	2217428	3095693983	114429196	114429196	14592868508	79325645	79302916	14539018662	10061232646	3041102316	1	0.693229	0.999713	1371.454819	1370	24615	0	0.001713	0.307984	0	0.021143	0.015113	0.111572	0.33504	1.312397	0.999687	0.999474	0.998793	0.998446	0.998126	0.997908	0.997691	0.996824	0.992124	0.972936	0.829824	0.017225	0.000908	0.000216	0	0	0	0.92874	3.517028	0.152061	1			

## HISTOGRAM	java.lang.Integer
coverage_or_base_quality	high_quality_coverage_count	unfiltered_baseq_count
0	693	0
1	473	0
2	320	0
3	358	0
4	160	0
5	125	0
6	117	0
7	141	0
8	167	0
9	122	0
10	126	0
11	104	0
12	110	0
13	78	0
14	71	70353194
15	46	0
16	86	0
17	52	0
18	42	0
19	55	0
20	57	0
21	62	13680492
22	77	0
23	65	0
24	95	0
25	79	0
26	84	0
27	71	73351807
28	49	0
29	70	0
30	57	0
31	58	0
32	64	290747479
33	41	0
34	35	0
35	50	0
36	47	2654966458
37	44	0
38	39	0
39	49	0
40	54	0
41	34	0
42	49	0
43	59	0
44	36	0
45	50	0
46	47	0
47	64	0
48	46	0
49	43	0
50	46	0
51	48	0
52	38	0
53	34	0
54	39	0
55	34	0
56	34	0
57	39	0
58	33	0
59	30	0
60	27	0
61	23	0
62	23	0
63	31	0
64	32	0
65	23	0
66	37	0
67	42	0
68	28	0
69	34	0
70	28	0
71	32	0
72	31	0
73	35	0
74	34	0
75	24	0
76	31	0
77	29	0
78	27	0
79	35	0
80	40	0
81	34	0
82	39	0
83	36	0
84	50	0
85	35	0
86	43	0
87	45	0
88	49	0
89	42	0
90	55	0
91	43	0
92	53	0
93	38	0
94	44	0
95	51	0
96	60	0
97	58	0
98	65	0
99	60	0
100	50	0
101	62	0
102	53	0
103	52	0
104	46	0
105	48	0
106	44	0
107	44	0
108	50	0
109	55	0
110	54	0
111	45	0
112	48	0
113	55	0
114	33	0
115	56	0
116	42	0
117	45	0
118	47	0
119	51	0
120	54	0
121	57	0
122	59	0
123	56	0
124	63	0
125	53	0
126	56	0
127	52	0
128	56	0
129	44	0
130	56	0
131	56	0
132	50	0
133	56	0
134	45	0
135	63	0
136	48	0
137	50	0
138	62	0
139	67	0
140	61	0
141	65	0
142	50	0
143	58	0
144	55	0
145	59	0
146	53	0
147	67	0
148	62	0
149	69	0
150	62	0
151	43	0
152	69	0
153	68	0
154	61	0
155	64	0
156	73	0
157	72	0
158	62	0
159	56	0
160	65	0
161	68	0
162	57	0
163	65	0
164	68	0
165	52	0
166	61	0
167	76	0
168	51	0
169	55	0
170	61	0
171	61	0
172	58	0
173	59	0
174	68	0
175	63	0
176	72	0
177	78	0
178	64	0
179	56	0
180	56	0
181	78	0
182	84	0
183	64	0
184	71	0
185	86	0
186	57	0
187	78	0
188	75	0
189	82	0
190	74	0
191	76	0
192	78	0
193	89	0
194	77	0
195	84	0
196	69	0
197	75	0
198	86	0
199	76	0
200	72	0
201	82	0
202	88	0
203	78	0
204	77	0
205	92	0
206	80	0
207	81	0
208	83	0
209	65	0
210	64	0
211	91	0
212	72	0
213	83	0
214	100	0
215	105	0
216	78	0
217	75	0
218	99	0
219	77	0
220	59	0
221	86	0
222	68	0
223	92	0
224	82	0
225	72	0
226	75	0
227	76	0
228	82	0
229	93	0
230	100	0
231	89	0
232	100	0
233	91	0
234	97	0
235	83	0
236	86	0
237	100	0
238	106	0
239	86	0
240	100	0
241	96	0
242	114	0
243	92	0
244	99	0
245	90	0
246	93	0
247	97	0
248	99	0
249	93	0
250	103	0
251	100	0
252	91	0
253	116	0
254	95	0
255	100	0
256	94	0
257	82	0
258	91	0
259	117	0
260	83	0
261	116	0
262	102	0
263	113	0
264	77	0
265	104	0
266	97	0
267	112	0
268	98	0
269	101	0
270	99	0
271	105	0
272	111	0
273	106	0
274	102	0
275	119	0
276	88	0
277	97	0
278	113	0
279	101	0
280	126	0
281	108	0
282	117	0
283	125	0
284	114	0
285	109	0
286	106	0
287	118	0
288	143	0
289	127	0
290	118	0
291	141	0
292	148	0
293	131	0
294	118	0
295	130	0
296	155	0
297	137	0
298	138	0
299	157	0
300	146	0
301	149	0
302	143	0
303	133	0
304	151	0
305	146	0
306	140	0
307	151	0
308	151	0
309	166	0
310	138	0
311	128	0
312	144	0
313	146	0
314	145	0
315	171	0
316	141	0
317	168	0
318	151	0
319	172	0
320	161	0
321	133	0
322	182	0
323	175	0
324	177	0
325	155	0
326	186	0
327	155	0
328	178	0
329	170	0
330	177	0
331	169	0
332	173	0
333	181	0
334	180	0
335	167	0
336	168	0
337	181	0
338	202	0
339	165	0
340	186	0
341	204	0
342	174	0
343	188	0
344	177	0
345	167	0
346	197	0
347	152	0
348	177	0
349	165	0
350	176	0
351	193	0
352	189	0
353	185	0
354	180	0
355	168	0
356	190	0
357	191	0
358	173	0
359	169	0
360	210	0
361	205	0
362	175	0
363	189	0
364	183	0
365	187	0
366	191	0
367	190	0
368	205	0
369	198	0
370	206	0
371	175	0
372	200	0
373	213	0
374	206	0
375	206	0
376	198	0
377	192	0
378	187	0
379	180	0
380	177	0
381	194	0
382	194	0
383	183	0
384	190	0
385	184	0
386	192	0
387	192	0
388	188	0
389	200	0
390	218	0
391	173	0
392	205	0
393	188	0
394	185	0
395	182	0
396	194	0
397	191	0
398	202	0
399	202	0
400	198	0
401	199	0
402	165	0
403	167	0
404	183	0
405	194	0
406	196	0
407	226	0
408	180	0
409	202	0
410	162	0
411	193	0
412	184	0
413	202	0
414	194	0
415	180	0
416	169	0
417	189	0
418	223	0
419	218	0
420	222	0
421	172	0
422	178	0
423	171	0
424	171	0
425	183	0
426	194	0
427	195	0
428	210	0
429	197	0
430	214	0
431	188	0
432	191	0
433	160	0
434	174	0
435	185	0
436	185	0
437	164	0
438	168	0
439	174	0
440	190	0
441	169	0
442	176	0
443	194	0
444	197	0
445	162	0
446	186	0
447	190	0
448	194	0
449	177	0
450	193	0
451	184	0
452	193	0
453	187	0
454	165	0
455	174	0
456	160	0
457	184	0
458	169	0
459	216	0
460	190	0
461	197	0
462	204	0
463	196	0
464	197	0
465	210	0
466	183	0
467	181	0
468	216	0
469	222	0
470	194	0
471	232	0
472	178	0
473	195	0
474	193	0
475	221	0
476	192	0
477	215	0
478	203	0
479	203	0
480	192	0
481	185	0
482	214	0
483	229	0
484	209	0
485	216	0
486	212	0
487	214	0
488	200	0
489	212	0
490	206	0
491	202	0
492	191	0
493	185	0
494	176	0
495	195	0
496	194	0
497	179	0
498	186	0
499	204	0
500	205	0
501	210	0
502	218	0
503	201	0
504	207	0
505	210	0
506	217	0
507	184	0
508	219	0
509	213	0
510	209	0
511	204	0
512	233	0
513	226	0
514	224	0
515	214	0
516	211	0
517	230	0
518	193	0
519	229	0
520	217	0
521	231	0
522	240	0
523	215	0
524	233	0
525	197	0
526	230	0
527	229	0
528	214	0
529	220	0
530	200	0
531	238	0
532	213	0
533	208	0
534	221	0
535	229	0
536	203	0
537	229	0
538	227	0
539	233	0
540	219	0
541	211	0
542	225	0
543	251	0
544	213	0
545	262	0
546	226	0
547	248	0
548	232	0
549	291	0
550	242	0
551	254	0
552	266	0
553	246	0
554	250	0
555	247	0
556	257	0
557	264	0
558	249	0
559	264	0
560	258	0
561	273	0
562	269	0
563	240	0
564	247	0
565	227	0
566	258	0
567	256	0
568	251	0
569	267	0
570	266	0
571	244	0
572	274	0
573	303	0
574	244	0
575	257	0
576	267	0
577	298	0
578	250	0
579	268	0
580	266	0
581	278	0
582	276	0
583	295	0
584	261	0
585	300	0
586	260	0
587	254	0
588	263	0
589	253	0
590	274	0
591	274	0
592	289	0
593	292	0
594	255	0
595	281	0
596	257	0
597	281	0
598	286	0
599	303	0
600	264	0
601	265	0
602	277	0
603	332	0
604	293	0
605	293	0
606	294	0
607	294	0
608	295	0
609	259	0
610	262	0
611	265	0
612	294	0
613	309	0
614	280	0
615	291	0
616	296	0
617	285	0
618	280	0
619	286	0
620	296	0
621	316	0
622	279	0
623	286	0
624	301	0
625	314	0
626	286	0
627	306	0
628	292	0
629	293	0
630	314	0
631	341	0
632	332	0
633	296	0
634	286	0
635	315	0
636	321	0
637	272	0
638	338	0
639	324	0
640	311	0
641	339	0
642	299	0
643	349	0
644	334	0
645	322	0
646	304	0
647	302	0
648	329	0
649	301	0
650	336	0
651	333	0
652	304	0
653	346	0
654	296	0
655	325	0
656	346	0
657	329	0
658	297	0
659	314	0
660	351	0
661	354	0
662	342	0
663	311	0
664	334	0
665	347	0
666	364	0
667	336	0
668	329	0
669	388	0
670	357	0
671	343	0
672	338	0
673	349	0
674	385	0
675	387	0
676	340	0
677	353	0
678	374	0
679	362	0
680	353	0
681	339	0
682	371	0
683	390	0
684	396	0
685	383	0
686	407	0
687	383	0
688	389	0
689	388	0
690	371	0
691	379	0
692	403	0
693	392	0
694	414	0
695	456	0
696	415	0
697	406	0
698	412	0
699	429	0
700	446	0
701	423	0
702	408	0
703	417	0
704	427	0
705	433	0
706	457	0
707	433	0
708	474	0
709	463	0
710	451	0
711	413	0
712	447	0
713	415	0
714	422	0
715	460	0
716	469	0
717	474	0
718	454	0
719	469	0
720	439	0
721	522	0
722	464	0
723	496	0
724	446	0
725	494	0
726	490	0
727	444	0
728	485	0
729	489	0
730	516	0
731	487	0
732	488	0
733	530	0
734	498	0
735	499	0
736	524	0
737	467	0
738	512	0
739	532	0
740	507	0
741	480	0
742	529	0
743	504	0
744	471	0
745	525	0
746	525	0
747	547	0
748	541	0
749	518	0
750	532	0
751	558	0
752	569	0
753	546	0
754	565	0
755	565	0
756	563	0
757	525	0
758	553	0
759	568	0
760	542	0
761	591	0
762	574	0
763	576	0
764	533	0
765	592	0
766	606	0
767	569	0
768	531	0
769	582	0
770	580	0
771	608	0
772	606	0
773	575	0
774	618	0
775	579	0
776	609	0
777	575	0
778	610	0
779	621	0
780	597	0
781	660	0
782	621	0
783	586	0
784	648	0
785	612	0
786	593	0
787	620	0
788	587	0
789	631	0
790	622	0
791	621	0
792	637	0
793	663	0
794	686	0
795	675	0
796	643	0
797	668	0
798	647	0
799	669	0
800	680	0
801	688	0
802	654	0
803	650	0
804	685	0
805	716	0
806	667	0
807	653	0
808	677	0
809	698	0
810	697	0
811	655	0
812	678	0
813	712	0
814	714	0
815	703	0
816	705	0
817	745	0
818	727	0
819	735	0
820	714	0
821	756	0
822	745	0
823	747	0
824	693	0
825	788	0
826	740	0
827	717	0
828	796	0
829	765	0
830	784	0
831	742	0
832	754	0
833	736	0
834	784	0
835	717	0
836	808	0
837	773	0
838	775	0
839	836	0
840	809	0
841	834	0
842	838	0
843	823	0
844	774	0
845	818	0
846	823	0
847	822	0
848	846	0
849	875	0
850	849	0
851	812	0
852	866	0
853	846	0
854	921	0
855	879	0
856	858	0
857	872	0
858	876	0
859	850	0
860	826	0
861	860	0
862	947	0
863	890	0
864	863	0
865	833	0
866	906	0
867	902	0
868	943	0
869	917	0
870	910	0
871	880	0
872	955	0
873	936	0
874	958	0
875	903	0
876	921	0
877	970	0
878	936	0
879	988	0
880	974	0
881	969	0
882	968	0
883	953	0
884	987	0
885	942	0
886	939	0
887	986	0
888	1042	0
889	994	0
890	993	0
891	995	0
892	1006	0
893	1059	0
894	1037	0
895	988	0
896	1005	0
897	1019	0
898	1008	0
899	1035	0
900	1055	0
901	1061	0
902	1073	0
903	1035	0
904	1089	0
905	1082	0
906	1062	0
907	1035	0
908	1031	0
909	1032	0
910	1053	0
911	1052	0
912	1106	0
913	1069	0
914	1096	0
915	1102	0
916	1095	0
917	1027	0
918	1120	0
919	1084	0
920	1095	0
921	1102	0
922	1121	0
923	1157	0
924	1137	0
925	1113	0
926	1172	0
927	1127	0
928	1189	0
929	1217	0
930	1084	0
931	1186	0
932	1189	0
933	1185	0
934	1156	0
935	1136	0
936	1132	0
937	1201	0
938	1156	0
939	1214	0
940	1249	0
941	1182	0
942	1224	0
943	1234	0
944	1196	0
945	1229	0
946	1179	0
947	1173	0
948	1213	0
949	1244	0
950	1212	0
951	1230	0
952	1216	0
953	1192	0
954	1200	0
955	1213	0
956	1239	0
957	1252	0
958	1281	0
959	1286	0
960	1227	0
961	1287	0
962	1250	0
963	1260	0
964	1325	0
965	1254	0
966	1303	0
967	1251	0
968	1318	0
969	1273	0
970	1331	0
971	1295	0
972	1374	0
973	1390	0
974	1291	0
975	1278	0
976	1328	0
977	1265	0
978	1342	0
979	1382	0
980	1343	0
981	1267	0
982	1358	0
983	1369	0
984	1413	0
985	1344	0
986	1368	0
987	1328	0
988	1379	0
989	1440	0
990	1407	0
991	1381	0
992	1316	0
993	1316	0
994	1375	0
995	1376	0
996	1364	0
997	1348	0
998	1349	0
999	1355	0
1000	1401	0
1001	1421	0
1002	1330	0
1003	1453	0
1004	1404	0
1005	1411	0
1006	1392	0
1007	1447	0
1008	1431	0
1009	1443	0
1010	1471	0
1011	1453	0
1012	1413	0
1013	1430	0
1014	1439	0
1015	1442	0
1016	1379	0
1017	1485	0
1018	1515	0
1019	1470	0
1020	1432	0
1021	1371	0
1022	1453	0
1023	1393	0
1024	1531	0
1025	1452	0
1026	1478	0
1027	1472	0
1028	1427	0
1029	1487	0
1030	1523	0
1031	1481	0
1032	1504	0
1033	1496	0
1034	1407	0
1035	1475	0
1036	1463	0
1037	1573	0
1038	1476	0
1039	1554	0
1040	1527	0
1041	1538	0
1042	1516	0
1043	1546	0
1044	1549	0
1045	1564	0
1046	1566	0
1047	1528	0
1048	1546	0
1049	1539	0
1050	1571	0
1051	1574	0
1052	1589	0
1053	1534	0
1054	1559	0
1055	1531	0
1056	1559	0
1057	1643	0
1058	1594	0
1059	1579	0
1060	1630	0
1061	1669	0
1062	1586	0
1063	1587	0
1064	1583	0
1065	1613	0
1066	1628	0
1067	1628	0
1068	1594	0
1069	1606	0
1070	1616	0
1071	1608	0
1072	1585	0
1073	1639	0
1074	1617	0
1075	1593	0
1076	1593	0
1077	1604	0
1078	1658	0
1079	1659	0
1080	1632	0
1081	1644	0
1082	1648	0
1083	1638	0
1084	1601	0
1085	1778	0
1086	1677	0
1087	1649	0
1088	1612	0
1089	1650	0
1090	1664	0
1091	1674	0
1092	1640	0
1093	1700	0
1094	1663	0
1095	1675	0
1096	1667	0
1097	1682	0
1098	1599	0
1099	1669	0
1100	1774	0
1101	1732	0
1102	1789	0
1103	1732	0
1104	1704	0
1105	1686	0
1106	1740	0
1107	1713	0
1108	1699	0
1109	1714	0
1110	1678	0
1111	1737	0
1112	1764	0
1113	1695	0
1114	1708	0
1115	1693	0
1116	1751	0
1117	1811	0
1118	1721	0
1119	1777	0
1120	1779	0
1121	1785	0
1122	1773	0
1123	1774	0
1124	1841	0
1125	1773	0
1126	1819	0
1127	1750	0
1128	1768	0
1129	1807	0
1130	1821	0
1131	1776	0
1132	1829	0
1133	1791	0
1134	1851	0
1135	1872	0
1136	1768	0
1137	1819	0
1138	1795	0
1139	1900	0
1140	1839	0
1141	1902	0
1142	1923	0
1143	1871	0
1144	1776	0
1145	1831	0
1146	1864	0
1147	1884	0
1148	1861	0
1149	1899	0
1150	1842	0
1151	1836	0
1152	1881	0
1153	1893	0
1154	1876	0
1155	1961	0
1156	1883	0
1157	1967	0
1158	1920	0
1159	1907	0
1160	1986	0
1161	1926	0
1162	1983	0
1163	1930	0
1164	1932	0
1165	1930	0
1166	1958	0
1167	2028	0
1168	1956	0
1169	2006	0
1170	1923	0
1171	1917	0
1172	1912	0
1173	1941	0
1174	1913	0
1175	2022	0
1176	1934	0
1177	1963	0
1178	1987	0
1179	1938	0
1180	1962	0
1181	2059	0
1182	2003	0
1183	2035	0
1184	2044	0
1185	2032	0
1186	1971	0
1187	2065	0
1188	2003	0
1189	1992	0
1190	1973	0
1191	2054	0
1192	2062	0
1193	2063	0
1194	2048	0
1195	2138	0
1196	1953	0
1197	2058	0
1198	2035	0
1199	2034	0
1200	2070	0
1201	2064	0
1202	2009	0
1203	2100	0
1204	2068	0
1205	2139	0
1206	2039	0
1207	2039	0
1208	2029	0
1209	2076	0
1210	2078	0
1211	2018	0
1212	2134	0
1213	2125	0
1214	2148	0
1215	2133	0
1216	2036	0
1217	2151	0
1218	2222	0
1219	2107	0
1220	2067	0
1221	2208	0
1222	2106	0
1223	2123	0
1224	2148	0
1225	2076	0
1226	2225	0
1227	2114	0
1228	2089	0
1229	2137	0
1230	2175	0
1231	2137	0
1232	2235	0
1233	2135	0
1234	2163	0
1235	2131	0
1236	2184	0
1237	2178	0
1238	2200	0
1239	2167	0
1240	2151	0
1241	2179	0
1242	2106	0
1243	2210	0
1244	2129	0
1245	2180	0
1246	2281	0
1247	2177	0
1248	2195	0
1249	2168	0
1250	2212	0
1251	2121	0
1252	2312	0
1253	2164	0
1254	2216	0
1255	2176	0
1256	2225	0
1257	2157	0
1258	2180	0
1259	2243	0
1260	2252	0
1261	2212	0
1262	2274	0
1263	2313	0
1264	2398	0
1265	2177	0
1266	2252	0
1267	2231	0
1268	2262	0
1269	2385	0
1270	2283	0
1271	2239	0
1272	2256	0
1273	2268	0
1274	2273	0
1275	2277	0
1276	2173	0
1277	2321	0
1278	2237	0
1279	2308	0
1280	2326	0
1281	2282	0
1282	2319	0
1283	2244	0
1284	2337	0
1285	2327	0
1286	2331	0
1287	2288	0
1288	2322	0
1289	2375	0
1290	2303	0
1291	2317	0
1292	2405	0
1293	2300	0
1294	2331	0
1295	2349	0
1296	2363	0
1297	2306	0
1298	2292	0
1299	2386	0
1300	2394	0
1301	2366	0
1302	2344	0
1303	2417	0
1304	2175	0
1305	2367	0
1306	2315	0
1307	2312	0
1308	2296	0
1309	2415	0
1310	2442	0
1311	2318	0
1312	2347	0
1313	2346	0
1314	2373	0
1315	2281	0
1316	2365	0
1317	2345	0
1318	2341	0
1319	2364	0
1320	2341	0
1321	2298	0
1322	2320	0
1323	2329	0
1324	2458	0
1325	2327	0
1326	2432	0
1327	2392	0
1328	2271	0
1329	2392	0
1330	2353	0
1331	2320	0
1332	2428	0
1333	2367	0
1334	2329	0
1335	2323	0
1336	2403	0
1337	2413	0
1338	2365	0
1339	2317	0
1340	2359	0
1341	2393	0
1342	2314	0
1343	2311	0
1344	2383	0
1345	2375	0
1346	2386	0
1347	2430	0
1348	2411	0
1349	2333	0
1350	2425	0
1351	2327	0
1352	2405	0
1353	2410	0
1354	2436	0
1355	2296	0
1356	2431	0
1357	2427	0
1358	2500	0
1359	2380	0
1360	2303	0
1361	2362	0
1362	2419	0
1363	2376	0
1364	2419	0
1365	2417	0
1366	2389	0
1367	2506	0
1368	2375	0
1369	2379	0
1370	2456	0
1371	2464	0
1372	2403	0
1373	2458	0
1374	2468	0
1375	2351	0
1376	2463	0
1377	2435	0
1378	2432	0
1379	2439	0
1380	2395	0
1381	2420	0
1382	2532	0
1383	2500	0
1384	2506	0
1385	2407	0
1386	2491	0
1387	2508	0
1388	2475	0
1389	2516	0
1390	2485	0
1391	2481	0
1392	2561	0
1393	2470	0
1394	2502	0
1395	2482	0
1396	2488	0
1397	2403	0
1398	2437	0
1399	2418	0
1400	2437	0
1401	2454	0
1402	2403	0
1403	2409	0
1404	2407	0
1405	2407	0
1406	2417	0
1407	2426	0
1408	2432	0
1409	2407	0
1410	2446	0
1411	2483	0
1412	2418	0
1413	2480	0
1414	2346	0
1415	2447	0
1416	2432	0
1417	2381	0
1418	2386	0
1419	2394	0
1420	2345	0
1421	2450	0
1422	2403	0
1423	2433	0
1424	2400	0
1425	2430	0
1426	2456	0
1427	2490	0
1428	2446	0
1429	2438	0
1430	2374	0
1431	2452	0
1432	2515	0
1433	2372	0
1434	2328	0
1435	2447	0
1436	2423	0
1437	2448	0
1438	2377	0
1439	2436	0
1440	2532	0
1441	2355	0
1442	2326	0
1443	2462	0
1444	2433	0
1445	2468	0
1446	2444	0
1447	2541	0
1448	2426	0
1449	2509	0
1450	2549	0
1451	2457	0
1452	2371	0
1453	2646	0
1454	2446	0
1455	2483	0
1456	2430	0
1457	2515	0
1458	2477	0
1459	2468	0
1460	2521	0
1461	2526	0
1462	2418	0
1463	2471	0
1464	2478	0
1465	2533	0
1466	2461	0
1467	2512	0
1468	2504	0
1469	2467	0
1470	2490	0
1471	2504	0
1472	2457	0
1473	2540	0
1474	2586	0
1475	2472	0
1476	2482	0
1477	2433	0
1478	2440	0
1479	2565	0
1480	2580	0
1481	2481	0
1482	2474	0
1483	2568	0
1484	2522	0
1485	2477	0
1486	2578	0
1487	2617	0
1488	2567	0
1489	2481	0
1490	2547	0
1491	2467	0
1492	2538	0
1493	2613	0
1494	2497	0
1495	2471	0
1496	2479	0
1497	2640	0
1498	2496	0
1499	2559	0
1500	2522	0
1501	2573	0
1502	2569	0
1503	2600	0
1504	2583	0
1505	2548	0
1506	2476	0
1507	2542	0
1508	2489	0
1509	2497	0
1510	2515	0
1511	2503	0
1512	2506	0
1513	2447	0
1514	2475	0
1515	2491	0
1516	2538	0
1517	2499	0
1518	2486	0
1519	2518	0
1520	2521	0
1521	2496	0
1522	2456	0
1523	2504	0
1524	2545	0
1525	2442	0
1526	2434	0
1527	2443	0
1528	2518	0
1529	2448	0
1530	2409	0
1531	2478	0
1532	2378	0
1533	2419	0
1534	2490	0
1535	2480	0
1536	2408	0
1537	2413	0
1538	2476	0
1539	2466	0
1540	2373	0
1541	2328	0
1542	2462	0
1543	2326	0
1544	2368	0
1545	2470	0
1546	2340	0
1547	2417	0
1548	2355	0
1549	2453	0
1550	2346	0
1551	2402	0
1552	2246	0
1553	2303	0
1554	2335	0
1555	2292	0
1556	2300	0
1557	2285	0
1558	2233	0
1559	2252	0
1560	2379	0
1561	2254	0
1562	2288	0
1563	2328	0
1564	2262	0
1565	2230	0
1566	2283	0
1567	2271	0
1568	2245	0
1569	2163	0
1570	2266	0
1571	2217	0
1572	2260	0
1573	2190	0
1574	2148	0
1575	2200	0
1576	2104	0
1577	2085	0
1578	2216	0
1579	2141	0
1580	2129	0
1581	2107	0
1582	2124	0
1583	2122	0
1584	2103	0
1585	2130	0
1586	2062	0
1587	2164	0
1588	2114	0
1589	2157	0
1590	2057	0
1591	2006	0
1592	2041	0
1593	2083	0
1594	2135	0
1595	2083	0
1596	2064	0
1597	2148	0
1598	2054	0
1599	1989	0
1600	1997	0
1601	2102	0
1602	1969	0
1603	2093	0
1604	2013	0
1605	2027	0
1606	2046	0
1607	2029	0
1608	2030	0
1609	2006	0
1610	1937	0
1611	1982	0
1612	1927	0
1613	1995	0
1614	1972	0
1615	1928	0
1616	1945	0
1617	1923	0
1618	1911	0
1619	2028	0
1620	1925	0
1621	1919	0
1622	1895	0
1623	1935	0
1624	1875	0
1625	1906	0
1626	1865	0
1627	1833	0
1628	1888	0
1629	1917	0
1630	1835	0
1631	1851	0
1632	1868	0
1633	1850	0
1634	1846	0
1635	1861	0
1636	1841	0
1637	1792	0
1638	1817	0
1639	1750	0
1640	1817	0
1641	1795	0
1642	1806	0
1643	1834	0
1644	1869	0
1645	1846	0
1646	1852	0
1647	1855	0
1648	1830	0
1649	1744	0
1650	1717	0
1651	1751	0
1652	1817	0
1653	1792	0
1654	1813	0
1655	1755	0
1656	1732	0
1657	1775	0
1658	1766	0
1659	1744	0
1660	1772	0
1661	1787	0
1662	1688	0
1663	1783	0
1664	1708	0
1665	1673	0
1666	1714	0
1667	1725	0
1668	1728	0
1669	1750	0
1670	1659	0
1671	1633	0
1672	1715	0
1673	1706	0
1674	1651	0
1675	1737	0
1676	1659	0
1677	1608	0
1678	1724	0
1679	1738	0
1680	1706	0
1681	1676	0
1682	1649	0
1683	1619	0
1684	1616	0
1685	1651	0
1686	1551	0
1687	1659	0
1688	1612	0
1689	1647	0
1690	1596	0
1691	1626	0
1692	1599	0
1693	1555	0
1694	1588	0
1695	1563	0
1696	1549	0
1697	1632	0
1698	1575	0
1699	1577	0
1700	1533	0
1701	1602	0
1702	1561	0
1703	1520	0
1704	1541	0
1705	1569	0
1706	1560	0
1707	1500	0
1708	1509	0
1709	1529	0
1710	1509	0
1711	1525	0
1712	1512	0
1713	1492	0
1714	1465	0
1715	1419	0
1716	1385	0
1717	1442	0
1718	1416	0
1719	1479	0
1720	1415	0
1721	1435	0
1722	1424	0
1723	1393	0
1724	1401	0
1725	1410	0
1726	1420	0
1727	1404	0
1728	1430	0
1729	1409	0
1730	1332	0
1731	1351	0
1732	1374	0
1733	1393	0
1734	1340	0
1735	1371	0
1736	1348	0
1737	1377	0
1738	1325	0
1739	1234	0
1740	1400	0
1741	1346	0
1742	1330	0
1743	1294	0
1744	1336	0
1745	1342	0
1746	1302	0
1747	1279	0
1748	1332	0
1749	1308	0
1750	1247	0
1751	1307	0
1752	1314	0
1753	1241	0
1754	1248	0
1755	1324	0
1756	1276	0
1757	1231	0
1758	1309	0
1759	1227	0
1760	1238	0
1761	1242	0
1762	1168	0
1763	1205	0
1764	1210	0
1765	1244	0
1766	1232	0
1767	1183	0
1768	1128	0
1769	1166	0
1770	1090	0
1771	1156	0
1772	1199	0
1773	1196	0
1774	1223	0
1775	1180	0
1776	1097	0
1777	1169	0
1778	1152	0
1779	1156	0
1780	1053	0
1781	1148	0
1782	1101	0
1783	1020	0
1784	1120	0
1785	1077	0
1786	1080	0
1787	1093	0
1788	1137	0
1789	1016	0
1790	1071	0
1791	1068	0
1792	1115	0
1793	1075	0
1794	1044	0
1795	1049	0
1796	1029	0
1797	1038	0
1798	1077	0
1799	1032	0
1800	1096	0
1801	954	0
1802	1006	0
1803	1004	0
1804	992	0
1805	1045	0
1806	981	0
1807	958	0
1808	1005	0
1809	986	0
1810	985	0
1811	990	0
1812	923	0
1813	992	0
1814	1000	0
1815	994	0
1816	946	0
1817	980	0
1818	977	0
1819	915	0
1820	969	0
1821	969	0
1822	951	0
1823	961	0
1824	905	0
1825	901	0
1826	898	0
1827	904	0
1828	941	0
1829	893	0
1830	860	0
1831	943	0
1832	907	0
1833	906	0
1834	893	0
1835	849	0
1836	852	0
1837	839	0
1838	870	0
1839	947	0
1840	816	0
1841	813	0
1842	881	0
1843	878	0
1844	826	0
1845	810	0
1846	820	0
1847	821	0
1848	847	0
1849	766	0
1850	856	0
1851	829	0
1852	827	0
1853	796	0
1854	804	0
1855	772	0
1856	758	0
1857	772	0
1858	788	0
1859	769	0
1860	767	0
1861	750	0
1862	762	0
1863	694	0
1864	790	0
1865	723	0
1866	759	0
1867	764	0
1868	665	0
1869	736	0
1870	720	0
1871	741	0
1872	734	0
1873	741	0
1874	709	0
1875	724	0
1876	725	0
1877	728	0
1878	696	0
1879	738	0
1880	709	0
1881	697	0
1882	706	0
1883	667	0
1884	673	0
1885	707	0
1886	669	0
1887	621	0
1888	606	0
1889	627	0
1890	661	0
1891	711	0
1892	637	0
1893	679	0
1894	639	0
1895	646	0
1896	654	0
1897	596	0
1898	560	0
1899	612	0
1900	613	0
1901	654	0
1902	599	0
1903	602	0
1904	551	0
1905	568	0
1906	650	0
1907	572	0
1908	557	0
1909	593	0
1910	585	0
1911	519	0
1912	578	0
1913	571	0
1914	598	0
1915	591	0
1916	560	0
1917	507	0
1918	550	0
1919	542	0
1920	558	0
1921	542	0
1922	560	0
1923	509	0
1924	531	0
1925	554	0
1926	530	0
1927	492	0
1928	548	0
1929	535	0
1930	506	0
1931	527	0
1932	501	0
1933	510	0
1934	498	0
1935	482	0
1936	505	0
1937	490	0
1938	502	0
1939	508	0
1940	453	0
1941	465	0
1942	480	0
1943	468	0
1944	481	0
1945	493	0
1946	441	0
1947	436	0
1948	447	0
1949	433	0
1950	413	0
1951	412	0
1952	431	0
1953	448	0
1954	432	0
1955	396	0
1956	419	0
1957	446	0
1958	465	0
1959	459	0
1960	436	0
1961	433	0
1962	432	0
1963	387	0
1964	422	0
1965	401	0
1966	366	0
1967	350	0
1968	379	0
1969	384	0
1970	391	0
1971	345	0
1972	420	0
1973	368	0
1974	401	0
1975	371	0
1976	365	0
1977	380	0
1978	398	0
1979	379	0
1980	340	0
1981	386	0
1982	365	0
1983	334	0
1984	406	0
1985	361	0
1986	336	0
1987	370	0
1988	338	0
1989	368	0
1990	344	0
1991	354	0
1992	339	0
1993	326	0
1994	341	0
1995	340	0
1996	367	0
1997	342	0
1998	310	0
1999	313	0
2000	323	0
2001	364	0
2002	339	0
2003	352	0
2004	357	0
2005	386	0
2006	335	0
2007	315	0
2008	324	0
2009	348	0
2010	298	0
2011	343	0
2012	345	0
2013	323	0
2014	321	0
2015	297	0
2016	312	0
2017	332	0
2018	301	0
2019	349	0
2020	332	0
2021	349	0
2022	290	0
2023	313	0
2024	278	0
2025	329	0
2026	307	0
2027	312	0
2028	330	0
2029	298	0
2030	295	0
2031	281	0
2032	325	0
2033	298	0
2034	316	0
2035	311	0
2036	311	0
2037	283	0
2038	328	0
2039	302	0
2040	272	0
2041	289	0
2042	295	0
2043	264	0
2044	290	0
2045	291	0
2046	259	0
2047	290	0
2048	309	0
2049	331	0
2050	271	0
2051	296	0
2052	279	0
2053	273	0
2054	284	0
2055	271	0
2056	289	0
2057	305	0
2058	282	0
2059	305	0
2060	278	0
2061	262	0
2062	278	0
2063	263	0
2064	275	0
2065	255	0
2066	259	0
2067	266	0
2068	256	0
2069	278	0
2070	240	0
2071	251	0
2072	252	0
2073	264	0
2074	264	0
2075	245	0
2076	244	0
2077	282	0
2078	258	0
2079	251	0
2080	227	0
2081	248	0
2082	231	0
2083	239	0
2084	244	0
2085	270	0
2086	268	0
2087	244	0
2088	252	0
2089	275	0
2090	248	0
2091	241	0
2092	231	0
2093	249	0
2094	225	0
2095	238	0
2096	214	0
2097	224	0
2098	241	0
2099	220	0
2100	241	0
2101	232	0
2102	261	0
2103	205	0
2104	236	0
2105	226	0
2106	250	0
2107	221	0
2108	220	0
2109	210	0
2110	205	0
2111	214	0
2112	210	0
2113	205	0
2114	252	0
2115	223	0
2116	226	0
2117	212	0
2118	219	0
2119	209	0
2120	204	0
2121	232	0
2122	254	0
2123	228	0
2124	219	0
2125	216	0
2126	225	0
2127	221	0
2128	197	0
2129	206	0
2130	261	0
2131	239	0
2132	206	0
2133	206	0
2134	193	0
2135	217	0
2136	214	0
2137	195	0
2138	213	0
2139	208	0
2140	209	0
2141	206	0
2142	185	0
2143	205	0
2144	211	0
2145	204	0
2146	207	0
2147	193	0
2148	209	0
2149	210	0
2150	204	0
2151	197	0
2152	195	0
2153	203	0
2154	194	0
2155	202	0
2156	192	0
2157	197	0
2158	193	0
2159	175	0
2160	176	0
2161	191	0
2162	186	0
2163	188	0
2164	224	0
2165	201	0
2166	216	0
2167	183	0
2168	164	0
2169	175	0
2170	187	0
2171	204	0
2172	189	0
2173	171	0
2174	212	0
2175	204	0
2176	195	0
2177	189	0
2178	176	0
2179	179	0
2180	186	0
2181	183	0
2182	194	0
2183	184	0
2184	180	0
2185	175	0
2186	178	0
2187	192	0
2188	183	0
2189	184	0
2190	168	0
2191	165	0
2192	176	0
2193	188	0
2194	203	0
2195	188	0
2196	180	0
2197	201	0
2198	161	0
2199	179	0
2200	193	0
2201	179	0
2202	198	0
2203	163	0
2204	173	0
2205	173	0
2206	165	0
2207	173	0
2208	163	0
2209	165	0
2210	182	0
2211	198	0
2212	170	0
2213	169	0
2214	155	0
2215	174	0
2216	160	0
2217	155	0
2218	150	0
2219	160	0
2220	153	0
2221	154	0
2222	171	0
2223	148	0
2224	188	0
2225	165	0
2226	142	0
2227	135	0
2228	162	0
2229	133	0
2230	142	0
2231	134	0
2232	163	0
2233	156	0
2234	150	0
2235	169	0
2236	155	0
2237	151	0
2238	149	0
2239	138	0
2240	154	0
2241	147	0
2242	129	0
2243	160	0
2244	140	0
2245	166	0
2246	156	0
2247	138	0
2248	167	0
2249	133	0
2250	125	0
2251	137	0
2252	138	0
2253	151	0
2254	134	0
2255	130	0
2256	163	0
2257	125	0
2258	138	0
2259	154	0
2260	133	0
2261	128	0
2262	149	0
2263	172	0
2264	128	0
2265	144	0
2266	155	0
2267	141	0
2268	141	0
2269	132	0
2270	138	0
2271	138	0
2272	145	0
2273	133	0
2274	133	0
2275	130	0
2276	125	0
2277	144	0
2278	143	0
2279	159	0
2280	129	0
2281	132	0
2282	112	0
2283	131	0
2284	139	0
2285	156	0
2286	136	0
2287	120	0
2288	126	0
2289	141	0
2290	149	0
2291	125	0
2292	133	0
2293	131	0
2294	127	0
2295	141	0
2296	126	0
2297	137	0
2298	120	0
2299	128	0
2300	125	0
2301	121	0
2302	139	0
2303	146	0
2304	127	0
2305	135	0
2306	129	0
2307	127	0
2308	139	0
2309	103	0
2310	123	0
2311	129	0
2312	127	0
2313	118	0
2314	122	0
2315	120	0
2316	123	0
2317	113	0
2318	119	0
2319	121	0
2320	108	0
2321	133	0
2322	128	0
2323	117	0
2324	96	0
2325	98	0
2326	125	0
2327	114	0
2328	117	0
2329	112	0
2330	112	0
2331	123	0
2332	120	0
2333	105	0
2334	105	0
2335	112	0
2336	114	0
2337	125	0
2338	122	0
2339	119	0
2340	96	0
2341	115	0
2342	110	0
2343	112	0
2344	116	0
2345	116	0
2346	113	0
2347	106	0
2348	120	0
2349	93	0
2350	120	0
2351	89	0
2352	117	0
2353	96	0
2354	123	0
2355	112	0
2356	106	0
2357	114	0
2358	97	0
2359	107	0
2360	117	0
2361	107	0
2362	106	0
2363	101	0
2364	120	0
2365	115	0
2366	104	0
2367	111	0
2368	94	0
2369	100	0
2370	95	0
2371	120	0
2372	97	0
2373	93	0
2374	112	0
2375	113	0
2376	94	0
2377	104	0
2378	101	0
2379	88	0
2380	94	0
2381	84	0
2382	107	0
2383	95	0
2384	114	0
2385	103	0
2386	96	0
2387	82	0
2388	114	0
2389	102	0
2390	90	0
2391	106	0
2392	87	0
2393	93	0
2394	102	0
2395	122	0
2396	92	0
2397	109	0
2398	100	0
2399	93	0
2400	104	0
2401	113	0
2402	93	0
2403	89	0
2404	88	0
2405	108	0
2406	83	0
2407	103	0
2408	103	0
2409	105	0
2410	87	0
2411	103	0
2412	110	0
2413	97	0
2414	115	0
2415	97	0
2416	94	0
2417	92	0
2418	113	0
2419	74	0
2420	95	0
2421	89	0
2422	84	0
2423	93	0
2424	76	0
2425	76	0
2426	81	0
2427	92	0
2428	83	0
2429	84	0
2430	88	0
2431	91	0
2432	78	0
2433	72	0
2434	86	0
2435	82	0
2436	83	0
2437	78	0
2438	87	0
2439	80	0
2440	80	0
2441	83	0
2442	100	0
2443	107	0
2444	95	0
2445	78	0
2446	77	0
2447	78	0
2448	79	0
2449	69	0
2450	99	0
2451	85	0
2452	96	0
2453	90	0
2454	71	0
2455	99	0
2456	87	0
2457	97	0
2458	113	0
2459	83	0
2460	91	0
2461	75	0
2462	87	0
2463	91	0
2464	95	0
2465	82	0
2466	96	0
2467	89	0
2468	87	0
2469	93	0
2470	90	0
2471	98	0
2472	89	0
2473	87	0
2474	83	0
2475	80	0
2476	89	0
2477	65	0
2478	70	0
2479	102	0
2480	89	0
2481	102	0
2482	78	0
2483	115	0
2484	86	0
2485	93	0
2486	92	0
2487	91	0
2488	96	0
2489	86	0
2490	103	0
2491	87	0
2492	103	0
2493	95	0
2494	75	0
2495	82	0
2496	114	0
2497	78	0
2498	95	0
2499	83	0
2500	101	0
2501	92	0
2502	89	0
2503	86	0
2504	96	0
2505	91	0
2506	102	0
2507	85	0
2508	98	0
2509	83	0
2510	72	0
2511	93	0
2512	90	0
2513	88	0
2514	84	0
2515	80	0
2516	84	0
2517	80	0
2518	104	0
2519	85	0
2520	92	0
2521	89	0
2522	79	0
2523	90	0
2524	94	0
2525	94	0
2526	75	0
2527	111	0
2528	84	0
2529	84	0
2530	91	0
2531	88	0
2532	109	0
2533	94	0
2534	97	0
2535	101	0
2536	74	0
2537	73	0
2538	86	0
2539	96	0
2540	77	0
2541	98	0
2542	87	0
2543	96	0
2544	81	0
2545	86	0
2546	87	0
2547	75	0
2548	82	0
2549	75	0
2550	89	0
2551	91	0
2552	91	0
2553	90	0
2554	82	0
2555	93	0
2556	73	0
2557	100	0
2558	76	0
2559	96	0
2560	79	0
2561	85	0
2562	85	0
2563	95	0
2564	97	0
2565	85	0
2566	87	0
2567	105	0
2568	84	0
2569	93	0
2570	98	0
2571	94	0
2572	87	0
2573	83	0
2574	85	0
2575	90	0
2576	87	0
2577	82	0
2578	81	0
2579	90	0
2580	93	0
2581	77	0
2582	81	0
2583	82	0
2584	78	0
2585	95	0
2586	86	0
2587	83	0
2588	96	0
2589	93	0
2590	77	0
2591	90	0
2592	72	0
2593	94	0
2594	63	0
2595	79	0
2596	93	0
2597	80	0
2598	75	0
2599	105	0
2600	87	0
2601	86	0
2602	75	0
2603	93	0
2604	84	0
2605	92	0
2606	76	0
2607	84	0
2608	74	0
2609	93	0
2610	96	0
2611	84	0
2612	88	0
2613	80	0
2614	72	0
2615	94	0
2616	81	0
2617	58	0
2618	73	0
2619	72	0
2620	89	0
2621	78	0
2622	72	0
2623	65	0
2624	79	0
2625	78	0
2626	78	0
2627	78	0
2628	70	0
2629	70	0
2630	80	0
2631	92	0
2632	97	0
2633	64	0
2634	78	0
2635	65	0
2636	91	0
2637	97	0
2638	67	0
2639	87	0
2640	70	0
2641	88	0
2642	75	0
2643	71	0
2644	91	0
2645	77	0
2646	88	0
2647	77	0
2648	87	0
2649	81	0
2650	82	0
2651	63	0
2652	68	0
2653	61	0
2654	71	0
2655	69	0
2656	73	0
2657	66	0
2658	63	0
2659	68	0
2660	75	0
2661	62	0
2662	79	0
2663	65	0
2664	64	0
2665	84	0
2666	68	0
2667	72	0
2668	74	0
2669	74	0
2670	82	0
2671	69	0
2672	68	0
2673	78	0
2674	78	0
2675	73	0
2676	51	0
2677	65	0
2678	71	0
2679	68	0
2680	78	0
2681	76	0
2682	72	0
2683	68	0
2684	74	0
2685	71	0
2686	64	0
2687	77	0
2688	77	0
2689	73	0
2690	69	0
2691	85	0
2692	70	0
2693	67	0
2694	59	0
2695	64	0
2696	70	0
2697	77	0
2698	74	0
2699	78	0
2700	65	0
2701	70	0
2702	75	0
2703	68	0
2704	65	0
2705	63	0
2706	68	0
2707	85	0
2708	52	0
2709	63	0
2710	63	0
2711	63	0
2712	75	0
2713	77	0
2714	68	0
2715	61	0
2716	65	0
2717	52	0
2718	65	0
2719	57	0
2720	77	0
2721	55	0
2722	59	0
2723	49	0
2724	65	0
2725	66	0
2726	57	0
2727	62	0
2728	50	0
2729	57	0
2730	69	0
2731	64	0
2732	62	0
2733	65	0
2734	76	0
2735	59	0
2736	53	0
2737	56	0
2738	57	0
2739	76	0
2740	58	0
2741	55	0
2742	62	0
2743	77	0
2744	53	0
2745	55	0
2746	63	0
2747	48	0
2748	59	0
2749	50	0
2750	66	0
2751	60	0
2752	57	0
2753	53	0
2754	67	0
2755	68	0
2756	70	0
2757	66	0
2758	70	0
2759	65	0
2760	68	0
2761	66	0
2762	71	0
2763	64	0
2764	72	0
2765	59	0
2766	64	0
2767	63	0
2768	61	0
2769	58	0
2770	58	0
2771	67	0
2772	64	0
2773	49	0
2774	48	0
2775	55	0
2776	59	0
2777	47	0
2778	60	0
2779	65	0
2780	59	0
2781	46	0
2782	74	0
2783	60	0
2784	46	0
2785	64	0
2786	54	0
2787	62	0
2788	52	0
2789	58	0
2790	51	0
2791	48	0
2792	51	0
2793	57	0
2794	56	0
2795	74	0
2796	56	0
2797	61	0
2798	53	0
2799	66	0
2800	53	0
2801	57	0
2802	60	0
2803	53	0
2804	64	0
2805	51	0
2806	38	0
2807	47	0
2808	46	0
2809	60	0
2810	57	0
2811	57	0
2812	47	0
2813	62	0
2814	50	0
2815	57	0
2816	54	0
2817	43	0
2818	54	0
2819	50	0
2820	47	0
2821	49	0
2822	51	0
2823	60	0
2824	54	0
2825	57	0
2826	48	0
2827	49	0
2828	44	0
2829	46	0
2830	53	0
2831	58	0
2832	44	0
2833	61	0
2834	44	0
2835	41	0
2836	45	0
2837	62	0
2838	54	0
2839	56	0
2840	50	0
2841	52	0
2842	49	0
2843	52	0
2844	57	0
2845	53	0
2846	44	0
2847	45	0
2848	44	0
2849	53	0
2850	44	0
2851	37	0
2852	51	0
2853	49	0
2854	52	0
2855	43	0
2856	52	0
2857	49	0
2858	56	0
2859	50	0
2860	48	0
2861	49	0
2862	52	0
2863	49	0
2864	57	0
2865	57	0
2866	55	0
2867	54	0
2868	38	0
2869	48	0
2870	44	0
2871	42	0
2872	56	0
2873	50	0
2874	40	0
2875	44	0
2876	45	0
2877	47	0
2878	57	0
2879	55	0
2880	46	0
2881	45	0
2882	42	0
2883	51	0
2884	34	0
2885	39	0
2886	47	0
2887	54	0
2888	42	0
2889	41	0
2890	39	0
2891	46	0
2892	58	0
2893	43	0
2894	42	0
2895	50	0
2896	50	0
2897	50	0
2898	49	0
2899	41	0
2900	37	0
2901	45	0
2902	46	0
2903	38	0
2904	39	0
2905	45	0
2906	42	0
2907	40	0
2908	52	0
2909	53	0
2910	50	0
2911	51	0
2912	45	0
2913	41	0
2914	49	0
2915	37	0
2916	35	0
2917	44	0
2918	65	0
2919	38	0
2920	44	0
2921	43	0
2922	35	0
2923	54	0
2924	33	0
2925	46	0
2926	54	0
2927	51	0
2928	42	0
2929	45	0
2930	47	0
2931	49	0
2932	56	0
2933	41	0
2934	41	0
2935	28	0
2936	43	0
2937	29	0
2938	58	0
2939	46	0
2940	32	0
2941	33	0
2942	43	0
2943	50	0
2944	43	0
2945	38	0
2946	42	0
2947	44	0
2948	41	0
2949	44	0
2950	43	0
2951	46	0
2952	52	0
2953	25	0
2954	49	0
2955	39	0
2956	57	0
2957	31	0
2958	40	0
2959	44	0
2960	38	0
2961	34	0
2962	31	0
2963	28	0
2964	26	0
2965	41	0
2966	44	0
2967	38	0
2968	36	0
2969	35	0
2970	40	0
2971	34	0
2972	35	0
2973	48	0
2974	24	0
2975	33	0
2976	22	0
2977	43	0
2978	36	0
2979	40	0
2980	40	0
2981	28	0
2982	36	0
2983	28	0
2984	31	0
2985	23	0
2986	40	0
2987	25	0
2988	40	0
2989	29	0
2990	34	0
2991	30	0
2992	39	0
2993	31	0
2994	38	0
2995	38	0
2996	29	0
2997	23	0
2998	27	0
2999	24	0
3000	35	0
3001	35	0
3002	35	0
3003	23	0
3004	39	0
3005	24	0
3006	24	0
3007	22	0
3008	30	0
3009	27	0
3010	33	0
3011	24	0
3012	23	0
3013	17	0
3014	23	0
3015	32	0
3016	23	0
3017	24	0
3018	27	0
3019	19	0
3020	29	0
3021	29	0
3022	24	0
3023	27	0
3024	26	0
3025	31	0
3026	24	0
3027	26	0
3028	23	0
3029	26	0
3030	34	0
3031	29	0
3032	20	0
3033	34	0
3034	35	0
3035	16	0
3036	20	0
3037	26	0
3038	34	0
3039	26	0
3040	17	0
3041	30	0
3042	29	0
3043	20	0
3044	32	0
3045	24	0
3046	27	0
3047	27	0
3048	25	0
3049	26	0
3050	25	0
3051	23	0
3052	26	0
3053	27	0
3054	24	0
3055	22	0
3056	25	0
3057	24	0
3058	16	0
3059	18	0
3060	25	0
3061	24	0
3062	18	0
3063	24	0
3064	18	0
3065	22	0
3066	18	0
3067	21	0
3068	18	0
3069	28	0
3070	25	0
3071	20	0
3072	22	0
3073	26	0
3074	21	0
3075	14	0
3076	19	0
3077	16	0
3078	14	0
3079	22	0
3080	19	0
3081	14	0
3082	29	0
3083	16	0
3084	17	0
3085	23	0
3086	13	0
3087	17	0
3088	26	0
3089	12	0
3090	16	0
3091	13	0
3092	14	0
3093	19	0
3094	16	0
3095	13	0
3096	16	0
3097	15	0
3098	9	0
3099	13	0
3100	14	0
3101	13	0
3102	14	0
3103	25	0
3104	11	0
3105	21	0
3106	11	0
3107	15	0
3108	16	0
3109	14	0
3110	7	0
3111	11	0
3112	11	0
3113	23	0
3114	9	0
3115	15	0
3116	7	0
3117	12	0
3118	15	0
3119	15	0
3120	7	0
3121	16	0
3122	8	0
3123	14	0
3124	15	0
3125	11	0
3126	19	0
3127	8	0
3128	9	0
3129	9	0
3130	14	0
3131	11	0
3132	12	0
3133	9	0
3134	6	0
3135	9	0
3136	8	0
3137	20	0
3138	10	0
3139	8	0
3140	9	0
3141	9	0
3142	9	0
3143	7	0
3144	6	0
3145	12	0
3146	12	0
3147	13	0
3148	15	0
3149	15	0
3150	7	0
3151	8	0
3152	11	0
3153	9	0
3154	12	0
3155	3	0
3156	7	0
3157	8	0
3158	8	0
3159	8	0
3160	14	0
3161	9	0
3162	7	0
3163	14	0
3164	8	0
3165	7	0
3166	7	0
3167	10	0
3168	7	0
3169	4	0
3170	10	0
3171	6	0
3172	7	0
3173	10	0
3174	10	0
3175	13	0
3176	5	0
3177	6	0
3178	8	0
3179	3	0
3180	4	0
3181	3	0
3182	7	0
3183	3	0
3184	9	0
3185	4	0
3186	9	0
3187	8	0
3188	7	0
3189	3	0
3190	5	0
3191	6	0
3192	7	0
3193	7	0
3194	7	0
3195	3	0
3196	5	0
3197	3	0
3198	7	0
3199	4	0
3200	9	0
3201	4	0
3202	2	0
3203	4	0
3204	2	0
3205	4	0
3206	5	0
3207	4	0
3208	5	0
3209	5	0
3210	4	0
3211	3	0
3212	3	0
3213	3	0
3214	4	0
3215	7	0
3216	5	0
3217	4	0
3218	2	0
3219	4	0
3220	5	0
3221	4	0
3222	3	0
3223	1	0
3224	5	0
3225	3	0
3226	3	0
3227	9	0
3228	5	0
3229	5	0
3230	6	0
3231	7	0
3232	1	0
3233	1	0
3234	4	0
3235	5	0
3236	5	0
3237	3	0
3238	3	0
3239	2	0
3240	6	0
3241	2	0
3242	3	0
3243	5	0
3244	1	0
3245	1	0
3246	7	0
3247	4	0
3248	5	0
3249	10	0
3250	3	0
3251	4	0
3252	4	0
3253	3	0
3254	1	0
3255	3	0
3256	7	0
3257	6	0
3258	6	0
3259	4	0
3260	2	0
3261	1	0
3262	5	0
3263	5	0
3264	3	0
3265	6	0
3266	2	0
3267	2	0
3268	3	0
3269	3	0
3270	2	0
3271	1	0
3272	2	0
3273	4	0
3274	6	0
3275	5	0
3276	4	0
3277	2	0
3278	2	0
3279	4	0
3280	2	0
3281	3	0
3282	4	0
3283	4	0
3284	2	0
3285	4	0
3286	1	0
3287	4	0
3288	3	0
3289	3	0
3290	3	0
3291	1	0
3292	4	0
3293	3	0
3294	5	0
3295	1	0
3296	1	0
3297	5	0
3298	2	0
3299	2	0
3300	4	0
3301	4	0
3302	3	0
3303	2	0
3304	1	0
3305	2	0
3306	0	0
3307	0	0
3308	3	0
3309	1	0
3310	1	0
3311	8	0
3312	0	0
3313	1	0
3314	2	0
3315	4	0
3316	2	0
3317	1	0
3318	0	0
3319	1	0
3320	2	0
3321	2	0
3322	3	0
3323	2	0
3324	3	0
3325	4	0
3326	1	0
3327	1	0
3328	1	0
3329	2	0
3330	4	0
3331	2	0
3332	2	0
3333	1	0
3334	0	0
3335	0	0
3336	1	0
3337	2	0
3338	0	0
3339	2	0
3340	2	0
3341	2	0
3342	1	0
3343	1	0
3344	1	0
3345	2	0
3346	3	0
3347	3	0
3348	0	0
3349	2	0
3350	0	0
3351	1	0
3352	2	0
3353	1	0
3354	0	0
3355	0	0
3356	3	0
3357	2	0
3358	0	0
3359	1	0
3360	3	0
3361	1	0
3362	1	0
3363	2	0
3364	1	0
3365	2	0
3366	0	0
3367	1	0
3368	3	0
3369	0	0
3370	0	0
3371	0	0
3372	1	0
3373	0	0
3374	0	0
3375	1	0
3376	0	0
3377	1	0
3378	1	0
3379	2	0
3380	1	0
3381	2	0
3382	1	0
3383	1	0
3384	1	0
3385	1	0
3386	2	0
3387	1	0
3388	3	0
3389	0	0
3390	1	0
3391	1	0
3392	2	0
3393	2	0
3394	1	0
3395	2	0
3396	2	0
3397	1	0
3398	1	0
3399	2	0
3400	0	0
3401	1	0
3402	3	0
3403	0	0
3404	3	0
3405	1	0
3406	1	0
3407	2	0
3408	0	0
3409	0	0
3410	2	0
3411	2	0
3412	0	0
3413	0	0
3414	2	0
3415	0	0
3416	2	0
3417	0	0
3418	1	0
3419	0	0
3420	1	0
3421	0	0
3422	0	0
3423	0	0
3424	1	0
3425	1	0
3426	2	0
3427	0	0
3428	1	0
3429	2	0
3430	0	0
3431	1	0
3432	1	0
3433	0	0
3434	1	0
3435	1	0
3436	1	0
3437	0	0
3438	1	0
3439	0	0
3440	0	0
3441	1	0
3442	0	0
3443	0	0
3444	0	0
3445	0	0
3446	1	0
3447	0	0
3448	0	0
3449	2	0
3450	1	0
3451	1	0
3452	1	0
3453	1	0
3454	1	0
3455	0	0
3456	0	0
3457	1	0
3458	0	0
3459	1	0
3460	0	0
3461	0	0
3462	1	0
3463	1	0
3464	0	0
3465	3	0
3466	0	0
3467	0	0
3468	0	0
3469	1	0
3470	0	0
3471	1	0
3472	1	0
3473	0	0
3474	0	0
3475	0	0
3476	1	0
3477	0	0
3478	0	0
3479	3	0
3480	0	0
3481	1	0
3482	0	0
3483	0	0
3484	1	0
3485	1	0
3486	1	0
3487	2	0
3488	0	0
3489	0	0
3490	0	0
3491	0	0
3492	2	0
3493	3	0
3494	2	0
3495	0	0
3496	2	0
3497	1	0
3498	0	0
3499	0	0
3500	0	0
3501	0	0
3502	0	0
3503	0	0
3504	0	0
3505	0	0
3506	0	0
3507	2	0
3508	1	0
3509	1	0
3510	0	0
3511	0	0
3512	2	0
3513	0	0
3514	0	0
3515	2	0
3516	2	0
3517	0	0
3518	2	0
3519	0	0
3520	1	0
3521	0	0
3522	0	0
3523	1	0
3524	0	0
3525	1	0
3526	0	0
3527	1	0
3528	0	0
3529	0	0
3530	2	0
3531	0	0
3532	0	0
3533	0	0
3534	0	0
3535	1	0
3536	0	0
3537	0	0
3538	0	0
3539	0	0
3540	0	0
3541	0	0
3542	0	0
3543	2	0
3544	0	0
3545	2	0
3546	2	0
3547	0	0
3548	0	0
3549	3	0
3550	0	0
3551	0	0
3552	0	0
3553	1	0
3554	0	0
3555	0	0
3556	0	0
3557	0	0
3558	1	0
3559	1	0
3560	3	0
3561	1	0
3562	2	0
3563	1	0
3564	1	0
3565	0	0
3566	1	0
3567	0	0
3568	0	0
3569	0	0
3570	2	0
3571	1	0
3572	0	0
3573	1	0
3574	0	0
3575	1	0
3576	0	0
3577	1	0
3578	0	0
3579	1	0
3580	2	0
3581	2	0
3582	0	0
3583	1	0
3584	0	0
3585	0	0
3586	0	0
3587	1	0
3588	0	0
3589	1	0
3590	0	0
3591	0	0
3592	1	0
3593	0	0
3594	2	0
3595	0	0
3596	0	0
3597	0	0
3598	0	0
3599	0	0
3600	1	0
3601	0	0
3602	1	0
3603	1	0
3604	2	0
3605	2	0
3606	4	0
3607	1	0
3608	1	0
3609	0	0
3610	2	0
3611	0	0
3612	0	0
3613	0	0
3614	0	0
3615	0	0
3616	3	0
3617	2	0
3618	1	0
3619	1	0
3620	3	0
3621	1	0
3622	0	0
3623	0	0
3624	2	0
3625	0	0
3626	1	0
3627	1	0
3628	0	0
3629	2	0
3630	0	0
3631	2	0
3632	0	0
3633	1	0
3634	1	0
3635	3	0
3636	1	0
3637	2	0
3638	1	0
3639	0	0
3640	0	0
3641	3	0
3642	0	0
3643	0	0
3644	0	0
3645	1	0
3646	1	0
3647	1	0
3648	0	0
3649	1	0
3650	1	0
3651	0	0
3652	1	0
3653	1	0
3654	0	0
3655	2	0
3656	1	0
3657	3	0
3658	1	0
3659	0	0
3660	3	0
3661	0	0
3662	0	0
3663	3	0
3664	1	0
3665	0	0
3666	0	0
3667	3	0
3668	0	0
3669	3	0
3670	0	0
3671	2	0
3672	0	0
3673	1	0
3674	2	0
3675	1	0
3676	1	0
3677	1	0
3678	0	0
3679	0	0
3680	2	0
3681	0	0
3682	1	0
3683	0	0
3684	0	0
3685	2	0
3686	1	0
3687	1	0
3688	1	0
3689	2	0
3690	1	0
3691	2	0
3692	0	0
3693	0	0
3694	0	0
3695	0	0
3696	0	0
3697	2	0
3698	2	0
3699	1	0
3700	1	0
3701	0	0
3702	1	0
3703	1	0
3704	0	0
3705	1	0
3706	0	0
3707	2	0
3708	1	0
3709	0	0
3710	0	0
3711	2	0
3712	1	0
3713	1	0
3714	1	0
3715	1	0
3716	0	0
3717	0	0
3718	1	0
3719	0	0
3720	1	0
3721	0	0
3722	1	0
3723	2	0
3724	2	0
3725	1	0
3726	1	0
3727	1	0
3728	2	0
3729	0	0
3730	1	0
3731	0	0
3732	0	0
3733	0	0
3734	2	0
3735	0	0
3736	1	0
3737	1	0
3738	0	0
3739	2	0
3740	0	0
3741	0	0
3742	1	0
3743	1	0
3744	0	0
3745	2	0
3746	0	0
3747	0	0
3748	0	0
3749	3	0
3750	0	0
3751	2	0
3752	1	0
3753	1	0
3754	1	0
3755	0	0
3756	1	0
3757	0	0
3758	0	0
3759	1	0
3760	0	0
3761	1	0
3762	3	0
3763	1	0
3764	0	0
3765	0	0
3766	1	0
3767	2	0
3768	0	0
3769	2	0
3770	2	0
3771	1	0
3772	2	0
3773	2	0
3774	0	0
3775	0	0
3776	0	0
3777	2	0
3778	3	0
3779	0	0
3780	1	0
3781	2	0
3782	0	0
3783	0	0
3784	0	0
3785	0	0
3786	1	0
3787	1	0
3788	4	0
3789	0	0
3790	0	0
3791	0	0
3792	0	0
3793	1	0
3794	1	0
3795	0	0
3796	1	0
3797	3	0
3798	0	0
3799	1	0
3800	1	0
3801	0	0
3802	0	0
3803	0	0
3804	2	0
3805	0	0
3806	2	0
3807	0	0
3808	0	0
3809	0	0
3810	1	0
3811	0	0
3812	0	0
3813	2	0
3814	2	0
3815	0	0
3816	0	0
3817	2	0
3818	1	0
3819	0	0
3820	1	0
3821	1	0
3822	2	0
3823	2	0
3824	1	0
3825	1	0
3826	1	0
3827	0	0
3828	0	0
3829	1	0
3830	0	0
3831	1	0
3832	2	0
3833	0	0
3834	0	0
3835	0	0
3836	2	0
3837	1	0
3838	2	0
3839	0	0
3840	2	0
3841	0	0
3842	0	0
3843	1	0
3844	0	0
3845	2	0
3846	2	0
3847	1	0
3848	0	0
3849	1	0
3850	1	0
3851	1	0
3852	1	0
3853	1	0
3854	2	0
3855	1	0
3856	1	0
3857	1	0
3858	1	0
3859	0	0
3860	1	0
3861	1	0
3862	1	0
3863	1	0
3864	2	0
3865	1	0
3866	0	0
3867	1	0
3868	1	0
3869	2	0
3870	1	0
3871	1	0
3872	1	0
3873	1	0
3874	3	0
3875	2	0
3876	0	0
3877	0	0
3878	3	0
3879	2	0
3880	1	0
3881	0	0
3882	1	0
3883	1	0
3884	1	0
3885	1	0
3886	1	0
3887	1	0
3888	4	0
3889	0	0
3890	1	0
3891	2	0
3892	2	0
3893	2	0
3894	0	0
3895	2	0
3896	1	0
3897	0	0
3898	2	0
3899	0	0
3900	0	0
3901	0	0
3902	2	0
3903	0	0
3904	0	0
3905	0	0
3906	1	0
3907	1	0
3908	0	0
3909	1	0
3910	2	0
3911	0	0
3912	1	0
3913	0	0
3914	1	0
3915	0	0
3916	1	0
3917	1	0
3918	0	0
3919	1	0
3920	2	0
3921	1	0
3922	0	0
3923	1	0
3924	0	0
3925	0	0
3926	3	0
3927	0	0
3928	1	0
3929	0	0
3930	0	0
3931	4	0
3932	2	0
3933	0	0
3934	0	0
3935	2	0
3936	0	0
3937	2	0
3938	0	0
3939	3	0
3940	1	0
3941	0	0
3942	1	0
3943	3	0
3944	1	0
3945	0	0
3946	1	0
3947	0	0
3948	1	0
3949	1	0
3950	0	0
3951	2	0
3952	0	0
3953	1	0
3954	0	0
3955	1	0
3956	0	0
3957	1	0
3958	2	0
3959	0	0
3960	0	0
3961	0	0
3962	1	0
3963	0	0
3964	1	0
3965	1	0
3966	2	0
3967	1	0
3968	2	0
3969	4	0
3970	0	0
3971	0	0
3972	1	0
3973	2	0
3974	1	0
3975	0	0
3976	1	0
3977	0	0
3978	3	0
3979	1	0
3980	0	0
3981	1	0
3982	0	0
3983	1	0
3984	2	0
3985	1	0
3986	1	0
3987	3	0
3988	1	0
3989	1	0
3990	0	0
3991	0	0
3992	0	0
3993	2	0
3994	2	0
3995	1	0
3996	0	0
3997	0	0
3998	1	0
3999	0	0
4000	0	0
4001	0	0
4002	0	0
4003	2	0
4004	1	0
4005	0	0
4006	0	0
4007	0	0
4008	0	0
4009	0	0
4010	2	0
4011	1	0
4012	1	0
4013	0	0
4014	0	0
4015	0	0
4016	0	0
4017	1	0
4018	2	0
4019	0	0
4020	0	0
4021	1	0
4022	1	0
4023	0	0
4024	0	0
4025	0	0
4026	1	0
4027	0	0
4028	1	0
4029	2	0
4030	2	0
4031	0	0
4032	0	0
4033	0	0
4034	0	0
4035	0	0
4036	0	0
4037	1	0
4038	3	0
4039	2	0
4040	2	0
4041	1	0
4042	2	0
4043	0	0
4044	0	0
4045	0	0
4046	0	0
4047	1	0
4048	1	0
4049	0	0
4050	1	0
4051	2	0
4052	0	0
4053	0	0
4054	0	0
4055	0	0
4056	0	0
4057	1	0
4058	0	0
4059	1	0
4060	2	0
4061	0	0
4062	0	0
4063	0	0
4064	1	0
4065	0	0
4066	1	0
4067	0	0
4068	2	0
4069	1	0
4070	0	0
4071	0	0
4072	1	0
4073	0	0
4074	1	0
4075	0	0
4076	0	0
4077	1	0
4078	0	0
4079	0	0
4080	0	0
4081	0	0
4082	0	0
4083	0	0
4084	0	0
4085	0	0
4086	1	0
4087	1	0
4088	1	0
4089	0	0
4090	0	0
4091	0	0
4092	0	0
4093	0	0
4094	1	0
4095	1	0
4096	0	0
4097	2	0
4098	1	0
4099	0	0
4100	0	0
4101	0	0
4102	2	0
4103	1	0
4104	1	0
4105	1	0
4106	1	0
4107	0	0
4108	1	0
4109	1	0
4110	1	0
4111	1	0
4112	1	0
4113	2	0
4114	1	0
4115	1	0
4116	1	0
4117	0	0
4118	1	0
4119	1	0
4120	0	0
4121	1	0
4122	1	0
4123	1	0
4124	0	0
4125	2	0
4126	0	0
4127	0	0
4128	1	0
4129	0	0
4130	0	0
4131	0	0
4132	0	0
4133	0	0
4134	1	0
4135	0	0
4136	1	0
4137	1	0
4138	1	0
4139	0	0
4140	1	0
4141	0	0
4142	1	0
4143	0	0
4144	0	0
4145	1	0
4146	1	0
4147	0	0
4148	0	0
4149	1	0
4150	0	0
4151	1	0
4152	1	0
4153	0	0
4154	0	0
4155	1	0
4156	0	0
4157	1	0
4158	1	0
4159	1	0
4160	0	0
4161	2	0
4162	0	0
4163	1	0
4164	1	0
4165	0	0
4166	0	0
4167	0	0
4168	0	0
4169	1	0
4170	0	0
4171	1	0
4172	1	0
4173	2	0
4174	1	0
4175	0	0
4176	0	0
4177	2	0
4178	0	0
4179	3	0
4180	1	0
4181	1	0
4182	3	0
4183	2	0
4184	0	0
4185	1	0
4186	0	0
4187	1	0
4188	0	0
4189	1	0
4190	1	0
4191	1	0
4192	1	0
4193	0	0
4194	2	0
4195	0	0
4196	0	0
4197	1	0
4198	0	0
4199	1	0
4200	0	0
4201	2	0
4202	0	0
4203	0	0
4204	0	0
4205	1	0
4206	0	0
4207	0	0
4208	1	0
4209	0	0
4210	0	0
4211	0	0
4212	0	0
4213	0	0
4214	0	0
4215	0	0
4216	0	0
4217	0	0
4218	2	0
4219	3	0
4220	1	0
4221	0	0
4222	0	0
4223	1	0
4224	0	0
4225	1	0
4226	0	0
4227	1	0
4228	0	0
4229	3	0
4230	0	0
4231	0	0
4232	0	0
4233	0	0
4234	1	0
4235	1	0
4236	0	0
4237	1	0
4238	0	0
4239	0	0
4240	0	0
4241	1	0
4242	1	0
4243	1	0
4244	0	0
4245	0	0
4246	1	0
4247	0	0
4248	0	0
4249	2	0
4250	0	0
4251	0	0
4252	0	0
4253	0	0
4254	0	0
4255	1	0
4256	0	0
4257	0	0
4258	1	0
4259	1	0
4260	1	0
4261	1	0
4262	0	0
4263	0	0
4264	0	0
4265	2	0
4266	2	0
4267	0	0
4268	1	0
4269	2	0
4270	0	0
4271	1	0
4272	0	0
4273	0	0
4274	0	0
4275	0	0
4276	3	0
4277	1	0
4278	1	0
4279	0	0
4280	1	0
4281	0	0
4282	1	0
4283	1	0
4284	2	0
4285	0	0
4286	0	0
4287	1	0
4288	1	0
4289	1	0
4290	1	0
4291	0	0
4292	2	0
4293	1	0
4294	0	0
4295	2	0
4296	1	0
4297	1	0
4298	1	0
4299	3	0
4300	0	0
4301	0	0
4302	0	0
4303	2	0
4304	0	0
4305	1	0
4306	0	0
4307	1	0
4308	1	0
4309	0	0
4310	1	0
4311	0	0
4312	1	0
4313	1	0
4314	1	0
4315	1	0
4316	1	0
4317	0	0
4318	0	0
4319	0	0
4320	0	0
4321	1	0
4322	0	0
4323	1	0
4324	1	0
4325	0	0
4326	1	0
4327	1	0
4328	5	0
4329	1	0
4330	2	0
4331	2	0
4332	0	0
4333	1	0
4334	0	0
4335	0	0
4336	0	0
4337	0	0
4338	1	0
4339	0	0
4340	2	0
4341	2	0
4342	2	0
4343	1	0
4344	3	0
4345	0	0
4346	0	0
4347	0	0
4348	3	0
4349	0	0
4350	1	0
4351	2	0
4352	1	0
4353	0	0
4354	2	0
4355	1	0
4356	2	0
4357	1	0
4358	0	0
4359	2	0
4360	0	0
4361	0	0
4362	1	0
4363	2	0
4364	0	0
4365	0	0
4366	0	0
4367	3	0
4368	0	0
4369	1	0
4370	3	0
4371	1	0
4372	1	0
4373	3	0
4374	0	0
4375	2	0
4376	0	0
4377	2	0
4378	2	0
4379	0	0
4380	0	0
4381	0	0
4382	1	0
4383	0	0
4384	0	0
4385	0	0
4386	0	0
4387	0	0
4388	1	0
4389	0	0
4390	2	0
4391	2	0
4392	0	0
4393	0	0
4394	0	0
4395	2	0
4396	0	0
4397	0	0
4398	1	0
4399	1	0
4400	1	0
4401	1	0
4402	0	0
4403	2	0
4404	2	0
4405	1	0
4406	1	0
4407	0	0
4408	2	0
4409	0	0
4410	0	0
4411	0	0
4412	2	0
4413	0	0
4414	0	0
4415	0	0
4416	0	0
4417	0	0
4418	0	0
4419	2	0
4420	0	0
4421	1	0
4422	0	0
4423	1	0
4424	0	0
4425	0	0
4426	1	0
4427	0	0
4428	1	0
4429	0	0
4430	0	0
4431	0	0
4432	2	0
4433	0	0
4434	0	0
4435	0	0
4436	1	0
4437	1	0
4438	1	0
4439	1	0
4440	0	0
4441	0	0
4442	2	0
4443	0	0
4444	0	0
4445	1	0
4446	0	0
4447	0	0
4448	0	0
4449	0	0
4450	0	0
4451	0	0
4452	1	0
4453	0	0
4454	0	0
4455	0	0
4456	0	0
4457	0	0
4458	1	0
4459	0	0
4460	0	0
4461	0	0
4462	1	0
4463	1	0
4464	0	0
4465	0	0
4466	0	0
4467	0	0
4468	1	0
4469	0	0
4470	2	0
4471	1	0
4472	0	0
4473	2	0
4474	0	0
4475	0	0
4476	0	0
4477	0	0
4478	1	0
4479	0	0
4480	0	0
4481	0	0
4482	1	0
4483	0	0
4484	0	0
4485	2	0
4486	0	0
4487	0	0
4488	0	0
4489	1	0
4490	1	0
4491	2	0
4492	0	0
4493	0	0
4494	0	0
4495	1	0
4496	1	0
4497	1	0
4498	0	0
4499	0	0
4500	0	0
4501	0	0
4502	0	0
4503	1	0
4504	0	0
4505	1	0
4506	0	0
4507	0	0
4508	2	0
4509	0	0
4510	1	0
4511	0	0
4512	0	0
4513	0	0
4514	1	0
4515	0	0
4516	0	0
4517	1	0
4518	0	0
4519	0	0
4520	0	0
4521	0	0
4522	0	0
4523	0	0
4524	0	0
4525	0	0
4526	0	0
4527	0	0
4528	0	0
4529	1	0
4530	1	0
4531	2	0
4532	1	0
4533	0	0
4534	0	0
4535	0	0
4536	1	0
4537	0	0
4538	0	0
4539	0	0
4540	1	0
4541	1	0
4542	0	0
4543	0	0
4544	0	0
4545	1	0
4546	0	0
4547	0	0
4548	0	0
4549	0	0
4550	1	0
4551	0	0
4552	0	0
4553	2	0
4554	1	0
4555	0	0
4556	0	0
4557	0	0
4558	1	0
4559	1	0
4560	0	0
4561	1	0
4562	1	0
4563	0	0
4564	1	0
4565	0	0
4566	0	0
4567	0	0
4568	0	0
4569	0	0
4570	0	0
4571	1	0
4572	1	0
4573	0	0
4574	0	0
4575	1	0
4576	1	0
4577	0	0
4578	0	0
4579	0	0
4580	0	0
4581	1	0
4582	0	0
4583	0	0
4584	1	0
4585	0	0
4586	0	0
4587	0	0
4588	0	0
4589	0	0
4590	0	0
4591	0	0
4592	0	0
4593	0	0
4594	0	0
4595	0	0
4596	0	0
4597	0	0
4598	0	0
4599	0	0
4600	0	0
4601	0	0
4602	0	0
4603	0	0
4604	0	0
4605	1	0
4606	0	0
4607	1	0
4608	0	0
4609	0	0
4610	0	0
4611	1	0
4612	0	0
4613	1	0
4614	0	0
4615	0	0
4616	1	0
4617	0	0
4618	0	0
4619	0	0
4620	0	0
4621	0	0
4622	0	0
4623	0	0
4624	0	0
4625	1	0
4626	0	0
4627	0	0
4628	0	0
4629	0	0
4630	0	0
4631	0	0
4632	1	0
4633	1	0
4634	0	0
4635	0	0
4636	1	0
4637	1	0
4638	0	0
4639	0	0
4640	2	0
4641	1	0
4642	0	0
4643	0	0
4644	0	0
4645	2	0
4646	0	0
4647	0	0
4648	0	0
4649	1	0
4650	0	0
4651	1	0
4652	0	0
4653	0	0
4654	0	0
4655	0	0
4656	1	0
4657	1	0
4658	0	0
4659	0	0
4660	0	0
4661	0	0
4662	0	0
4663	0	0
4664	0	0
4665	0	0
4666	0	0
4667	1	0
4668	1	0
4669	0	0
4670	0	0
4671	0	0
4672	0	0
4673	0	0
4674	1	0
4675	1	0
4676	0	0
4677	0	0
4678	0	0
4679	2	0
4680	0	0
4681	0	0
4682	0	0
4683	0	0
4684	1	0
4685	0	0
4686	0	0
4687	1	0
4688	1	0
4689	0	0
4690	1	0
4691	1	0
4692	0	0
4693	0	0
4694	0	0
4695	2	0
4696	0	0
4697	0	0
4698	1	0
4699	2	0
4700	1	0
4701	1	0
4702	0	0
4703	0	0
4704	0	0
4705	0	0
4706	0	0
4707	0	0
4708	0	0
4709	1	0
4710	0	0
4711	0	0
4712	2	0
4713	2	0
4714	1	0
4715	0	0
4716	0	0
4717	1	0
4718	0	0
4719	0	0
4720	0	0
4721	0	0
4722	1	0
4723	1	0
4724	0	0
4725	0	0
4726	0	0
4727	0	0
4728	1	0
4729	1	0
4730	0	0
4731	0	0
4732	0	0
4733	0	0
4734	0	0
4735	0	0
4736	0	0
4737	0	0
4738	1	0
4739	0	0
4740	2	0
4741	1	0
4742	0	0
4743	1	0
4744	0	0
4745	2	0
4746	0	0
4747	0	0
4748	0	0
4749	2	0
4750	0	0
4751	0	0
4752	1	0
4753	1	0
4754	0	0
4755	0	0
4756	1	0
4757	0	0
4758	0	0
4759	0	0
4760	1	0
4761	2	0
4762	0	0
4763	0	0
4764	0	0
4765	0	0
4766	0	0
4767	0	0
4768	1	0
4769	0	0
4770	0	0
4771	0	0
4772	2	0
4773	0	0
4774	2	0
4775	0	0
4776	2	0
4777	0	0
4778	0	0
4779	0	0
4780	0	0
4781	2	0
4782	1	0
4783	0	0
4784	0	0
4785	0	0
4786	0	0
4787	0	0
4788	0	0
4789	0	0
4790	0	0
4791	0	0
4792	0	0
4793	0	0
4794	1	0
4795	1	0
4796	1	0
4797	0	0
4798	0	0
4799	0	0
4800	0	0
4801	0	0
4802	1	0
4803	0	0
4804	2	0
4805	0	0
4806	1	0
4807	0	0
4808	0	0
4809	0	0
4810	0	0
4811	0	0
4812	0	0
4813	0	0
4814	0	0
4815	0	0
4816	0	0
4817	1	0
4818	1	0
4819	2	0
4820	1	0
4821	0	0
4822	0	0
4823	1	0
4824	1	0
4825	1	0
4826	1	0
4827	1	0
4828	0	0
4829	0	0
4830	0	0
4831	0	0
4832	1	0
4833	0	0
4834	1	0
4835	0	0
4836	0	0
4837	0	0
4838	0	0
4839	0	0
4840	2	0
4841	0	0
4842	2	0
4843	1	0
4844	0	0
4845	1	0
4846	1	0
4847	0	0
4848	0	0
4849	0	0
4850	0	0
4851	2	0
4852	1	0
4853	0	0
4854	0	0
4855	0	0
4856	1	0
4857	2	0
4858	0	0
4859	0	0
4860	0	0
4861	0	0
4862	0	0
4863	0	0
4864	0	0
4865	0	0
4866	0	0
4867	1	0
4868	0	0
4869	3	0
4870	1	0
4871	0	0
4872	1	0
4873	0	0
4874	0	0
4875	0	0
4876	0	0
4877	0	0
4878	0	0
4879	1	0
4880	0	0
4881	0	0
4882	0	0
4883	0	0
4884	0	0
4885	0	0
4886	1	0
4887	0	0
4888	0	0
4889	0	0
4890	0	0
4891	1	0
4892	0	0
4893	0	0
4894	0	0
4895	0	0
4896	0	0
4897	0	0
4898	0	0
4899	0	0
4900	0	0
4901	0	0
4902	0	0
4903	1	0
4904	0	0
4905	1	0
4906	0	0
4907	0	0
4908	0	0
4909	0	0
4910	0	0
4911	0	0
4912	0	0
4913	0	0
4914	0	0
4915	0	0
4916	0	0
4917	0	0
4918	0	0
4919	0	0
4920	1	0
4921	2	0
4922	0	0
4923	1	0
4924	0	0
4925	0	0
4926	0	0
4927	0	0
4928	0	0
4929	2	0
4930	0	0
4931	0	0
4932	0	0
4933	0	0
4934	1	0
4935	1	0
4936	0	0
4937	0	0
4938	0	0
4939	0	0
4940	0	0
4941	0	0
4942	0	0
4943	0	0
4944	0	0
4945	2	0
4946	0	0
4947	0	0
4948	1	0
4949	0	0
4950	0	0
4951	1	0
4952	0	0
4953	0	0
4954	0	0
4955	0	0
4956	0	0
4957	1	0
4958	0	0
4959	0	0
4960	0	0
4961	0	0
4962	1	0
4963	1	0
4964	0	0
4965	0	0
4966	1	0
4967	0	0
4968	0	0
4969	0	0
4970	1	0
4971	0	0
4972	1	0
4973	0	0
4974	0	0
4975	0	0
4976	0	0
4977	0	0
4978	0	0
4979	0	0
4980	1	0
4981	1	0
4982	0	0
4983	0	0
4984	0	0
4985	1	0
4986	0	0
4987	0	0
4988	0	0
4989	1	0
4990	0	0
4991	0	0
4992	0	0
4993	0	0
4994	0	0
4995	0	0
4996	2	0
4997	0	0
4998	0	0
4999	0	0
5000	2014	0

