Detected variants
Location Expected abundance Observed Abundance Difference(%)
11181327 18.0 17.3 4.04624
11190646 18.0 18.9 4.7619
11254597 26.0 28.6 9.09091
27056285 32.0 30.9 3.55987
27100181 33.0 28.5 15.78947
46738433 33.0 31.0 6.45161
65310489 39.0 37.5 4.0
65312342 32.0 29.4 8.84354
115256530 9.0 9.9 9.09091
120458004 37.0 37.9 2.37467
120471800 30.0 28.6 4.8951
120611964 34.0 41.9 18.85442
120612006 32.0 39.4 18.78173
156814027 46.0 46.7 1.49893
156846233 46.0 47.7 3.56394
156846307 28.0 27.6 1.44928
156848995 51.0 47.4 7.59494
162737116 25.0 29.6 15.54054
25469502 13.0 17.5 25.71429
29416326 34.0 30.8 10.38961
29416366 52.0 51.5 0.97087
29416615 29.0 31.2 7.05128
29543736 32.0 31.3 2.23642
30143058 35.0 31.2 12.17949
30143499 100.0 91.7 9.05125
47601106 100.0 99.9 0.1001
48018236 22.0 29.8 26.1745
48027921 36.0 26.3 36.88213
178095900 35.0 28.0 25.0
198257795 31.0 29.9 3.67893
198265526 19.0 29.5 35.59322
198283305 17.0 29.9 43.14381
215632255 42.0 37.9 10.81794
215645464 41.0 40.6 0.98522
215645545 33.0 28.7 14.98258
10088266 17.0 31.0 45.16129
10088299 16.0 33.2 51.80723
10088308 16.0 33.6 52.38095
10088343 21.0 34.5 39.13043
10088404 25.0 34.0 26.47059
10088407 23.0 33.8 31.95266
10138019 24.0 30.7 21.8241
12475557 22.0 21.0 4.7619
12645007 57.0 28.4 100.70423
37056000 15.0 17.9 16.20112
41266101 25.0 28.8 13.19444
41266133 8.0 8.7 8.04598
142277575 100.0 99.9 0.1001
178936091 12.0 9.0 33.33333
178947865 31.0 29.3 5.80205
178952085 20.0 19.3 3.62694
1803307 38.0 39.4 3.5533
1803704 36.0 35.7 0.84034
55138600 36.0 31.1 15.75563
55143577 10.0 17.5 42.85714
55152040 18.0 17.7 1.69492
55599321 10.0 8.5 17.64706
55602765 11.0 9.7 13.40206
55604693 28.0 28.3 1.06007
55972974 12.0 20.6 41.74757
55979558 40.0 39.1 2.30179
106182946 33.0 28.2 17.02128
153244155 31.0 28.8 7.63889
153332500 35.0 29.3 19.45392
1254594 32.0 30.6 4.57516
1294664 31.0 30.1 2.99003
67522722 23.0 20.2 13.86139
79970914 33.0 46.0 28.26087
80168937 100.0 99.9 0.1001
112162854 21.0 28.3 25.79505
112164561 34.0 35.5 4.22535
112175770 39.0 37.2 4.83871
112176325 23.0 35.7 35.57423
112176559 38.0 38.7 1.80879
112176756 27.0 36.7 26.43052
112177171 18.0 38.1 52.75591
112179431 33.0 28.4 16.19718
149457678 29.0 31.5 7.93651
149460553 21.0 20.2 3.9604
149495395 48.0 47.8 0.41841
149499672 39.0 37.6 3.7234
149504348 11.0 10.2 7.84314
149509446 30.0 32.5 7.69231
41903782 40.0 50.6 20.94862
117686840 39.0 42.7 8.66511
117718110 32.0 30.4 5.26316
6026988 22.0 20.2 8.91089
55241707 24.0 24.3 1.23457
55242464 0.0 1.1 100.0
55249063 19.0 13.7 38.68613
55249071 0.0 1.3 100.0
55259515 3.0 4.5 33.33333
106508763 49.0 43.2 13.42593
106508978 100.0 99.8 0.2004
116339847 9.0 8.2 9.7561
116436022 5.0 8.1 38.2716
128852003 47.0 48.7 3.49076
140449150 20.0 19.5 2.5641
140453136 6.0 12.2 50.81967
140494209 19.0 18.7 1.60428
30938704 42.0 39.6 6.06061
30973957 26.0 30.2 13.90728
30999280 43.0 46.5 7.52688
31012190 19.0 18.5 2.7027
31024654 6.0 19.4 69.07216
38275434 36.0 31.5 14.28571
90993061 19.0 24.1 21.16183
145737816 39.0 36.6 6.55738
145738767 99.0 100.0 1.0
145741702 32.0 39.5 18.98734
145741765 33.0 39.8 17.08543
145742514 98.0 100.0 2.0
145742879 32.0 39.3 18.57506
5050706 18.0 18.6 3.22581
5081780 38.0 43.6 12.84404
98209594 51.0 65.3 21.89893
98211548 29.0 29.7 2.3569
98278975 26.0 30.1 13.62126
133761001 47.0 52.1 9.78887
135802659 21.0 28.8 27.08333
139391636 25.0 25.1 0.39841
139396746 32.0 26.6 20.30075
139397707 22.0 24.8 11.29032
139407932 36.0 43.1 16.47332
139409754 32.0 25.3 26.48221
139418260 43.0 40.5 6.17284
8100647 30.0 26.6 12.78195
43595968 32.0 31.3 2.23642
43604493 30.0 30.2 0.66225
43613843 57.0 60.7 6.09555
88635779 14.0 17.1 18.12865
533328 28.0 33.4 16.16766
69462910 43.0 37.1 15.90296
69625385 34.0 32.7 3.97554
69633633 39.0 34.8 12.06897
25362777 29.0 31.0 6.45161
25398281 13.0 16.5 21.21212
25398284 4.0 5.0 20.0
56494998 28.0 30.4 7.89474
112891125 22.0 25.4 13.38583
121416622 45.0 52.9 14.93384
121416650 28.0 34.9 19.77077
121437114 21.0 20.7 1.44928
28578214 17.0 11.3 50.44248
28624294 33.0 28.5 15.78947
28674628 49.0 46.0 6.52174
28895620 21.0 29.7 29.29293
32911888 39.0 41.0 4.87805
32912299 25.0 18.5 35.13514
32912750 41.0 30.0 36.66667
32913558 35.0 32.3 8.35913
32913836 47.0 43.5 8.04598
32936646 33.0 48.6 32.09877
48985975 30.0 30.6 1.96078
103515036 25.0 29.2 14.38356
103527930 100.0 99.9 0.1001
45645974 18.0 24.2 25.61983
65507589 27.0 21.5 25.5814
66727451 27.0 29.1 7.21649
66729147 31.0 28.4 9.15493
66782085 33.0 32.0 3.125
88576185 27.0 42.3 36.17021
88680684 34.0 41.2 17.47573
89849327 31.0 30.2 2.64901
91337479 28.0 30.8 9.09091
91346923 33.0 29.8 10.73826
91354505 42.0 28.9 45.32872
2134450 27.0 31.7 14.8265
3658433 32.0 30.6 4.57516
3817720 33.0 32.4 1.85185
14041958 29.0 29.4 1.36054
89805914 28.0 25.9 8.10811
89807233 37.0 26.2 41.22137
89809319 27.0 25.5 5.88235
89815152 29.0 28.0 3.57143
89825065 28.0 27.4 2.18978
89839766 23.0 27.5 16.36364
89857935 27.0 23.4 15.38462
89858417 27.0 26.3 2.6616
7579472 91.0 93.4 2.56959
29553485 40.0 34.9 14.61318
29632336 29.0 30.6 5.22876
37650892 27.0 31.1 13.18328
37879588 25.0 31.7 21.13565
41234451 29.0 25.5 13.72549
41251931 39.0 40.2 2.98507
66538239 27.0 27.3 1.0989
3119239 40.0 42.1 4.98812
4101062 16.0 27.8 42.44604
4102449 31.0 29.3 5.80205
15278222 37.0 30.1 22.92359
15302905 32.0 33.8 5.32544
30314666 42.0 30.4 38.15789
40743956 33.0 29.4 12.2449
45867259 39.0 42.1 7.36342
45868309 45.0 48.5 7.21649
57415471 33.0 29.0 13.7931
57429753 26.0 28.0 7.14286
57484241 22.0 26.6 17.29323
41536164 32.0 28.4 12.67606
41551039 52.0 41.2 26.21359
41566524 52.0 52.7 1.32827
66765142 49.0 35.1 39.60114
66765627 38.0 38.3 0.78329
70338656 32.0 29.7 7.74411
76938088 29.0 29.5 1.69492
