Detected variants
Location Expected abundance Observed Abundance Difference(%)
11181327 18.0 17.4 3.44828
11190646 18.0 18.5 2.7027
11254597 26.0 29.3 11.2628
27056285 32.0 30.8 3.8961
27100181 33.0 28.8 14.58333
46738433 33.0 30.3 8.91089
65310489 39.0 36.2 7.73481
65312342 32.0 29.0 10.34483
115256530 9.0 10.8 16.66667
120458004 37.0 37.2 0.53763
120471800 30.0 29.1 3.09278
120611964 34.0 40.5 16.04938
120612006 32.0 39.7 19.39547
156814027 46.0 46.3 0.64795
156846233 46.0 48.4 4.95868
156846307 28.0 27.7 1.08303
156848995 51.0 46.6 9.44206
162737116 25.0 29.4 14.96599
25469502 13.0 17.5 25.71429
29416326 34.0 31.0 9.67742
29416366 52.0 52.7 1.32827
29416615 29.0 30.7 5.53746
29543736 32.0 30.9 3.55987
30143058 35.0 31.7 10.41009
30143499 100.0 91.5 9.28962
47601106 100.0 99.9 0.1001
48018236 22.0 30.8 28.57143
48027921 36.0 26.2 37.40458
178095900 35.0 27.2 28.67647
198257795 31.0 30.2 2.64901
198265526 19.0 30.0 36.66667
198283305 17.0 29.7 42.76094
215632255 42.0 37.6 11.70213
215645464 41.0 40.6 0.98522
215645545 33.0 28.8 14.58333
10088266 17.0 34.3 50.43732
10088299 16.0 34.8 54.02299
10088308 16.0 35.1 54.41595
10088343 21.0 34.8 39.65517
10088404 25.0 34.9 28.36676
10088407 23.0 34.9 34.09742
10138019 24.0 30.4 21.05263
12475557 22.0 20.8 5.76923
12645007 57.0 28.0 103.57143
37056000 15.0 18.0 16.66667
41266101 25.0 28.7 12.89199
41266133 8.0 8.7 8.04598
142277575 100.0 99.9 0.1001
178936091 12.0 9.2 30.43478
178947865 31.0 29.0 6.89655
178952085 20.0 18.9 5.82011
1803307 38.0 38.8 2.06186
1803704 36.0 34.4 4.65116
55138600 36.0 31.3 15.01597
55143577 10.0 17.4 42.52874
55152040 18.0 17.5 2.85714
55599321 10.0 8.6 16.27907
55602765 11.0 9.6 14.58333
55604693 28.0 28.1 0.35587
55972974 12.0 20.7 42.02899
55979558 40.0 38.4 4.16667
106182946 33.0 27.3 20.87912
153244155 31.0 28.3 9.54064
153332500 35.0 28.6 22.37762
1254594 32.0 30.3 5.61056
1294664 31.0 29.4 5.44218
67522722 23.0 20.0 15.0
79970914 33.0 46.0 28.26087
80168937 100.0 99.9 0.1001
112162854 21.0 28.6 26.57343
112164561 34.0 35.8 5.02793
112175770 39.0 37.5 4.0
112176325 23.0 36.2 36.46409
112176559 38.0 38.5 1.2987
112176756 27.0 36.6 26.22951
112177171 18.0 38.1 52.75591
112179431 33.0 28.3 16.60777
149457678 29.0 32.0 9.375
149460553 21.0 19.8 6.06061
149495395 48.0 48.4 0.82645
149499672 39.0 37.8 3.1746
149504348 11.0 10.1 8.91089
149509446 30.0 31.8 5.66038
41903782 40.0 50.4 20.63492
117686840 39.0 41.8 6.69856
117718110 32.0 30.3 5.61056
6026988 22.0 20.8 5.76923
55241707 24.0 24.3 1.23457
55242464 0.0 1.1 100.0
55249063 19.0 13.9 36.69065
55249071 0.0 1.3 100.0
55259515 3.0 4.6 34.78261
106508763 49.0 43.6 12.38532
106508978 100.0 99.8 0.2004
116339847 9.0 8.0 12.5
116436022 5.0 8.0 37.5
128852003 47.0 48.6 3.29218
140449150 20.0 19.3 3.62694
140453136 6.0 12.2 50.81967
140494209 19.0 18.8 1.06383
30938704 42.0 40.3 4.21836
30973957 26.0 29.9 13.04348
30999280 43.0 46.4 7.32759
31012190 19.0 18.4 3.26087
31024654 6.0 19.1 68.58639
38275434 36.0 31.7 13.56467
90993061 19.0 23.9 20.50209
145737816 39.0 37.0 5.40541
145738767 99.0 100.0 1.0
145741702 32.0 39.5 18.98734
145741765 33.0 39.6 16.66667
145742514 98.0 100.0 2.0
145742879 32.0 39.3 18.57506
5050706 18.0 18.4 2.17391
5081780 38.0 44.0 13.63636
98209594 51.0 64.7 21.17465
98211548 29.0 29.9 3.01003
98278975 26.0 29.9 13.04348
133761001 47.0 52.2 9.96169
135802659 21.0 29.0 27.58621
139391636 25.0 24.9 0.40161
139396746 32.0 27.3 17.21612
139397707 22.0 24.6 10.56911
139407932 36.0 43.0 16.27907
139409754 32.0 25.5 25.4902
139418260 43.0 40.1 7.23192
8100647 30.0 27.4 9.48905
43595968 32.0 31.2 2.5641
43604493 30.0 30.9 2.91262
43613843 57.0 60.6 5.94059
88635779 14.0 17.2 18.60465
533328 28.0 33.2 15.66265
69462910 43.0 37.7 14.05836
69625385 34.0 32.9 3.34347
69633633 39.0 35.2 10.79545
25362777 29.0 30.7 5.53746
25398281 13.0 16.0 18.75
25398284 4.0 4.8 16.66667
56494998 28.0 30.1 6.97674
112891125 22.0 25.8 14.72868
121416622 45.0 52.9 14.93384
121416650 28.0 34.2 18.12865
121437114 21.0 20.5 2.43902
28578214 17.0 11.3 50.44248
28624294 33.0 28.6 15.38462
28674628 49.0 46.1 6.29067
28895620 21.0 29.4 28.57143
32911888 39.0 40.5 3.7037
32912299 25.0 19.1 30.89005
32912750 41.0 29.5 38.98305
32913558 35.0 32.4 8.02469
32913836 47.0 43.7 7.55149
32936646 33.0 49.1 32.79022
48985975 30.0 30.5 1.63934
103515036 25.0 29.6 15.54054
103527930 100.0 99.9 0.1001
45645974 18.0 23.8 24.36975
65507589 27.0 21.6 25.0
66727451 27.0 29.1 7.21649
66729147 31.0 28.0 10.71429
66782085 33.0 31.8 3.77358
88576185 27.0 42.1 35.86698
88680684 34.0 41.8 18.66029
89849327 31.0 30.2 2.64901
91337479 28.0 30.6 8.49673
91346923 33.0 29.8 10.73826
91354505 42.0 28.5 47.36842
2134450 27.0 31.5 14.28571
3658433 32.0 30.5 4.91803
3817720 33.0 32.0 3.125
14041958 29.0 29.5 1.69492
89805914 28.0 26.5 5.66038
89807233 37.0 26.8 38.0597
89809319 27.0 24.7 9.31174
89815152 29.0 28.1 3.20285
89825065 28.0 28.0 0.0
89839766 23.0 27.2 15.44118
89857935 27.0 24.5 10.20408
89858417 27.0 26.5 1.88679
7579472 91.0 93.6 2.77778
29553485 40.0 34.9 14.61318
29632336 29.0 30.8 5.84416
37650892 27.0 30.2 10.59603
37879588 25.0 30.6 18.30065
41234451 29.0 25.9 11.96911
41251931 39.0 40.7 4.1769
66538239 27.0 27.8 2.8777
3119239 40.0 42.4 5.66038
4101062 16.0 27.1 40.95941
4102449 31.0 29.8 4.02685
15278222 37.0 29.7 24.57912
15302905 32.0 33.6 4.7619
30314666 42.0 30.9 35.92233
40743956 33.0 29.7 11.11111
45867259 39.0 43.3 9.93072
45868309 45.0 48.3 6.8323
57415471 33.0 29.6 11.48649
57429753 26.0 28.3 8.12721
57484241 22.0 26.8 17.91045
41536164 32.0 28.4 12.67606
41551039 52.0 42.3 22.93144
41566524 52.0 52.4 0.76336
66765142 49.0 35.9 36.49025
66765627 38.0 38.2 0.52356
70338656 32.0 28.9 10.72664
76938088 29.0 29.7 2.3569
