Detected variants
Location Expected abundance Observed Abundance Difference(%)
11181327 18.0 17.4 3.44828
11190646 18.0 18.5 2.7027
11254597 26.0 29.4 11.56463
27056285 32.0 30.7 4.23453
27100181 33.0 28.6 15.38462
46738433 33.0 30.1 9.63455
65310489 39.0 36.0 8.33333
65312342 32.0 29.2 9.58904
115256530 9.0 10.3 12.62136
120458004 37.0 37.3 0.80429
120471800 30.0 28.9 3.80623
120611964 34.0 41.0 17.07317
120612006 32.0 38.8 17.52577
156814027 46.0 46.4 0.86207
156846233 46.0 48.3 4.7619
156846307 28.0 28.1 0.35587
156848995 51.0 46.6 9.44206
162737116 25.0 29.3 14.67577
25469502 13.0 17.5 25.71429
29416326 34.0 31.0 9.67742
29416366 52.0 53.0 1.88679
29416615 29.0 31.0 6.45161
29543736 32.0 30.8 3.8961
30143058 35.0 31.7 10.41009
30143499 100.0 91.5 9.28962
47601106 100.0 99.9 0.1001
48018236 22.0 31.0 29.03226
48027921 36.0 26.3 36.88213
178095900 35.0 27.4 27.73723
198257795 31.0 29.9 3.67893
198265526 19.0 29.8 36.24161
198283305 17.0 29.8 42.95302
215632255 42.0 37.5 12.0
215645464 41.0 40.6 0.98522
215645545 33.0 28.9 14.18685
10088266 17.0 33.7 49.5549
10088299 16.0 33.7 52.52226
10088308 16.0 34.0 52.94118
10088343 21.0 33.5 37.31343
10088404 25.0 34.1 26.68622
10088407 23.0 34.1 32.55132
10138019 24.0 30.5 21.31148
12475557 22.0 20.8 5.76923
12645007 57.0 28.2 102.12766
37056000 15.0 18.0 16.66667
41266101 25.0 28.8 13.19444
41266133 8.0 8.7 8.04598
142277575 100.0 99.9 0.1001
178936091 12.0 8.8 36.36364
178947865 31.0 29.0 6.89655
178952085 20.0 18.6 7.52688
1803307 38.0 38.6 1.5544
1803704 36.0 34.1 5.57185
55138600 36.0 31.4 14.64968
55143577 10.0 17.4 42.52874
55152040 18.0 17.4 3.44828
55599321 10.0 8.7 14.94253
55602765 11.0 9.5 15.78947
55604693 28.0 28.1 0.35587
55972974 12.0 20.7 42.02899
55979558 40.0 38.5 3.8961
106182946 33.0 27.2 21.32353
153244155 31.0 28.7 8.01394
153332500 35.0 28.7 21.95122
1254594 32.0 30.3 5.61056
1294664 31.0 29.6 4.72973
67522722 23.0 20.1 14.42786
79970914 33.0 46.1 28.41649
80168937 100.0 99.9 0.1001
112162854 21.0 28.6 26.57343
112164561 34.0 35.8 5.02793
112175770 39.0 37.4 4.27807
112176325 23.0 36.2 36.46409
112176559 38.0 38.6 1.5544
112176756 27.0 36.6 26.22951
112177171 18.0 38.1 52.75591
112179431 33.0 28.6 15.38462
149457678 29.0 32.2 9.93789
149460553 21.0 19.9 5.52764
149495395 48.0 48.6 1.23457
149499672 39.0 37.8 3.1746
149504348 11.0 10.1 8.91089
149509446 30.0 31.9 5.95611
41903782 40.0 50.3 20.47714
117686840 39.0 41.7 6.47482
117718110 32.0 30.4 5.26316
6026988 22.0 20.9 5.26316
55241707 24.0 24.3 1.23457
55242464 0.0 1.1 100.0
55249063 19.0 13.9 36.69065
55249071 0.0 1.3 100.0
55259515 3.0 4.6 34.78261
106508763 49.0 43.2 13.42593
106508978 100.0 99.8 0.2004
116339847 9.0 8.3 8.43373
116436022 5.0 7.9 36.70886
128852003 47.0 49.4 4.8583
140449150 20.0 19.4 3.09278
140453136 6.0 12.1 50.41322
140494209 19.0 18.6 2.15054
30938704 42.0 40.3 4.21836
30973957 26.0 29.8 12.75168
30999280 43.0 46.4 7.32759
31012190 19.0 18.7 1.60428
31024654 6.0 19.1 68.58639
38275434 36.0 31.8 13.20755
90993061 19.0 23.9 20.50209
145737816 39.0 37.1 5.12129
145738767 99.0 100.0 1.0
145741702 32.0 39.3 18.57506
145741765 33.0 39.5 16.4557
145742514 98.0 100.0 2.0
145742879 32.0 39.4 18.78173
5050706 18.0 18.3 1.63934
5081780 38.0 43.9 13.43964
98209594 51.0 64.9 21.41757
98211548 29.0 30.1 3.65449
98278975 26.0 29.6 12.16216
133761001 47.0 52.0 9.61538
135802659 21.0 29.1 27.83505
139391636 25.0 24.8 0.80645
139396746 32.0 27.1 18.08118
139397707 22.0 24.5 10.20408
139407932 36.0 43.1 16.47332
139409754 32.0 25.3 26.48221
139418260 43.0 40.2 6.96517
8100647 30.0 27.7 8.30325
43595968 32.0 31.3 2.23642
43604493 30.0 31.0 3.22581
43613843 57.0 60.8 6.25
88635779 14.0 17.1 18.12865
533328 28.0 33.5 16.41791
69462910 43.0 37.6 14.3617
69625385 34.0 32.8 3.65854
69633633 39.0 34.9 11.74785
25362777 29.0 30.6 5.22876
25398281 13.0 16.1 19.25466
25398284 4.0 4.6 13.04348
56494998 28.0 30.4 7.89474
112891125 22.0 25.9 15.05792
121416622 45.0 52.9 14.93384
121416650 28.0 34.4 18.60465
121437114 21.0 20.5 2.43902
28578214 17.0 11.2 51.78571
28624294 33.0 28.6 15.38462
28674628 49.0 45.9 6.75381
28895620 21.0 29.8 29.5302
32911888 39.0 40.5 3.7037
32912299 25.0 19.1 30.89005
32912750 41.0 29.6 38.51351
32913558 35.0 32.4 8.02469
32913836 47.0 43.6 7.79817
32936646 33.0 49.2 32.92683
48985975 30.0 30.6 1.96078
103515036 25.0 29.6 15.54054
103527930 100.0 99.9 0.1001
45645974 18.0 23.9 24.68619
65507589 27.0 21.7 24.42396
66727451 27.0 29.2 7.53425
66729147 31.0 28.1 10.32028
66782085 33.0 32.1 2.80374
88576185 27.0 42.3 36.17021
88680684 34.0 41.7 18.46523
89849327 31.0 30.2 2.64901
91337479 28.0 30.5 8.19672
91346923 33.0 29.9 10.36789
91354505 42.0 28.7 46.34146
2134450 27.0 31.5 14.28571
3658433 32.0 30.6 4.57516
3817720 33.0 32.2 2.48447
14041958 29.0 29.4 1.36054
89805914 28.0 26.3 6.46388
89807233 37.0 27.1 36.53137
89809319 27.0 24.7 9.31174
89815152 29.0 28.2 2.83688
89825065 28.0 28.1 0.35587
89839766 23.0 27.4 16.05839
89857935 27.0 24.4 10.65574
89858417 27.0 26.5 1.88679
7579472 91.0 93.7 2.88154
29553485 40.0 35.0 14.28571
29632336 29.0 30.9 6.14887
37650892 27.0 30.3 10.89109
37879588 25.0 30.6 18.30065
41234451 29.0 25.9 11.96911
41251931 39.0 40.7 4.1769
66538239 27.0 27.9 3.22581
3119239 40.0 42.6 6.10329
4101062 16.0 27.1 40.95941
4102449 31.0 29.8 4.02685
15278222 37.0 29.8 24.16107
15302905 32.0 33.6 4.7619
30314666 42.0 31.1 35.04823
40743956 33.0 29.6 11.48649
45867259 39.0 42.3 7.80142
45868309 45.0 48.3 6.8323
57415471 33.0 29.5 11.86441
57429753 26.0 28.0 7.14286
57484241 22.0 26.9 18.21561
41536164 32.0 28.4 12.67606
41551039 52.0 42.3 22.93144
41566524 52.0 52.1 0.19194
66765142 49.0 35.8 36.87151
66765627 38.0 38.1 0.26247
70338656 32.0 29.4 8.84354
76938088 29.0 29.6 2.02703
