## htsjdk.samtools.metrics.StringHeader
# CollectHsMetrics BAIT_INTERVALS=[pool1_pool2_nochr_3c.sort.merged.padded20.hg19.210311.met.annotated.interval_list] TARGET_INTERVALS=[pool1_pool2_nochr_3c.sort.merged.padded20.hg19.210311.met.annotated.interval_list] INPUT=marked_duplicates_front_5.bam OUTPUT=hs_metrics_front_5.txt COVERAGE_CAP=5000 REFERENCE_SEQUENCE=/home/tomas/data/reference/hg19.with.mt.fasta    METRIC_ACCUMULATION_LEVEL=[ALL_READS] NEAR_DISTANCE=250 MINIMUM_MAPPING_QUALITY=20 MINIMUM_BASE_QUALITY=20 CLIP_OVERLAPPING_READS=true INCLUDE_INDELS=false SAMPLE_SIZE=10000 ALLELE_FRACTION=[0.001, 0.005, 0.01, 0.02, 0.05, 0.1, 0.2, 0.3, 0.5] VERBOSITY=INFO QUIET=false VALIDATION_STRINGENCY=STRICT COMPRESSION_LEVEL=5 MAX_RECORDS_IN_RAM=500000 CREATE_INDEX=false CREATE_MD5_FILE=false GA4GH_CLIENT_SECRETS=client_secrets.json USE_JDK_DEFLATER=false USE_JDK_INFLATER=false
## htsjdk.samtools.metrics.StringHeader
# Started on: Mon Jan 31 14:11:13 CET 2022

## METRICS CLASS	picard.analysis.directed.HsMetrics
BAIT_SET	BAIT_TERRITORY	BAIT_DESIGN_EFFICIENCY	ON_BAIT_BASES	NEAR_BAIT_BASES	OFF_BAIT_BASES	PCT_SELECTED_BASES	PCT_OFF_BAIT	ON_BAIT_VS_SELECTED	MEAN_BAIT_COVERAGE	PCT_USABLE_BASES_ON_BAIT	PCT_USABLE_BASES_ON_TARGET	FOLD_ENRICHMENT	HS_LIBRARY_SIZE	HS_PENALTY_10X	HS_PENALTY_20X	HS_PENALTY_30X	HS_PENALTY_40X	HS_PENALTY_50X	HS_PENALTY_100X	TARGET_TERRITORY	GENOME_SIZE	TOTAL_READS	PF_READS	PF_BASES	PF_UNIQUE_READS	PF_UQ_READS_ALIGNED	PF_BASES_ALIGNED	PF_UQ_BASES_ALIGNED	ON_TARGET_BASES	PCT_PF_READS	PCT_PF_UQ_READS	PCT_PF_UQ_READS_ALIGNED	MEAN_TARGET_COVERAGE	MEDIAN_TARGET_COVERAGE	MAX_TARGET_COVERAGE	MIN_TARGET_COVERAGE	ZERO_CVG_TARGETS_PCT	PCT_EXC_DUPE	PCT_EXC_ADAPTER	PCT_EXC_MAPQ	PCT_EXC_BASEQ	PCT_EXC_OVERLAP	PCT_EXC_OFF_TARGET	FOLD_80_BASE_PENALTY	PCT_TARGET_BASES_1X	PCT_TARGET_BASES_2X	PCT_TARGET_BASES_10X	PCT_TARGET_BASES_20X	PCT_TARGET_BASES_30X	PCT_TARGET_BASES_40X	PCT_TARGET_BASES_50X	PCT_TARGET_BASES_100X	PCT_TARGET_BASES_250X	PCT_TARGET_BASES_500X	PCT_TARGET_BASES_1000X	PCT_TARGET_BASES_2500X	PCT_TARGET_BASES_5000X	PCT_TARGET_BASES_10000X	PCT_TARGET_BASES_25000X	PCT_TARGET_BASES_50000X	PCT_TARGET_BASES_100000X	AT_DROPOUT	GC_DROPOUT	HET_SNP_SENSITIVITY	HET_SNP_Q	SAMPLE	LIBRARY	READ_GROUP
pool1_pool2_nochr_3c	2217428	1	6707100308	3455828168	4894739227	0.674934	0.325066	0.659957	3024.720671	0.443673	0.204931	621.849928	40053047	4.416177	4.432942	4.445981	4.460884	4.469825	4.541357	2217428	3095693983	114807106	114807106	15117229367	79548241	79528515	15057667703	10415126685	3097992318	1	0.692886	0.999752	1397.11067	1395	24774	0	0.001632	0.308317	0	0.020857	0.016067	0.118062	0.330976	1.31061	0.999692	0.999477	0.998813	0.998466	0.998165	0.997935	0.997725	0.996923	0.992399	0.974042	0.842329	0.019096	0.000917	0.000233	0	0	0	0.914941	3.573893	0.138948	1			

## HISTOGRAM	java.lang.Integer
coverage_or_base_quality	high_quality_coverage_count	unfiltered_baseq_count
0	682	0
1	478	0
2	318	0
3	360	0
4	157	0
5	125	0
6	115	0
7	131	0
8	163	0
9	102	0
10	105	0
11	96	0
12	128	0
13	79	0
14	83	77329866
15	58	0
16	87	0
17	53	0
18	37	0
19	44	0
20	60	0
21	59	15094724
22	76	0
23	61	0
24	80	0
25	72	0
26	90	0
27	56	79485331
28	57	0
29	56	0
30	62	0
31	51	0
32	63	310824003
33	64	0
34	59	0
35	48	0
36	51	2683936990
37	28	0
38	43	0
39	42	0
40	42	0
41	43	0
42	51	0
43	50	0
44	46	0
45	49	0
46	49	0
47	47	0
48	47	0
49	42	0
50	41	0
51	50	0
52	45	0
53	55	0
54	45	0
55	39	0
56	38	0
57	31	0
58	42	0
59	31	0
60	27	0
61	21	0
62	26	0
63	23	0
64	33	0
65	19	0
66	26	0
67	38	0
68	39	0
69	32	0
70	35	0
71	32	0
72	22	0
73	28	0
74	29	0
75	36	0
76	32	0
77	22	0
78	33	0
79	30	0
80	34	0
81	27	0
82	49	0
83	33	0
84	35	0
85	33	0
86	36	0
87	42	0
88	33	0
89	34	0
90	42	0
91	27	0
92	39	0
93	30	0
94	52	0
95	42	0
96	32	0
97	47	0
98	56	0
99	54	0
100	55	0
101	46	0
102	72	0
103	63	0
104	68	0
105	53	0
106	51	0
107	50	0
108	51	0
109	42	0
110	45	0
111	52	0
112	46	0
113	37	0
114	54	0
115	51	0
116	45	0
117	43	0
118	31	0
119	46	0
120	43	0
121	66	0
122	50	0
123	48	0
124	68	0
125	62	0
126	67	0
127	60	0
128	61	0
129	52	0
130	47	0
131	45	0
132	44	0
133	49	0
134	55	0
135	52	0
136	50	0
137	52	0
138	60	0
139	63	0
140	51	0
141	68	0
142	54	0
143	52	0
144	50	0
145	47	0
146	47	0
147	48	0
148	44	0
149	73	0
150	59	0
151	73	0
152	38	0
153	55	0
154	60	0
155	62	0
156	61	0
157	66	0
158	48	0
159	61	0
160	60	0
161	63	0
162	67	0
163	65	0
164	69	0
165	50	0
166	68	0
167	61	0
168	57	0
169	79	0
170	64	0
171	66	0
172	60	0
173	55	0
174	63	0
175	53	0
176	53	0
177	74	0
178	50	0
179	57	0
180	61	0
181	63	0
182	64	0
183	60	0
184	73	0
185	57	0
186	60	0
187	65	0
188	67	0
189	83	0
190	75	0
191	73	0
192	74	0
193	57	0
194	76	0
195	66	0
196	81	0
197	76	0
198	71	0
199	86	0
200	88	0
201	77	0
202	74	0
203	69	0
204	84	0
205	87	0
206	68	0
207	77	0
208	80	0
209	72	0
210	71	0
211	78	0
212	58	0
213	67	0
214	74	0
215	85	0
216	72	0
217	69	0
218	90	0
219	79	0
220	81	0
221	84	0
222	75	0
223	75	0
224	105	0
225	89	0
226	87	0
227	80	0
228	80	0
229	91	0
230	78	0
231	79	0
232	108	0
233	101	0
234	99	0
235	91	0
236	89	0
237	83	0
238	92	0
239	76	0
240	84	0
241	104	0
242	94	0
243	101	0
244	104	0
245	82	0
246	75	0
247	97	0
248	97	0
249	99	0
250	97	0
251	76	0
252	87	0
253	91	0
254	107	0
255	94	0
256	110	0
257	99	0
258	89	0
259	101	0
260	80	0
261	93	0
262	87	0
263	96	0
264	89	0
265	91	0
266	97	0
267	91	0
268	75	0
269	95	0
270	116	0
271	92	0
272	99	0
273	84	0
274	100	0
275	94	0
276	95	0
277	109	0
278	102	0
279	98	0
280	105	0
281	99	0
282	111	0
283	114	0
284	105	0
285	119	0
286	117	0
287	86	0
288	107	0
289	112	0
290	114	0
291	106	0
292	113	0
293	113	0
294	122	0
295	113	0
296	123	0
297	120	0
298	134	0
299	113	0
300	130	0
301	113	0
302	117	0
303	144	0
304	159	0
305	139	0
306	125	0
307	168	0
308	150	0
309	158	0
310	153	0
311	153	0
312	155	0
313	132	0
314	162	0
315	130	0
316	140	0
317	126	0
318	139	0
319	125	0
320	154	0
321	150	0
322	137	0
323	134	0
324	164	0
325	154	0
326	150	0
327	149	0
328	191	0
329	149	0
330	154	0
331	170	0
332	178	0
333	160	0
334	151	0
335	166	0
336	169	0
337	179	0
338	152	0
339	148	0
340	181	0
341	165	0
342	175	0
343	177	0
344	190	0
345	202	0
346	169	0
347	172	0
348	166	0
349	190	0
350	187	0
351	190	0
352	155	0
353	147	0
354	189	0
355	158	0
356	169	0
357	175	0
358	160	0
359	180	0
360	178	0
361	171	0
362	178	0
363	184	0
364	203	0
365	183	0
366	195	0
367	206	0
368	188	0
369	188	0
370	174	0
371	159	0
372	169	0
373	173	0
374	213	0
375	185	0
376	182	0
377	206	0
378	172	0
379	169	0
380	202	0
381	226	0
382	194	0
383	190	0
384	199	0
385	187	0
386	202	0
387	211	0
388	160	0
389	191	0
390	189	0
391	192	0
392	173	0
393	170	0
394	197	0
395	181	0
396	173	0
397	194	0
398	182	0
399	189	0
400	216	0
401	183	0
402	156	0
403	188	0
404	208	0
405	188	0
406	185	0
407	197	0
408	190	0
409	178	0
410	178	0
411	194	0
412	178	0
413	187	0
414	190	0
415	181	0
416	198	0
417	187	0
418	170	0
419	182	0
420	163	0
421	176	0
422	166	0
423	199	0
424	178	0
425	218	0
426	176	0
427	190	0
428	185	0
429	196	0
430	168	0
431	189	0
432	203	0
433	167	0
434	163	0
435	192	0
436	173	0
437	198	0
438	179	0
439	188	0
440	201	0
441	186	0
442	195	0
443	207	0
444	201	0
445	146	0
446	179	0
447	198	0
448	188	0
449	161	0
450	175	0
451	195	0
452	180	0
453	166	0
454	174	0
455	172	0
456	186	0
457	149	0
458	177	0
459	175	0
460	178	0
461	164	0
462	169	0
463	200	0
464	178	0
465	187	0
466	168	0
467	193	0
468	172	0
469	199	0
470	190	0
471	204	0
472	206	0
473	185	0
474	213	0
475	194	0
476	201	0
477	184	0
478	201	0
479	186	0
480	212	0
481	201	0
482	201	0
483	191	0
484	199	0
485	191	0
486	163	0
487	206	0
488	174	0
489	198	0
490	217	0
491	214	0
492	167	0
493	201	0
494	180	0
495	214	0
496	190	0
497	192	0
498	194	0
499	185	0
500	188	0
501	187	0
502	198	0
503	196	0
504	194	0
505	206	0
506	180	0
507	197	0
508	168	0
509	181	0
510	176	0
511	163	0
512	218	0
513	216	0
514	190	0
515	205	0
516	201	0
517	209	0
518	187	0
519	211	0
520	202	0
521	199	0
522	211	0
523	240	0
524	216	0
525	195	0
526	194	0
527	236	0
528	229	0
529	189	0
530	206	0
531	217	0
532	206	0
533	213	0
534	224	0
535	189	0
536	218	0
537	244	0
538	223	0
539	205	0
540	216	0
541	206	0
542	202	0
543	215	0
544	227	0
545	221	0
546	234	0
547	206	0
548	227	0
549	226	0
550	205	0
551	217	0
552	223	0
553	220	0
554	224	0
555	224	0
556	222	0
557	230	0
558	262	0
559	261	0
560	262	0
561	247	0
562	247	0
563	218	0
564	248	0
565	266	0
566	234	0
567	272	0
568	251	0
569	247	0
570	251	0
571	246	0
572	253	0
573	226	0
574	263	0
575	238	0
576	251	0
577	242	0
578	235	0
579	249	0
580	266	0
581	266	0
582	259	0
583	265	0
584	238	0
585	246	0
586	266	0
587	227	0
588	291	0
589	256	0
590	256	0
591	248	0
592	254	0
593	257	0
594	255	0
595	277	0
596	256	0
597	267	0
598	268	0
599	262	0
600	253	0
601	242	0
602	272	0
603	236	0
604	246	0
605	258	0
606	289	0
607	294	0
608	278	0
609	284	0
610	280	0
611	266	0
612	277	0
613	279	0
614	248	0
615	294	0
616	279	0
617	258	0
618	283	0
619	244	0
620	299	0
621	280	0
622	248	0
623	274	0
624	270	0
625	284	0
626	291	0
627	260	0
628	266	0
629	279	0
630	268	0
631	290	0
632	293	0
633	313	0
634	314	0
635	301	0
636	272	0
637	302	0
638	315	0
639	316	0
640	261	0
641	323	0
642	258	0
643	324	0
644	294	0
645	271	0
646	315	0
647	309	0
648	327	0
649	289	0
650	290	0
651	344	0
652	309	0
653	312	0
654	341	0
655	312	0
656	295	0
657	299	0
658	291	0
659	340	0
660	312	0
661	294	0
662	324	0
663	334	0
664	332	0
665	305	0
666	319	0
667	292	0
668	335	0
669	288	0
670	301	0
671	333	0
672	316	0
673	343	0
674	336	0
675	331	0
676	320	0
677	331	0
678	351	0
679	343	0
680	321	0
681	355	0
682	357	0
683	360	0
684	354	0
685	366	0
686	333	0
687	339	0
688	363	0
689	354	0
690	315	0
691	355	0
692	363	0
693	334	0
694	397	0
695	367	0
696	373	0
697	372	0
698	390	0
699	362	0
700	392	0
701	370	0
702	422	0
703	367	0
704	367	0
705	404	0
706	397	0
707	429	0
708	414	0
709	391	0
710	371	0
711	421	0
712	401	0
713	437	0
714	395	0
715	412	0
716	425	0
717	444	0
718	407	0
719	426	0
720	393	0
721	410	0
722	457	0
723	409	0
724	435	0
725	455	0
726	438	0
727	455	0
728	417	0
729	423	0
730	465	0
731	471	0
732	451	0
733	474	0
734	453	0
735	450	0
736	481	0
737	475	0
738	454	0
739	442	0
740	460	0
741	480	0
742	467	0
743	439	0
744	466	0
745	522	0
746	456	0
747	527	0
748	532	0
749	514	0
750	453	0
751	475	0
752	508	0
753	443	0
754	511	0
755	494	0
756	502	0
757	504	0
758	503	0
759	522	0
760	498	0
761	477	0
762	517	0
763	536	0
764	496	0
765	493	0
766	533	0
767	495	0
768	531	0
769	523	0
770	565	0
771	548	0
772	531	0
773	550	0
774	561	0
775	542	0
776	575	0
777	603	0
778	535	0
779	547	0
780	535	0
781	553	0
782	545	0
783	555	0
784	534	0
785	557	0
786	594	0
787	599	0
788	590	0
789	557	0
790	547	0
791	633	0
792	578	0
793	609	0
794	544	0
795	579	0
796	632	0
797	589	0
798	578	0
799	609	0
800	640	0
801	626	0
802	676	0
803	570	0
804	642	0
805	665	0
806	623	0
807	613	0
808	631	0
809	634	0
810	623	0
811	634	0
812	605	0
813	628	0
814	595	0
815	660	0
816	653	0
817	637	0
818	661	0
819	676	0
820	659	0
821	613	0
822	670	0
823	716	0
824	656	0
825	711	0
826	673	0
827	692	0
828	665	0
829	673	0
830	678	0
831	692	0
832	707	0
833	715	0
834	738	0
835	686	0
836	675	0
837	726	0
838	742	0
839	690	0
840	732	0
841	741	0
842	721	0
843	762	0
844	735	0
845	751	0
846	785	0
847	753	0
848	722	0
849	710	0
850	763	0
851	723	0
852	806	0
853	733	0
854	765	0
855	765	0
856	803	0
857	810	0
858	829	0
859	823	0
860	733	0
861	778	0
862	822	0
863	811	0
864	828	0
865	851	0
866	884	0
867	795	0
868	845	0
869	921	0
870	830	0
871	827	0
872	811	0
873	903	0
874	826	0
875	802	0
876	844	0
877	858	0
878	798	0
879	877	0
880	849	0
881	876	0
882	881	0
883	858	0
884	902	0
885	879	0
886	914	0
887	943	0
888	916	0
889	907	0
890	916	0
891	887	0
892	918	0
893	903	0
894	910	0
895	928	0
896	955	0
897	925	0
898	948	0
899	932	0
900	924	0
901	1014	0
902	984	0
903	939	0
904	956	0
905	969	0
906	976	0
907	977	0
908	942	0
909	949	0
910	946	0
911	1012	0
912	947	0
913	961	0
914	999	0
915	1001	0
916	993	0
917	990	0
918	1091	0
919	1055	0
920	1025	0
921	1018	0
922	995	0
923	1058	0
924	1044	0
925	1050	0
926	1068	0
927	1016	0
928	1069	0
929	1048	0
930	1067	0
931	1062	0
932	1107	0
933	1028	0
934	995	0
935	1097	0
936	1125	0
937	1083	0
938	1052	0
939	1060	0
940	1118	0
941	1117	0
942	1074	0
943	1147	0
944	1082	0
945	1103	0
946	1190	0
947	1104	0
948	1126	0
949	1164	0
950	1116	0
951	1129	0
952	1179	0
953	1142	0
954	1151	0
955	1181	0
956	1112	0
957	1208	0
958	1164	0
959	1198	0
960	1262	0
961	1204	0
962	1154	0
963	1145	0
964	1202	0
965	1188	0
966	1179	0
967	1228	0
968	1222	0
969	1130	0
970	1214	0
971	1230	0
972	1216	0
973	1200	0
974	1218	0
975	1150	0
976	1236	0
977	1205	0
978	1269	0
979	1280	0
980	1245	0
981	1232	0
982	1275	0
983	1271	0
984	1240	0
985	1273	0
986	1256	0
987	1236	0
988	1281	0
989	1225	0
990	1289	0
991	1278	0
992	1230	0
993	1333	0
994	1328	0
995	1301	0
996	1293	0
997	1328	0
998	1302	0
999	1284	0
1000	1300	0
1001	1332	0
1002	1348	0
1003	1406	0
1004	1323	0
1005	1370	0
1006	1299	0
1007	1276	0
1008	1327	0
1009	1315	0
1010	1359	0
1011	1295	0
1012	1332	0
1013	1352	0
1014	1352	0
1015	1377	0
1016	1351	0
1017	1329	0
1018	1392	0
1019	1417	0
1020	1417	0
1021	1393	0
1022	1327	0
1023	1425	0
1024	1403	0
1025	1334	0
1026	1444	0
1027	1381	0
1028	1365	0
1029	1293	0
1030	1406	0
1031	1446	0
1032	1392	0
1033	1422	0
1034	1480	0
1035	1387	0
1036	1460	0
1037	1470	0
1038	1401	0
1039	1395	0
1040	1466	0
1041	1422	0
1042	1368	0
1043	1402	0
1044	1412	0
1045	1476	0
1046	1419	0
1047	1471	0
1048	1492	0
1049	1453	0
1050	1453	0
1051	1494	0
1052	1447	0
1053	1445	0
1054	1492	0
1055	1472	0
1056	1502	0
1057	1472	0
1058	1454	0
1059	1453	0
1060	1523	0
1061	1531	0
1062	1439	0
1063	1565	0
1064	1500	0
1065	1474	0
1066	1555	0
1067	1496	0
1068	1527	0
1069	1543	0
1070	1524	0
1071	1535	0
1072	1535	0
1073	1499	0
1074	1587	0
1075	1629	0
1076	1569	0
1077	1533	0
1078	1592	0
1079	1602	0
1080	1536	0
1081	1523	0
1082	1610	0
1083	1593	0
1084	1503	0
1085	1534	0
1086	1614	0
1087	1597	0
1088	1529	0
1089	1555	0
1090	1599	0
1091	1584	0
1092	1580	0
1093	1609	0
1094	1558	0
1095	1667	0
1096	1630	0
1097	1536	0
1098	1595	0
1099	1673	0
1100	1675	0
1101	1684	0
1102	1621	0
1103	1622	0
1104	1661	0
1105	1616	0
1106	1619	0
1107	1571	0
1108	1606	0
1109	1620	0
1110	1636	0
1111	1629	0
1112	1725	0
1113	1629	0
1114	1693	0
1115	1627	0
1116	1687	0
1117	1614	0
1118	1671	0
1119	1741	0
1120	1649	0
1121	1657	0
1122	1661	0
1123	1627	0
1124	1732	0
1125	1690	0
1126	1632	0
1127	1674	0
1128	1647	0
1129	1747	0
1130	1623	0
1131	1819	0
1132	1676	0
1133	1691	0
1134	1714	0
1135	1677	0
1136	1711	0
1137	1748	0
1138	1721	0
1139	1736	0
1140	1775	0
1141	1821	0
1142	1698	0
1143	1849	0
1144	1783	0
1145	1767	0
1146	1756	0
1147	1769	0
1148	1753	0
1149	1765	0
1150	1784	0
1151	1858	0
1152	1770	0
1153	1805	0
1154	1767	0
1155	1849	0
1156	1804	0
1157	1778	0
1158	1848	0
1159	1834	0
1160	1850	0
1161	1822	0
1162	1813	0
1163	1807	0
1164	1801	0
1165	1838	0
1166	1811	0
1167	1823	0
1168	1858	0
1169	1905	0
1170	1868	0
1171	1944	0
1172	1876	0
1173	1848	0
1174	1822	0
1175	1891	0
1176	1895	0
1177	1896	0
1178	1950	0
1179	1946	0
1180	1940	0
1181	1820	0
1182	1890	0
1183	1921	0
1184	1869	0
1185	1949	0
1186	1965	0
1187	1922	0
1188	1991	0
1189	1949	0
1190	1926	0
1191	1989	0
1192	1955	0
1193	1929	0
1194	1961	0
1195	1961	0
1196	1984	0
1197	1977	0
1198	1905	0
1199	1898	0
1200	1922	0
1201	1990	0
1202	1950	0
1203	1939	0
1204	2034	0
1205	2001	0
1206	2085	0
1207	2041	0
1208	2001	0
1209	1973	0
1210	2130	0
1211	2005	0
1212	1945	0
1213	1962	0
1214	2020	0
1215	2036	0
1216	2045	0
1217	2009	0
1218	1960	0
1219	2127	0
1220	2058	0
1221	2055	0
1222	1993	0
1223	1890	0
1224	2046	0
1225	1933	0
1226	2010	0
1227	2065	0
1228	2040	0
1229	2053	0
1230	2045	0
1231	2044	0
1232	2061	0
1233	2072	0
1234	2053	0
1235	2044	0
1236	2129	0
1237	2034	0
1238	2046	0
1239	2054	0
1240	2005	0
1241	2074	0
1242	2139	0
1243	2140	0
1244	2117	0
1245	2142	0
1246	2087	0
1247	2123	0
1248	2011	0
1249	2040	0
1250	2111	0
1251	2129	0
1252	2111	0
1253	2056	0
1254	2104	0
1255	2209	0
1256	2074	0
1257	2184	0
1258	2163	0
1259	2102	0
1260	2219	0
1261	2146	0
1262	2188	0
1263	2168	0
1264	2178	0
1265	2157	0
1266	2195	0
1267	2154	0
1268	2163	0
1269	2105	0
1270	2124	0
1271	2186	0
1272	2201	0
1273	2196	0
1274	2137	0
1275	2160	0
1276	2210	0
1277	2212	0
1278	2194	0
1279	2171	0
1280	2188	0
1281	2152	0
1282	2246	0
1283	2314	0
1284	2264	0
1285	2141	0
1286	2257	0
1287	2253	0
1288	2173	0
1289	2229	0
1290	2258	0
1291	2317	0
1292	2246	0
1293	2241	0
1294	2168	0
1295	2279	0
1296	2293	0
1297	2212	0
1298	2204	0
1299	2279	0
1300	2248	0
1301	2171	0
1302	2205	0
1303	2266	0
1304	2311	0
1305	2290	0
1306	2281	0
1307	2344	0
1308	2248	0
1309	2282	0
1310	2230	0
1311	2279	0
1312	2272	0
1313	2339	0
1314	2280	0
1315	2348	0
1316	2230	0
1317	2303	0
1318	2315	0
1319	2225	0
1320	2283	0
1321	2393	0
1322	2255	0
1323	2234	0
1324	2288	0
1325	2285	0
1326	2456	0
1327	2366	0
1328	2332	0
1329	2317	0
1330	2294	0
1331	2303	0
1332	2273	0
1333	2309	0
1334	2277	0
1335	2275	0
1336	2349	0
1337	2374	0
1338	2396	0
1339	2387	0
1340	2255	0
1341	2350	0
1342	2327	0
1343	2291	0
1344	2299	0
1345	2345	0
1346	2361	0
1347	2348	0
1348	2345	0
1349	2325	0
1350	2311	0
1351	2276	0
1352	2319	0
1353	2298	0
1354	2377	0
1355	2281	0
1356	2312	0
1357	2393	0
1358	2342	0
1359	2424	0
1360	2335	0
1361	2334	0
1362	2344	0
1363	2342	0
1364	2360	0
1365	2370	0
1366	2351	0
1367	2289	0
1368	2409	0
1369	2329	0
1370	2291	0
1371	2466	0
1372	2291	0
1373	2353	0
1374	2339	0
1375	2376	0
1376	2245	0
1377	2450	0
1378	2350	0
1379	2334	0
1380	2356	0
1381	2397	0
1382	2299	0
1383	2349	0
1384	2248	0
1385	2297	0
1386	2388	0
1387	2368	0
1388	2354	0
1389	2399	0
1390	2392	0
1391	2288	0
1392	2381	0
1393	2351	0
1394	2430	0
1395	2352	0
1396	2388	0
1397	2376	0
1398	2385	0
1399	2384	0
1400	2359	0
1401	2376	0
1402	2414	0
1403	2363	0
1404	2535	0
1405	2501	0
1406	2479	0
1407	2453	0
1408	2439	0
1409	2445	0
1410	2379	0
1411	2365	0
1412	2447	0
1413	2498	0
1414	2456	0
1415	2475	0
1416	2446	0
1417	2432	0
1418	2406	0
1419	2461	0
1420	2359	0
1421	2381	0
1422	2377	0
1423	2472	0
1424	2436	0
1425	2391	0
1426	2389	0
1427	2393	0
1428	2330	0
1429	2404	0
1430	2293	0
1431	2403	0
1432	2333	0
1433	2397	0
1434	2309	0
1435	2478	0
1436	2390	0
1437	2385	0
1438	2373	0
1439	2407	0
1440	2395	0
1441	2451	0
1442	2352	0
1443	2362	0
1444	2293	0
1445	2341	0
1446	2433	0
1447	2409	0
1448	2337	0
1449	2312	0
1450	2420	0
1451	2344	0
1452	2382	0
1453	2396	0
1454	2345	0
1455	2366	0
1456	2464	0
1457	2328	0
1458	2405	0
1459	2403	0
1460	2426	0
1461	2412	0
1462	2408	0
1463	2413	0
1464	2409	0
1465	2419	0
1466	2376	0
1467	2411	0
1468	2491	0
1469	2450	0
1470	2451	0
1471	2368	0
1472	2397	0
1473	2468	0
1474	2370	0
1475	2366	0
1476	2412	0
1477	2400	0
1478	2472	0
1479	2425	0
1480	2462	0
1481	2463	0
1482	2423	0
1483	2468	0
1484	2402	0
1485	2439	0
1486	2349	0
1487	2439	0
1488	2465	0
1489	2403	0
1490	2451	0
1491	2478	0
1492	2420	0
1493	2488	0
1494	2414	0
1495	2480	0
1496	2454	0
1497	2533	0
1498	2510	0
1499	2539	0
1500	2397	0
1501	2439	0
1502	2451	0
1503	2539	0
1504	2490	0
1505	2517	0
1506	2510	0
1507	2479	0
1508	2491	0
1509	2515	0
1510	2570	0
1511	2454	0
1512	2446	0
1513	2540	0
1514	2521	0
1515	2498	0
1516	2435	0
1517	2507	0
1518	2574	0
1519	2553	0
1520	2517	0
1521	2375	0
1522	2529	0
1523	2404	0
1524	2555	0
1525	2503	0
1526	2430	0
1527	2409	0
1528	2457	0
1529	2637	0
1530	2498	0
1531	2476	0
1532	2537	0
1533	2425	0
1534	2483	0
1535	2524	0
1536	2422	0
1537	2478	0
1538	2501	0
1539	2449	0
1540	2491	0
1541	2456	0
1542	2537	0
1543	2387	0
1544	2479	0
1545	2454	0
1546	2511	0
1547	2482	0
1548	2519	0
1549	2496	0
1550	2346	0
1551	2452	0
1552	2514	0
1553	2468	0
1554	2396	0
1555	2409	0
1556	2483	0
1557	2373	0
1558	2316	0
1559	2393	0
1560	2425	0
1561	2516	0
1562	2314	0
1563	2397	0
1564	2387	0
1565	2423	0
1566	2381	0
1567	2326	0
1568	2368	0
1569	2386	0
1570	2352	0
1571	2316	0
1572	2309	0
1573	2442	0
1574	2207	0
1575	2307	0
1576	2334	0
1577	2327	0
1578	2302	0
1579	2319	0
1580	2329	0
1581	2384	0
1582	2295	0
1583	2355	0
1584	2167	0
1585	2317	0
1586	2239	0
1587	2291	0
1588	2217	0
1589	2233	0
1590	2254	0
1591	2259	0
1592	2259	0
1593	2147	0
1594	2365	0
1595	2183	0
1596	2155	0
1597	2161	0
1598	2142	0
1599	2139	0
1600	2171	0
1601	2150	0
1602	2174	0
1603	2164	0
1604	2129	0
1605	2138	0
1606	2128	0
1607	2164	0
1608	2124	0
1609	2121	0
1610	2123	0
1611	2141	0
1612	2055	0
1613	2093	0
1614	2062	0
1615	2068	0
1616	2099	0
1617	2096	0
1618	2059	0
1619	2007	0
1620	1997	0
1621	2043	0
1622	2019	0
1623	1987	0
1624	1965	0
1625	1997	0
1626	2038	0
1627	1949	0
1628	2105	0
1629	2071	0
1630	2023	0
1631	1947	0
1632	1980	0
1633	1933	0
1634	1953	0
1635	1959	0
1636	1965	0
1637	1970	0
1638	1992	0
1639	1917	0
1640	1957	0
1641	1909	0
1642	1880	0
1643	2006	0
1644	1913	0
1645	1874	0
1646	1875	0
1647	1927	0
1648	1859	0
1649	1902	0
1650	1823	0
1651	1863	0
1652	1846	0
1653	1848	0
1654	1858	0
1655	1849	0
1656	1849	0
1657	1841	0
1658	1840	0
1659	1893	0
1660	1837	0
1661	1801	0
1662	1826	0
1663	1830	0
1664	1802	0
1665	1739	0
1666	1856	0
1667	1797	0
1668	1803	0
1669	1845	0
1670	1762	0
1671	1690	0
1672	1782	0
1673	1779	0
1674	1817	0
1675	1810	0
1676	1745	0
1677	1743	0
1678	1765	0
1679	1739	0
1680	1744	0
1681	1729	0
1682	1740	0
1683	1773	0
1684	1751	0
1685	1724	0
1686	1724	0
1687	1761	0
1688	1751	0
1689	1684	0
1690	1630	0
1691	1694	0
1692	1711	0
1693	1710	0
1694	1706	0
1695	1658	0
1696	1741	0
1697	1718	0
1698	1706	0
1699	1750	0
1700	1653	0
1701	1677	0
1702	1660	0
1703	1731	0
1704	1617	0
1705	1714	0
1706	1669	0
1707	1598	0
1708	1625	0
1709	1589	0
1710	1631	0
1711	1601	0
1712	1620	0
1713	1614	0
1714	1609	0
1715	1544	0
1716	1633	0
1717	1647	0
1718	1581	0
1719	1606	0
1720	1626	0
1721	1610	0
1722	1600	0
1723	1645	0
1724	1555	0
1725	1548	0
1726	1650	0
1727	1597	0
1728	1459	0
1729	1597	0
1730	1515	0
1731	1482	0
1732	1507	0
1733	1558	0
1734	1511	0
1735	1560	0
1736	1492	0
1737	1501	0
1738	1523	0
1739	1536	0
1740	1391	0
1741	1452	0
1742	1409	0
1743	1466	0
1744	1390	0
1745	1426	0
1746	1396	0
1747	1368	0
1748	1422	0
1749	1423	0
1750	1435	0
1751	1394	0
1752	1366	0
1753	1377	0
1754	1448	0
1755	1364	0
1756	1371	0
1757	1362	0
1758	1425	0
1759	1373	0
1760	1361	0
1761	1451	0
1762	1359	0
1763	1350	0
1764	1364	0
1765	1363	0
1766	1339	0
1767	1353	0
1768	1378	0
1769	1315	0
1770	1359	0
1771	1308	0
1772	1296	0
1773	1346	0
1774	1311	0
1775	1256	0
1776	1268	0
1777	1316	0
1778	1252	0
1779	1249	0
1780	1256	0
1781	1340	0
1782	1268	0
1783	1312	0
1784	1246	0
1785	1246	0
1786	1194	0
1787	1266	0
1788	1241	0
1789	1194	0
1790	1207	0
1791	1181	0
1792	1224	0
1793	1194	0
1794	1272	0
1795	1184	0
1796	1193	0
1797	1258	0
1798	1211	0
1799	1193	0
1800	1161	0
1801	1160	0
1802	1120	0
1803	1119	0
1804	1171	0
1805	1173	0
1806	1156	0
1807	1130	0
1808	1064	0
1809	1073	0
1810	1026	0
1811	1116	0
1812	1127	0
1813	1129	0
1814	1092	0
1815	1085	0
1816	1067	0
1817	1099	0
1818	1137	0
1819	1063	0
1820	1093	0
1821	1058	0
1822	1020	0
1823	1024	0
1824	1034	0
1825	985	0
1826	1042	0
1827	1056	0
1828	1040	0
1829	1038	0
1830	988	0
1831	981	0
1832	971	0
1833	1030	0
1834	971	0
1835	949	0
1836	1000	0
1837	934	0
1838	971	0
1839	1033	0
1840	1015	0
1841	980	0
1842	957	0
1843	967	0
1844	970	0
1845	973	0
1846	969	0
1847	957	0
1848	946	0
1849	974	0
1850	945	0
1851	947	0
1852	948	0
1853	968	0
1854	919	0
1855	897	0
1856	960	0
1857	889	0
1858	914	0
1859	929	0
1860	965	0
1861	881	0
1862	846	0
1863	895	0
1864	878	0
1865	943	0
1866	861	0
1867	835	0
1868	838	0
1869	869	0
1870	826	0
1871	880	0
1872	836	0
1873	879	0
1874	854	0
1875	796	0
1876	819	0
1877	834	0
1878	814	0
1879	770	0
1880	788	0
1881	820	0
1882	773	0
1883	797	0
1884	791	0
1885	764	0
1886	758	0
1887	761	0
1888	772	0
1889	794	0
1890	778	0
1891	790	0
1892	750	0
1893	753	0
1894	803	0
1895	700	0
1896	721	0
1897	685	0
1898	751	0
1899	704	0
1900	755	0
1901	731	0
1902	723	0
1903	715	0
1904	708	0
1905	699	0
1906	668	0
1907	718	0
1908	693	0
1909	707	0
1910	694	0
1911	711	0
1912	667	0
1913	659	0
1914	708	0
1915	661	0
1916	664	0
1917	671	0
1918	634	0
1919	643	0
1920	653	0
1921	671	0
1922	673	0
1923	632	0
1924	648	0
1925	652	0
1926	618	0
1927	623	0
1928	607	0
1929	651	0
1930	596	0
1931	611	0
1932	615	0
1933	605	0
1934	561	0
1935	570	0
1936	606	0
1937	600	0
1938	605	0
1939	576	0
1940	599	0
1941	566	0
1942	567	0
1943	590	0
1944	594	0
1945	544	0
1946	555	0
1947	552	0
1948	612	0
1949	578	0
1950	540	0
1951	495	0
1952	530	0
1953	536	0
1954	512	0
1955	551	0
1956	542	0
1957	563	0
1958	550	0
1959	541	0
1960	477	0
1961	504	0
1962	534	0
1963	452	0
1964	471	0
1965	497	0
1966	498	0
1967	519	0
1968	494	0
1969	524	0
1970	502	0
1971	500	0
1972	491	0
1973	468	0
1974	484	0
1975	512	0
1976	481	0
1977	446	0
1978	488	0
1979	453	0
1980	435	0
1981	449	0
1982	450	0
1983	421	0
1984	435	0
1985	435	0
1986	458	0
1987	464	0
1988	419	0
1989	436	0
1990	436	0
1991	422	0
1992	407	0
1993	411	0
1994	399	0
1995	430	0
1996	401	0
1997	416	0
1998	417	0
1999	414	0
2000	388	0
2001	400	0
2002	362	0
2003	363	0
2004	374	0
2005	383	0
2006	379	0
2007	389	0
2008	400	0
2009	378	0
2010	381	0
2011	389	0
2012	295	0
2013	326	0
2014	352	0
2015	368	0
2016	358	0
2017	389	0
2018	352	0
2019	351	0
2020	314	0
2021	364	0
2022	359	0
2023	345	0
2024	355	0
2025	372	0
2026	332	0
2027	340	0
2028	379	0
2029	359	0
2030	338	0
2031	343	0
2032	340	0
2033	320	0
2034	338	0
2035	345	0
2036	336	0
2037	359	0
2038	311	0
2039	327	0
2040	341	0
2041	308	0
2042	344	0
2043	337	0
2044	324	0
2045	347	0
2046	351	0
2047	321	0
2048	315	0
2049	307	0
2050	312	0
2051	315	0
2052	313	0
2053	300	0
2054	279	0
2055	290	0
2056	295	0
2057	330	0
2058	291	0
2059	346	0
2060	302	0
2061	324	0
2062	320	0
2063	281	0
2064	268	0
2065	333	0
2066	333	0
2067	283	0
2068	291	0
2069	280	0
2070	318	0
2071	295	0
2072	315	0
2073	287	0
2074	328	0
2075	263	0
2076	293	0
2077	283	0
2078	285	0
2079	299	0
2080	283	0
2081	282	0
2082	288	0
2083	254	0
2084	302	0
2085	260	0
2086	260	0
2087	284	0
2088	262	0
2089	281	0
2090	295	0
2091	265	0
2092	295	0
2093	269	0
2094	286	0
2095	281	0
2096	296	0
2097	262	0
2098	258	0
2099	290	0
2100	256	0
2101	258	0
2102	261	0
2103	275	0
2104	277	0
2105	266	0
2106	274	0
2107	250	0
2108	266	0
2109	244	0
2110	253	0
2111	228	0
2112	272	0
2113	232	0
2114	228	0
2115	236	0
2116	238	0
2117	256	0
2118	233	0
2119	254	0
2120	236	0
2121	230	0
2122	243	0
2123	242	0
2124	211	0
2125	229	0
2126	224	0
2127	216	0
2128	230	0
2129	227	0
2130	231	0
2131	234	0
2132	234	0
2133	210	0
2134	232	0
2135	253	0
2136	230	0
2137	251	0
2138	253	0
2139	221	0
2140	217	0
2141	210	0
2142	227	0
2143	211	0
2144	223	0
2145	219	0
2146	228	0
2147	244	0
2148	218	0
2149	232	0
2150	178	0
2151	230	0
2152	222	0
2153	217	0
2154	224	0
2155	246	0
2156	210	0
2157	228	0
2158	217	0
2159	220	0
2160	215	0
2161	216	0
2162	202	0
2163	204	0
2164	188	0
2165	218	0
2166	213	0
2167	206	0
2168	212	0
2169	207	0
2170	206	0
2171	192	0
2172	242	0
2173	209	0
2174	210	0
2175	221	0
2176	191	0
2177	198	0
2178	179	0
2179	195	0
2180	184	0
2181	181	0
2182	202	0
2183	190	0
2184	199	0
2185	190	0
2186	200	0
2187	202	0
2188	178	0
2189	171	0
2190	200	0
2191	185	0
2192	225	0
2193	188	0
2194	197	0
2195	175	0
2196	200	0
2197	179	0
2198	192	0
2199	182	0
2200	174	0
2201	202	0
2202	159	0
2203	194	0
2204	194	0
2205	200	0
2206	196	0
2207	194	0
2208	181	0
2209	181	0
2210	179	0
2211	176	0
2212	182	0
2213	188	0
2214	192	0
2215	180	0
2216	173	0
2217	192	0
2218	201	0
2219	187	0
2220	184	0
2221	168	0
2222	181	0
2223	159	0
2224	177	0
2225	192	0
2226	175	0
2227	185	0
2228	190	0
2229	216	0
2230	168	0
2231	184	0
2232	177	0
2233	173	0
2234	172	0
2235	188	0
2236	178	0
2237	168	0
2238	180	0
2239	165	0
2240	191	0
2241	172	0
2242	193	0
2243	182	0
2244	182	0
2245	190	0
2246	166	0
2247	161	0
2248	157	0
2249	169	0
2250	188	0
2251	144	0
2252	168	0
2253	145	0
2254	159	0
2255	172	0
2256	168	0
2257	146	0
2258	148	0
2259	148	0
2260	168	0
2261	170	0
2262	157	0
2263	174	0
2264	160	0
2265	161	0
2266	154	0
2267	138	0
2268	137	0
2269	143	0
2270	139	0
2271	158	0
2272	134	0
2273	148	0
2274	152	0
2275	154	0
2276	137	0
2277	158	0
2278	169	0
2279	139	0
2280	133	0
2281	169	0
2282	131	0
2283	133	0
2284	158	0
2285	143	0
2286	129	0
2287	128	0
2288	126	0
2289	147	0
2290	121	0
2291	133	0
2292	129	0
2293	129	0
2294	139	0
2295	170	0
2296	143	0
2297	146	0
2298	119	0
2299	131	0
2300	148	0
2301	147	0
2302	154	0
2303	113	0
2304	127	0
2305	122	0
2306	142	0
2307	145	0
2308	133	0
2309	137	0
2310	127	0
2311	136	0
2312	129	0
2313	149	0
2314	137	0
2315	140	0
2316	127	0
2317	140	0
2318	115	0
2319	129	0
2320	139	0
2321	112	0
2322	137	0
2323	141	0
2324	130	0
2325	149	0
2326	114	0
2327	134	0
2328	119	0
2329	139	0
2330	149	0
2331	109	0
2332	107	0
2333	123	0
2334	135	0
2335	132	0
2336	139	0
2337	133	0
2338	131	0
2339	139	0
2340	145	0
2341	110	0
2342	124	0
2343	105	0
2344	142	0
2345	130	0
2346	119	0
2347	131	0
2348	162	0
2349	148	0
2350	99	0
2351	129	0
2352	110	0
2353	129	0
2354	122	0
2355	111	0
2356	114	0
2357	114	0
2358	125	0
2359	126	0
2360	118	0
2361	109	0
2362	119	0
2363	106	0
2364	120	0
2365	118	0
2366	126	0
2367	121	0
2368	104	0
2369	130	0
2370	97	0
2371	106	0
2372	97	0
2373	107	0
2374	115	0
2375	142	0
2376	97	0
2377	100	0
2378	119	0
2379	101	0
2380	128	0
2381	111	0
2382	101	0
2383	99	0
2384	126	0
2385	105	0
2386	101	0
2387	106	0
2388	106	0
2389	111	0
2390	92	0
2391	97	0
2392	101	0
2393	127	0
2394	95	0
2395	111	0
2396	114	0
2397	80	0
2398	129	0
2399	118	0
2400	102	0
2401	98	0
2402	113	0
2403	116	0
2404	125	0
2405	112	0
2406	89	0
2407	106	0
2408	93	0
2409	130	0
2410	101	0
2411	84	0
2412	93	0
2413	120	0
2414	96	0
2415	100	0
2416	97	0
2417	124	0
2418	107	0
2419	107	0
2420	102	0
2421	104	0
2422	96	0
2423	90	0
2424	93	0
2425	105	0
2426	99	0
2427	99	0
2428	89	0
2429	107	0
2430	108	0
2431	103	0
2432	101	0
2433	108	0
2434	84	0
2435	119	0
2436	94	0
2437	101	0
2438	106	0
2439	94	0
2440	99	0
2441	94	0
2442	117	0
2443	106	0
2444	102	0
2445	106	0
2446	79	0
2447	86	0
2448	101	0
2449	111	0
2450	112	0
2451	97	0
2452	95	0
2453	88	0
2454	97	0
2455	97	0
2456	93	0
2457	91	0
2458	95	0
2459	98	0
2460	107	0
2461	84	0
2462	94	0
2463	71	0
2464	80	0
2465	98	0
2466	84	0
2467	89	0
2468	97	0
2469	84	0
2470	101	0
2471	92	0
2472	98	0
2473	99	0
2474	85	0
2475	86	0
2476	64	0
2477	80	0
2478	88	0
2479	100	0
2480	87	0
2481	76	0
2482	77	0
2483	86	0
2484	82	0
2485	76	0
2486	67	0
2487	77	0
2488	77	0
2489	72	0
2490	68	0
2491	97	0
2492	90	0
2493	98	0
2494	70	0
2495	76	0
2496	77	0
2497	85	0
2498	85	0
2499	92	0
2500	65	0
2501	83	0
2502	101	0
2503	84	0
2504	84	0
2505	86	0
2506	88	0
2507	82	0
2508	86	0
2509	75	0
2510	99	0
2511	91	0
2512	82	0
2513	98	0
2514	95	0
2515	88	0
2516	86	0
2517	85	0
2518	90	0
2519	74	0
2520	101	0
2521	108	0
2522	91	0
2523	84	0
2524	90	0
2525	81	0
2526	88	0
2527	91	0
2528	94	0
2529	97	0
2530	82	0
2531	109	0
2532	91	0
2533	98	0
2534	83	0
2535	80	0
2536	92	0
2537	95	0
2538	91	0
2539	107	0
2540	101	0
2541	92	0
2542	96	0
2543	63	0
2544	91	0
2545	87	0
2546	87	0
2547	78	0
2548	95	0
2549	83	0
2550	90	0
2551	97	0
2552	75	0
2553	84	0
2554	69	0
2555	92	0
2556	95	0
2557	73	0
2558	75	0
2559	81	0
2560	84	0
2561	90	0
2562	94	0
2563	74	0
2564	89	0
2565	88	0
2566	101	0
2567	79	0
2568	88	0
2569	82	0
2570	91	0
2571	82	0
2572	89	0
2573	90	0
2574	65	0
2575	90	0
2576	85	0
2577	74	0
2578	77	0
2579	89	0
2580	73	0
2581	91	0
2582	82	0
2583	80	0
2584	84	0
2585	84	0
2586	102	0
2587	92	0
2588	90	0
2589	88	0
2590	56	0
2591	83	0
2592	95	0
2593	83	0
2594	91	0
2595	84	0
2596	72	0
2597	90	0
2598	91	0
2599	97	0
2600	94	0
2601	95	0
2602	95	0
2603	92	0
2604	75	0
2605	98	0
2606	102	0
2607	71	0
2608	71	0
2609	84	0
2610	78	0
2611	111	0
2612	89	0
2613	85	0
2614	75	0
2615	73	0
2616	92	0
2617	68	0
2618	96	0
2619	75	0
2620	100	0
2621	70	0
2622	94	0
2623	74	0
2624	82	0
2625	88	0
2626	81	0
2627	78	0
2628	102	0
2629	84	0
2630	104	0
2631	82	0
2632	70	0
2633	91	0
2634	88	0
2635	96	0
2636	92	0
2637	95	0
2638	77	0
2639	85	0
2640	87	0
2641	89	0
2642	88	0
2643	62	0
2644	85	0
2645	73	0
2646	86	0
2647	70	0
2648	76	0
2649	76	0
2650	77	0
2651	92	0
2652	88	0
2653	76	0
2654	79	0
2655	73	0
2656	74	0
2657	96	0
2658	81	0
2659	85	0
2660	83	0
2661	80	0
2662	82	0
2663	75	0
2664	92	0
2665	85	0
2666	86	0
2667	78	0
2668	76	0
2669	93	0
2670	86	0
2671	78	0
2672	81	0
2673	67	0
2674	78	0
2675	86	0
2676	73	0
2677	68	0
2678	73	0
2679	65	0
2680	65	0
2681	73	0
2682	78	0
2683	69	0
2684	85	0
2685	73	0
2686	88	0
2687	76	0
2688	69	0
2689	84	0
2690	81	0
2691	78	0
2692	71	0
2693	67	0
2694	80	0
2695	69	0
2696	72	0
2697	62	0
2698	83	0
2699	67	0
2700	68	0
2701	74	0
2702	73	0
2703	67	0
2704	73	0
2705	74	0
2706	75	0
2707	63	0
2708	62	0
2709	73	0
2710	76	0
2711	61	0
2712	68	0
2713	79	0
2714	82	0
2715	77	0
2716	65	0
2717	69	0
2718	76	0
2719	71	0
2720	73	0
2721	60	0
2722	70	0
2723	68	0
2724	69	0
2725	64	0
2726	64	0
2727	73	0
2728	73	0
2729	61	0
2730	71	0
2731	61	0
2732	64	0
2733	60	0
2734	59	0
2735	74	0
2736	75	0
2737	63	0
2738	62	0
2739	80	0
2740	78	0
2741	67	0
2742	66	0
2743	72	0
2744	52	0
2745	66	0
2746	79	0
2747	68	0
2748	74	0
2749	74	0
2750	57	0
2751	55	0
2752	66	0
2753	77	0
2754	71	0
2755	76	0
2756	71	0
2757	73	0
2758	81	0
2759	64	0
2760	66	0
2761	80	0
2762	64	0
2763	60	0
2764	63	0
2765	61	0
2766	75	0
2767	59	0
2768	67	0
2769	65	0
2770	55	0
2771	66	0
2772	75	0
2773	76	0
2774	60	0
2775	53	0
2776	69	0
2777	55	0
2778	76	0
2779	58	0
2780	49	0
2781	58	0
2782	69	0
2783	51	0
2784	74	0
2785	67	0
2786	66	0
2787	76	0
2788	52	0
2789	65	0
2790	50	0
2791	60	0
2792	55	0
2793	67	0
2794	71	0
2795	63	0
2796	60	0
2797	62	0
2798	73	0
2799	64	0
2800	62	0
2801	61	0
2802	54	0
2803	70	0
2804	56	0
2805	56	0
2806	49	0
2807	51	0
2808	45	0
2809	79	0
2810	55	0
2811	66	0
2812	58	0
2813	66	0
2814	70	0
2815	60	0
2816	61	0
2817	67	0
2818	68	0
2819	57	0
2820	65	0
2821	49	0
2822	71	0
2823	60	0
2824	65	0
2825	69	0
2826	59	0
2827	57	0
2828	61	0
2829	58	0
2830	63	0
2831	62	0
2832	57	0
2833	59	0
2834	45	0
2835	44	0
2836	61	0
2837	49	0
2838	56	0
2839	44	0
2840	55	0
2841	43	0
2842	71	0
2843	58	0
2844	63	0
2845	46	0
2846	51	0
2847	60	0
2848	56	0
2849	71	0
2850	45	0
2851	51	0
2852	55	0
2853	64	0
2854	52	0
2855	52	0
2856	61	0
2857	47	0
2858	62	0
2859	54	0
2860	55	0
2861	55	0
2862	54	0
2863	51	0
2864	67	0
2865	42	0
2866	50	0
2867	50	0
2868	57	0
2869	51	0
2870	46	0
2871	61	0
2872	55	0
2873	61	0
2874	46	0
2875	40	0
2876	47	0
2877	33	0
2878	53	0
2879	38	0
2880	46	0
2881	55	0
2882	57	0
2883	43	0
2884	43	0
2885	57	0
2886	45	0
2887	55	0
2888	49	0
2889	48	0
2890	41	0
2891	48	0
2892	56	0
2893	38	0
2894	50	0
2895	47	0
2896	45	0
2897	60	0
2898	47	0
2899	54	0
2900	58	0
2901	44	0
2902	37	0
2903	44	0
2904	52	0
2905	46	0
2906	54	0
2907	42	0
2908	52	0
2909	47	0
2910	58	0
2911	50	0
2912	56	0
2913	41	0
2914	54	0
2915	48	0
2916	42	0
2917	51	0
2918	49	0
2919	40	0
2920	49	0
2921	47	0
2922	49	0
2923	44	0
2924	53	0
2925	45	0
2926	36	0
2927	49	0
2928	47	0
2929	46	0
2930	47	0
2931	54	0
2932	53	0
2933	42	0
2934	48	0
2935	47	0
2936	36	0
2937	57	0
2938	42	0
2939	52	0
2940	39	0
2941	53	0
2942	46	0
2943	42	0
2944	38	0
2945	41	0
2946	40	0
2947	54	0
2948	40	0
2949	44	0
2950	43	0
2951	46	0
2952	45	0
2953	50	0
2954	42	0
2955	43	0
2956	46	0
2957	46	0
2958	43	0
2959	49	0
2960	41	0
2961	50	0
2962	43	0
2963	63	0
2964	39	0
2965	54	0
2966	55	0
2967	52	0
2968	36	0
2969	52	0
2970	39	0
2971	47	0
2972	40	0
2973	48	0
2974	42	0
2975	36	0
2976	56	0
2977	39	0
2978	42	0
2979	38	0
2980	59	0
2981	48	0
2982	39	0
2983	42	0
2984	56	0
2985	36	0
2986	46	0
2987	33	0
2988	47	0
2989	45	0
2990	34	0
2991	36	0
2992	39	0
2993	47	0
2994	40	0
2995	37	0
2996	38	0
2997	49	0
2998	46	0
2999	42	0
3000	43	0
3001	35	0
3002	35	0
3003	47	0
3004	47	0
3005	39	0
3006	40	0
3007	55	0
3008	42	0
3009	30	0
3010	36	0
3011	39	0
3012	40	0
3013	31	0
3014	38	0
3015	39	0
3016	52	0
3017	41	0
3018	39	0
3019	34	0
3020	28	0
3021	49	0
3022	31	0
3023	28	0
3024	39	0
3025	29	0
3026	31	0
3027	31	0
3028	35	0
3029	29	0
3030	29	0
3031	32	0
3032	24	0
3033	38	0
3034	33	0
3035	47	0
3036	42	0
3037	38	0
3038	35	0
3039	45	0
3040	32	0
3041	31	0
3042	38	0
3043	26	0
3044	41	0
3045	39	0
3046	31	0
3047	34	0
3048	33	0
3049	34	0
3050	32	0
3051	33	0
3052	31	0
3053	35	0
3054	27	0
3055	23	0
3056	28	0
3057	20	0
3058	38	0
3059	29	0
3060	28	0
3061	30	0
3062	26	0
3063	25	0
3064	18	0
3065	22	0
3066	22	0
3067	20	0
3068	35	0
3069	24	0
3070	20	0
3071	29	0
3072	27	0
3073	24	0
3074	29	0
3075	18	0
3076	28	0
3077	24	0
3078	24	0
3079	24	0
3080	20	0
3081	24	0
3082	27	0
3083	27	0
3084	31	0
3085	27	0
3086	26	0
3087	27	0
3088	24	0
3089	26	0
3090	25	0
3091	26	0
3092	29	0
3093	19	0
3094	19	0
3095	20	0
3096	18	0
3097	14	0
3098	36	0
3099	19	0
3100	25	0
3101	26	0
3102	25	0
3103	27	0
3104	26	0
3105	25	0
3106	27	0
3107	17	0
3108	24	0
3109	28	0
3110	22	0
3111	23	0
3112	22	0
3113	29	0
3114	23	0
3115	25	0
3116	32	0
3117	24	0
3118	16	0
3119	35	0
3120	23	0
3121	23	0
3122	22	0
3123	20	0
3124	21	0
3125	22	0
3126	17	0
3127	23	0
3128	15	0
3129	17	0
3130	26	0
3131	16	0
3132	23	0
3133	15	0
3134	16	0
3135	21	0
3136	19	0
3137	21	0
3138	22	0
3139	13	0
3140	21	0
3141	22	0
3142	18	0
3143	13	0
3144	13	0
3145	14	0
3146	10	0
3147	15	0
3148	27	0
3149	17	0
3150	19	0
3151	12	0
3152	13	0
3153	20	0
3154	15	0
3155	17	0
3156	14	0
3157	20	0
3158	15	0
3159	13	0
3160	10	0
3161	11	0
3162	11	0
3163	13	0
3164	10	0
3165	18	0
3166	12	0
3167	20	0
3168	13	0
3169	18	0
3170	11	0
3171	15	0
3172	9	0
3173	11	0
3174	13	0
3175	15	0
3176	21	0
3177	12	0
3178	10	0
3179	11	0
3180	14	0
3181	9	0
3182	10	0
3183	7	0
3184	14	0
3185	9	0
3186	12	0
3187	11	0
3188	12	0
3189	14	0
3190	10	0
3191	11	0
3192	20	0
3193	13	0
3194	12	0
3195	14	0
3196	12	0
3197	8	0
3198	9	0
3199	7	0
3200	9	0
3201	7	0
3202	9	0
3203	9	0
3204	8	0
3205	11	0
3206	10	0
3207	13	0
3208	7	0
3209	7	0
3210	7	0
3211	9	0
3212	5	0
3213	6	0
3214	10	0
3215	4	0
3216	18	0
3217	13	0
3218	8	0
3219	5	0
3220	14	0
3221	6	0
3222	7	0
3223	4	0
3224	13	0
3225	11	0
3226	4	0
3227	4	0
3228	7	0
3229	9	0
3230	6	0
3231	7	0
3232	9	0
3233	8	0
3234	7	0
3235	6	0
3236	5	0
3237	9	0
3238	9	0
3239	2	0
3240	4	0
3241	2	0
3242	5	0
3243	0	0
3244	3	0
3245	3	0
3246	5	0
3247	3	0
3248	2	0
3249	5	0
3250	3	0
3251	5	0
3252	5	0
3253	6	0
3254	5	0
3255	6	0
3256	7	0
3257	2	0
3258	7	0
3259	7	0
3260	4	0
3261	3	0
3262	3	0
3263	4	0
3264	4	0
3265	4	0
3266	4	0
3267	3	0
3268	6	0
3269	8	0
3270	4	0
3271	8	0
3272	7	0
3273	6	0
3274	1	0
3275	3	0
3276	3	0
3277	8	0
3278	2	0
3279	10	0
3280	2	0
3281	3	0
3282	6	0
3283	3	0
3284	8	0
3285	2	0
3286	6	0
3287	3	0
3288	4	0
3289	4	0
3290	6	0
3291	3	0
3292	8	0
3293	4	0
3294	3	0
3295	6	0
3296	7	0
3297	2	0
3298	3	0
3299	0	0
3300	1	0
3301	2	0
3302	5	0
3303	4	0
3304	2	0
3305	3	0
3306	6	0
3307	2	0
3308	2	0
3309	5	0
3310	2	0
3311	3	0
3312	2	0
3313	5	0
3314	3	0
3315	4	0
3316	2	0
3317	3	0
3318	7	0
3319	4	0
3320	5	0
3321	0	0
3322	1	0
3323	1	0
3324	1	0
3325	8	0
3326	3	0
3327	4	0
3328	3	0
3329	2	0
3330	3	0
3331	2	0
3332	4	0
3333	3	0
3334	2	0
3335	4	0
3336	4	0
3337	5	0
3338	3	0
3339	0	0
3340	2	0
3341	3	0
3342	3	0
3343	8	0
3344	9	0
3345	6	0
3346	5	0
3347	5	0
3348	5	0
3349	0	0
3350	5	0
3351	2	0
3352	3	0
3353	3	0
3354	1	0
3355	3	0
3356	1	0
3357	3	0
3358	1	0
3359	3	0
3360	4	0
3361	1	0
3362	6	0
3363	3	0
3364	0	0
3365	1	0
3366	1	0
3367	4	0
3368	1	0
3369	3	0
3370	2	0
3371	6	0
3372	1	0
3373	1	0
3374	2	0
3375	3	0
3376	1	0
3377	1	0
3378	3	0
3379	2	0
3380	2	0
3381	0	0
3382	3	0
3383	1	0
3384	1	0
3385	1	0
3386	1	0
3387	3	0
3388	1	0
3389	1	0
3390	0	0
3391	0	0
3392	2	0
3393	1	0
3394	1	0
3395	0	0
3396	1	0
3397	0	0
3398	1	0
3399	1	0
3400	4	0
3401	2	0
3402	1	0
3403	1	0
3404	1	0
3405	3	0
3406	0	0
3407	1	0
3408	0	0
3409	1	0
3410	1	0
3411	1	0
3412	3	0
3413	0	0
3414	2	0
3415	1	0
3416	3	0
3417	1	0
3418	0	0
3419	1	0
3420	2	0
3421	0	0
3422	4	0
3423	1	0
3424	2	0
3425	1	0
3426	1	0
3427	1	0
3428	1	0
3429	0	0
3430	1	0
3431	1	0
3432	4	0
3433	1	0
3434	2	0
3435	2	0
3436	1	0
3437	0	0
3438	0	0
3439	1	0
3440	1	0
3441	0	0
3442	1	0
3443	3	0
3444	3	0
3445	1	0
3446	1	0
3447	1	0
3448	0	0
3449	3	0
3450	1	0
3451	2	0
3452	0	0
3453	1	0
3454	2	0
3455	1	0
3456	0	0
3457	1	0
3458	2	0
3459	2	0
3460	5	0
3461	3	0
3462	0	0
3463	0	0
3464	0	0
3465	3	0
3466	0	0
3467	0	0
3468	0	0
3469	1	0
3470	2	0
3471	0	0
3472	0	0
3473	0	0
3474	0	0
3475	0	0
3476	0	0
3477	1	0
3478	2	0
3479	3	0
3480	2	0
3481	0	0
3482	0	0
3483	2	0
3484	0	0
3485	2	0
3486	0	0
3487	1	0
3488	1	0
3489	1	0
3490	0	0
3491	1	0
3492	1	0
3493	3	0
3494	2	0
3495	0	0
3496	1	0
3497	1	0
3498	0	0
3499	1	0
3500	1	0
3501	1	0
3502	1	0
3503	0	0
3504	0	0
3505	0	0
3506	0	0
3507	0	0
3508	0	0
3509	0	0
3510	0	0
3511	2	0
3512	2	0
3513	1	0
3514	0	0
3515	1	0
3516	0	0
3517	0	0
3518	1	0
3519	0	0
3520	0	0
3521	0	0
3522	2	0
3523	0	0
3524	0	0
3525	0	0
3526	1	0
3527	0	0
3528	0	0
3529	0	0
3530	1	0
3531	0	0
3532	1	0
3533	1	0
3534	1	0
3535	0	0
3536	1	0
3537	0	0
3538	0	0
3539	1	0
3540	2	0
3541	1	0
3542	0	0
3543	0	0
3544	1	0
3545	1	0
3546	0	0
3547	0	0
3548	1	0
3549	0	0
3550	0	0
3551	1	0
3552	0	0
3553	1	0
3554	1	0
3555	0	0
3556	1	0
3557	2	0
3558	1	0
3559	0	0
3560	1	0
3561	0	0
3562	0	0
3563	0	0
3564	2	0
3565	3	0
3566	0	0
3567	0	0
3568	0	0
3569	1	0
3570	0	0
3571	0	0
3572	1	0
3573	0	0
3574	0	0
3575	0	0
3576	2	0
3577	1	0
3578	0	0
3579	2	0
3580	1	0
3581	1	0
3582	0	0
3583	0	0
3584	1	0
3585	1	0
3586	0	0
3587	0	0
3588	1	0
3589	1	0
3590	1	0
3591	1	0
3592	1	0
3593	0	0
3594	1	0
3595	0	0
3596	1	0
3597	2	0
3598	0	0
3599	1	0
3600	0	0
3601	0	0
3602	0	0
3603	2	0
3604	0	0
3605	3	0
3606	0	0
3607	0	0
3608	0	0
3609	1	0
3610	1	0
3611	1	0
3612	1	0
3613	0	0
3614	1	0
3615	0	0
3616	0	0
3617	2	0
3618	0	0
3619	0	0
3620	1	0
3621	1	0
3622	1	0
3623	1	0
3624	0	0
3625	0	0
3626	1	0
3627	0	0
3628	1	0
3629	0	0
3630	1	0
3631	1	0
3632	0	0
3633	0	0
3634	1	0
3635	0	0
3636	1	0
3637	2	0
3638	0	0
3639	1	0
3640	1	0
3641	1	0
3642	1	0
3643	1	0
3644	1	0
3645	0	0
3646	0	0
3647	0	0
3648	1	0
3649	1	0
3650	3	0
3651	2	0
3652	1	0
3653	1	0
3654	1	0
3655	1	0
3656	2	0
3657	2	0
3658	0	0
3659	0	0
3660	2	0
3661	1	0
3662	1	0
3663	2	0
3664	1	0
3665	1	0
3666	1	0
3667	2	0
3668	0	0
3669	1	0
3670	0	0
3671	0	0
3672	1	0
3673	0	0
3674	1	0
3675	1	0
3676	2	0
3677	1	0
3678	0	0
3679	1	0
3680	0	0
3681	1	0
3682	1	0
3683	2	0
3684	1	0
3685	2	0
3686	0	0
3687	0	0
3688	0	0
3689	1	0
3690	2	0
3691	1	0
3692	1	0
3693	0	0
3694	0	0
3695	1	0
3696	0	0
3697	0	0
3698	1	0
3699	1	0
3700	1	0
3701	1	0
3702	1	0
3703	1	0
3704	2	0
3705	0	0
3706	2	0
3707	2	0
3708	2	0
3709	1	0
3710	1	0
3711	1	0
3712	0	0
3713	1	0
3714	1	0
3715	0	0
3716	0	0
3717	1	0
3718	1	0
3719	3	0
3720	0	0
3721	0	0
3722	0	0
3723	1	0
3724	2	0
3725	0	0
3726	1	0
3727	0	0
3728	0	0
3729	1	0
3730	0	0
3731	0	0
3732	1	0
3733	3	0
3734	0	0
3735	0	0
3736	2	0
3737	0	0
3738	2	0
3739	1	0
3740	0	0
3741	0	0
3742	1	0
3743	1	0
3744	1	0
3745	0	0
3746	1	0
3747	2	0
3748	1	0
3749	0	0
3750	0	0
3751	1	0
3752	2	0
3753	1	0
3754	0	0
3755	1	0
3756	0	0
3757	1	0
3758	0	0
3759	1	0
3760	0	0
3761	1	0
3762	1	0
3763	1	0
3764	3	0
3765	1	0
3766	2	0
3767	0	0
3768	0	0
3769	0	0
3770	0	0
3771	2	0
3772	1	0
3773	1	0
3774	0	0
3775	0	0
3776	1	0
3777	1	0
3778	1	0
3779	0	0
3780	1	0
3781	2	0
3782	0	0
3783	1	0
3784	0	0
3785	0	0
3786	0	0
3787	0	0
3788	2	0
3789	2	0
3790	1	0
3791	0	0
3792	2	0
3793	0	0
3794	0	0
3795	2	0
3796	0	0
3797	1	0
3798	2	0
3799	3	0
3800	1	0
3801	1	0
3802	0	0
3803	2	0
3804	0	0
3805	0	0
3806	2	0
3807	0	0
3808	1	0
3809	0	0
3810	3	0
3811	2	0
3812	0	0
3813	2	0
3814	0	0
3815	0	0
3816	1	0
3817	1	0
3818	1	0
3819	4	0
3820	0	0
3821	0	0
3822	1	0
3823	1	0
3824	1	0
3825	0	0
3826	0	0
3827	2	0
3828	0	0
3829	1	0
3830	1	0
3831	1	0
3832	0	0
3833	2	0
3834	0	0
3835	2	0
3836	2	0
3837	0	0
3838	1	0
3839	0	0
3840	0	0
3841	0	0
3842	1	0
3843	0	0
3844	2	0
3845	1	0
3846	1	0
3847	3	0
3848	2	0
3849	3	0
3850	0	0
3851	0	0
3852	2	0
3853	0	0
3854	0	0
3855	1	0
3856	0	0
3857	2	0
3858	1	0
3859	2	0
3860	0	0
3861	0	0
3862	1	0
3863	2	0
3864	0	0
3865	0	0
3866	1	0
3867	2	0
3868	0	0
3869	2	0
3870	2	0
3871	0	0
3872	1	0
3873	1	0
3874	0	0
3875	1	0
3876	3	0
3877	0	0
3878	2	0
3879	1	0
3880	4	0
3881	0	0
3882	0	0
3883	1	0
3884	2	0
3885	3	0
3886	3	0
3887	0	0
3888	0	0
3889	1	0
3890	1	0
3891	0	0
3892	2	0
3893	0	0
3894	1	0
3895	3	0
3896	2	0
3897	2	0
3898	2	0
3899	0	0
3900	0	0
3901	2	0
3902	0	0
3903	2	0
3904	0	0
3905	1	0
3906	1	0
3907	2	0
3908	3	0
3909	1	0
3910	2	0
3911	1	0
3912	1	0
3913	0	0
3914	2	0
3915	1	0
3916	0	0
3917	1	0
3918	2	0
3919	1	0
3920	1	0
3921	0	0
3922	1	0
3923	1	0
3924	0	0
3925	3	0
3926	0	0
3927	0	0
3928	1	0
3929	0	0
3930	3	0
3931	1	0
3932	1	0
3933	1	0
3934	3	0
3935	0	0
3936	3	0
3937	2	0
3938	2	0
3939	1	0
3940	0	0
3941	2	0
3942	3	0
3943	2	0
3944	1	0
3945	1	0
3946	1	0
3947	1	0
3948	1	0
3949	1	0
3950	0	0
3951	0	0
3952	0	0
3953	1	0
3954	0	0
3955	2	0
3956	1	0
3957	2	0
3958	0	0
3959	2	0
3960	0	0
3961	0	0
3962	1	0
3963	0	0
3964	1	0
3965	0	0
3966	1	0
3967	0	0
3968	1	0
3969	1	0
3970	0	0
3971	1	0
3972	0	0
3973	0	0
3974	0	0
3975	1	0
3976	1	0
3977	1	0
3978	0	0
3979	1	0
3980	0	0
3981	0	0
3982	0	0
3983	0	0
3984	3	0
3985	1	0
3986	0	0
3987	1	0
3988	0	0
3989	0	0
3990	0	0
3991	0	0
3992	1	0
3993	1	0
3994	1	0
3995	0	0
3996	0	0
3997	1	0
3998	1	0
3999	0	0
4000	0	0
4001	2	0
4002	0	0
4003	2	0
4004	0	0
4005	0	0
4006	2	0
4007	0	0
4008	2	0
4009	0	0
4010	1	0
4011	0	0
4012	0	0
4013	1	0
4014	0	0
4015	2	0
4016	1	0
4017	1	0
4018	0	0
4019	1	0
4020	0	0
4021	0	0
4022	0	0
4023	0	0
4024	0	0
4025	1	0
4026	1	0
4027	1	0
4028	0	0
4029	0	0
4030	0	0
4031	0	0
4032	2	0
4033	1	0
4034	0	0
4035	1	0
4036	1	0
4037	0	0
4038	0	0
4039	0	0
4040	0	0
4041	1	0
4042	0	0
4043	1	0
4044	2	0
4045	0	0
4046	1	0
4047	0	0
4048	1	0
4049	1	0
4050	0	0
4051	2	0
4052	0	0
4053	1	0
4054	1	0
4055	0	0
4056	0	0
4057	1	0
4058	1	0
4059	1	0
4060	0	0
4061	0	0
4062	1	0
4063	0	0
4064	0	0
4065	1	0
4066	0	0
4067	0	0
4068	0	0
4069	1	0
4070	0	0
4071	1	0
4072	0	0
4073	1	0
4074	1	0
4075	0	0
4076	1	0
4077	1	0
4078	1	0
4079	0	0
4080	0	0
4081	1	0
4082	0	0
4083	0	0
4084	0	0
4085	0	0
4086	0	0
4087	1	0
4088	0	0
4089	0	0
4090	1	0
4091	0	0
4092	0	0
4093	1	0
4094	0	0
4095	0	0
4096	1	0
4097	0	0
4098	0	0
4099	1	0
4100	0	0
4101	0	0
4102	0	0
4103	1	0
4104	0	0
4105	0	0
4106	0	0
4107	0	0
4108	0	0
4109	0	0
4110	2	0
4111	1	0
4112	1	0
4113	0	0
4114	0	0
4115	0	0
4116	0	0
4117	2	0
4118	0	0
4119	0	0
4120	0	0
4121	0	0
4122	0	0
4123	0	0
4124	1	0
4125	1	0
4126	0	0
4127	0	0
4128	1	0
4129	0	0
4130	0	0
4131	1	0
4132	2	0
4133	0	0
4134	0	0
4135	0	0
4136	0	0
4137	0	0
4138	0	0
4139	2	0
4140	0	0
4141	2	0
4142	0	0
4143	0	0
4144	1	0
4145	0	0
4146	0	0
4147	0	0
4148	1	0
4149	0	0
4150	0	0
4151	1	0
4152	0	0
4153	2	0
4154	0	0
4155	0	0
4156	1	0
4157	0	0
4158	1	0
4159	0	0
4160	0	0
4161	1	0
4162	1	0
4163	1	0
4164	0	0
4165	1	0
4166	0	0
4167	0	0
4168	0	0
4169	1	0
4170	0	0
4171	0	0
4172	1	0
4173	0	0
4174	0	0
4175	0	0
4176	0	0
4177	0	0
4178	1	0
4179	1	0
4180	0	0
4181	0	0
4182	0	0
4183	0	0
4184	0	0
4185	0	0
4186	0	0
4187	1	0
4188	1	0
4189	0	0
4190	0	0
4191	0	0
4192	1	0
4193	1	0
4194	1	0
4195	0	0
4196	0	0
4197	1	0
4198	1	0
4199	0	0
4200	1	0
4201	1	0
4202	2	0
4203	2	0
4204	0	0
4205	1	0
4206	0	0
4207	0	0
4208	0	0
4209	1	0
4210	0	0
4211	0	0
4212	0	0
4213	1	0
4214	0	0
4215	1	0
4216	1	0
4217	0	0
4218	0	0
4219	0	0
4220	1	0
4221	0	0
4222	0	0
4223	1	0
4224	2	0
4225	0	0
4226	0	0
4227	3	0
4228	0	0
4229	0	0
4230	0	0
4231	1	0
4232	0	0
4233	0	0
4234	1	0
4235	1	0
4236	1	0
4237	1	0
4238	0	0
4239	0	0
4240	0	0
4241	1	0
4242	0	0
4243	3	0
4244	1	0
4245	0	0
4246	1	0
4247	2	0
4248	0	0
4249	0	0
4250	0	0
4251	0	0
4252	1	0
4253	1	0
4254	1	0
4255	1	0
4256	0	0
4257	0	0
4258	0	0
4259	0	0
4260	1	0
4261	1	0
4262	0	0
4263	1	0
4264	0	0
4265	0	0
4266	0	0
4267	0	0
4268	1	0
4269	1	0
4270	0	0
4271	2	0
4272	0	0
4273	0	0
4274	0	0
4275	0	0
4276	2	0
4277	0	0
4278	2	0
4279	0	0
4280	1	0
4281	1	0
4282	0	0
4283	1	0
4284	2	0
4285	0	0
4286	0	0
4287	0	0
4288	0	0
4289	0	0
4290	0	0
4291	0	0
4292	0	0
4293	0	0
4294	0	0
4295	1	0
4296	0	0
4297	0	0
4298	1	0
4299	1	0
4300	0	0
4301	1	0
4302	0	0
4303	0	0
4304	1	0
4305	0	0
4306	1	0
4307	3	0
4308	0	0
4309	0	0
4310	0	0
4311	1	0
4312	0	0
4313	0	0
4314	0	0
4315	0	0
4316	0	0
4317	1	0
4318	2	0
4319	0	0
4320	0	0
4321	0	0
4322	0	0
4323	0	0
4324	0	0
4325	0	0
4326	1	0
4327	2	0
4328	1	0
4329	3	0
4330	0	0
4331	2	0
4332	0	0
4333	0	0
4334	0	0
4335	1	0
4336	0	0
4337	0	0
4338	0	0
4339	0	0
4340	1	0
4341	0	0
4342	1	0
4343	1	0
4344	1	0
4345	0	0
4346	1	0
4347	0	0
4348	1	0
4349	0	0
4350	0	0
4351	1	0
4352	1	0
4353	2	0
4354	0	0
4355	0	0
4356	1	0
4357	1	0
4358	0	0
4359	0	0
4360	0	0
4361	1	0
4362	1	0
4363	0	0
4364	0	0
4365	1	0
4366	1	0
4367	2	0
4368	0	0
4369	0	0
4370	1	0
4371	0	0
4372	0	0
4373	1	0
4374	2	0
4375	3	0
4376	0	0
4377	0	0
4378	2	0
4379	0	0
4380	1	0
4381	2	0
4382	1	0
4383	0	0
4384	2	0
4385	0	0
4386	1	0
4387	1	0
4388	1	0
4389	0	0
4390	0	0
4391	0	0
4392	0	0
4393	0	0
4394	1	0
4395	0	0
4396	1	0
4397	0	0
4398	1	0
4399	0	0
4400	0	0
4401	0	0
4402	3	0
4403	1	0
4404	1	0
4405	0	0
4406	0	0
4407	1	0
4408	0	0
4409	1	0
4410	0	0
4411	1	0
4412	0	0
4413	2	0
4414	0	0
4415	1	0
4416	1	0
4417	1	0
4418	0	0
4419	0	0
4420	2	0
4421	2	0
4422	2	0
4423	0	0
4424	1	0
4425	2	0
4426	0	0
4427	2	0
4428	0	0
4429	3	0
4430	0	0
4431	1	0
4432	2	0
4433	0	0
4434	0	0
4435	1	0
4436	1	0
4437	0	0
4438	3	0
4439	0	0
4440	2	0
4441	0	0
4442	0	0
4443	0	0
4444	2	0
4445	2	0
4446	0	0
4447	0	0
4448	2	0
4449	1	0
4450	1	0
4451	2	0
4452	0	0
4453	2	0
4454	1	0
4455	2	0
4456	1	0
4457	1	0
4458	1	0
4459	2	0
4460	0	0
4461	3	0
4462	1	0
4463	2	0
4464	0	0
4465	0	0
4466	1	0
4467	2	0
4468	0	0
4469	2	0
4470	0	0
4471	1	0
4472	2	0
4473	1	0
4474	0	0
4475	2	0
4476	5	0
4477	2	0
4478	0	0
4479	0	0
4480	0	0
4481	0	0
4482	1	0
4483	0	0
4484	0	0
4485	0	0
4486	2	0
4487	1	0
4488	0	0
4489	1	0
4490	0	0
4491	1	0
4492	1	0
4493	2	0
4494	0	0
4495	1	0
4496	1	0
4497	0	0
4498	1	0
4499	0	0
4500	1	0
4501	1	0
4502	0	0
4503	2	0
4504	0	0
4505	0	0
4506	0	0
4507	3	0
4508	0	0
4509	1	0
4510	0	0
4511	1	0
4512	2	0
4513	1	0
4514	1	0
4515	0	0
4516	0	0
4517	2	0
4518	0	0
4519	0	0
4520	2	0
4521	1	0
4522	1	0
4523	0	0
4524	1	0
4525	0	0
4526	1	0
4527	1	0
4528	2	0
4529	0	0
4530	3	0
4531	1	0
4532	2	0
4533	0	0
4534	0	0
4535	1	0
4536	2	0
4537	2	0
4538	1	0
4539	0	0
4540	1	0
4541	3	0
4542	0	0
4543	1	0
4544	0	0
4545	1	0
4546	0	0
4547	2	0
4548	0	0
4549	1	0
4550	0	0
4551	0	0
4552	1	0
4553	3	0
4554	0	0
4555	0	0
4556	1	0
4557	1	0
4558	0	0
4559	0	0
4560	2	0
4561	1	0
4562	4	0
4563	1	0
4564	0	0
4565	0	0
4566	2	0
4567	0	0
4568	0	0
4569	2	0
4570	1	0
4571	1	0
4572	0	0
4573	0	0
4574	0	0
4575	2	0
4576	2	0
4577	0	0
4578	1	0
4579	1	0
4580	1	0
4581	0	0
4582	0	0
4583	1	0
4584	1	0
4585	0	0
4586	0	0
4587	0	0
4588	1	0
4589	0	0
4590	2	0
4591	1	0
4592	0	0
4593	0	0
4594	2	0
4595	0	0
4596	0	0
4597	1	0
4598	0	0
4599	0	0
4600	0	0
4601	0	0
4602	0	0
4603	0	0
4604	0	0
4605	1	0
4606	1	0
4607	0	0
4608	1	0
4609	0	0
4610	1	0
4611	0	0
4612	1	0
4613	0	0
4614	0	0
4615	1	0
4616	0	0
4617	1	0
4618	0	0
4619	0	0
4620	0	0
4621	0	0
4622	1	0
4623	1	0
4624	0	0
4625	1	0
4626	1	0
4627	0	0
4628	0	0
4629	1	0
4630	0	0
4631	0	0
4632	0	0
4633	0	0
4634	0	0
4635	0	0
4636	1	0
4637	1	0
4638	1	0
4639	0	0
4640	0	0
4641	2	0
4642	0	0
4643	0	0
4644	0	0
4645	0	0
4646	0	0
4647	0	0
4648	1	0
4649	1	0
4650	0	0
4651	0	0
4652	0	0
4653	0	0
4654	0	0
4655	0	0
4656	2	0
4657	0	0
4658	0	0
4659	0	0
4660	0	0
4661	0	0
4662	0	0
4663	0	0
4664	0	0
4665	0	0
4666	0	0
4667	0	0
4668	0	0
4669	0	0
4670	0	0
4671	1	0
4672	3	0
4673	0	0
4674	1	0
4675	0	0
4676	1	0
4677	0	0
4678	1	0
4679	0	0
4680	0	0
4681	1	0
4682	1	0
4683	0	0
4684	1	0
4685	1	0
4686	0	0
4687	0	0
4688	1	0
4689	0	0
4690	2	0
4691	0	0
4692	1	0
4693	0	0
4694	0	0
4695	1	0
4696	1	0
4697	0	0
4698	0	0
4699	0	0
4700	2	0
4701	1	0
4702	0	0
4703	1	0
4704	1	0
4705	1	0
4706	0	0
4707	0	0
4708	0	0
4709	0	0
4710	0	0
4711	0	0
4712	0	0
4713	1	0
4714	0	0
4715	0	0
4716	0	0
4717	0	0
4718	0	0
4719	2	0
4720	1	0
4721	0	0
4722	0	0
4723	1	0
4724	0	0
4725	0	0
4726	0	0
4727	0	0
4728	1	0
4729	1	0
4730	0	0
4731	1	0
4732	1	0
4733	0	0
4734	1	0
4735	0	0
4736	0	0
4737	0	0
4738	1	0
4739	0	0
4740	0	0
4741	1	0
4742	0	0
4743	0	0
4744	0	0
4745	0	0
4746	1	0
4747	0	0
4748	0	0
4749	1	0
4750	0	0
4751	0	0
4752	0	0
4753	0	0
4754	0	0
4755	0	0
4756	1	0
4757	1	0
4758	0	0
4759	0	0
4760	2	0
4761	0	0
4762	0	0
4763	1	0
4764	1	0
4765	1	0
4766	0	0
4767	0	0
4768	0	0
4769	0	0
4770	0	0
4771	1	0
4772	0	0
4773	0	0
4774	0	0
4775	1	0
4776	0	0
4777	1	0
4778	1	0
4779	0	0
4780	2	0
4781	0	0
4782	1	0
4783	2	0
4784	1	0
4785	0	0
4786	0	0
4787	0	0
4788	1	0
4789	0	0
4790	0	0
4791	0	0
4792	0	0
4793	0	0
4794	0	0
4795	0	0
4796	0	0
4797	2	0
4798	0	0
4799	0	0
4800	0	0
4801	0	0
4802	0	0
4803	1	0
4804	1	0
4805	0	0
4806	0	0
4807	0	0
4808	0	0
4809	0	0
4810	0	0
4811	0	0
4812	0	0
4813	1	0
4814	1	0
4815	0	0
4816	0	0
4817	1	0
4818	0	0
4819	2	0
4820	1	0
4821	0	0
4822	0	0
4823	1	0
4824	0	0
4825	0	0
4826	0	0
4827	0	0
4828	0	0
4829	0	0
4830	0	0
4831	0	0
4832	0	0
4833	0	0
4834	0	0
4835	2	0
4836	0	0
4837	1	0
4838	0	0
4839	1	0
4840	1	0
4841	1	0
4842	1	0
4843	0	0
4844	0	0
4845	0	0
4846	0	0
4847	1	0
4848	0	0
4849	1	0
4850	1	0
4851	0	0
4852	0	0
4853	1	0
4854	2	0
4855	0	0
4856	0	0
4857	1	0
4858	1	0
4859	0	0
4860	0	0
4861	0	0
4862	0	0
4863	1	0
4864	0	0
4865	0	0
4866	0	0
4867	0	0
4868	0	0
4869	0	0
4870	0	0
4871	0	0
4872	2	0
4873	0	0
4874	0	0
4875	0	0
4876	2	0
4877	0	0
4878	1	0
4879	0	0
4880	1	0
4881	0	0
4882	1	0
4883	0	0
4884	0	0
4885	0	0
4886	0	0
4887	1	0
4888	0	0
4889	1	0
4890	1	0
4891	0	0
4892	0	0
4893	1	0
4894	0	0
4895	0	0
4896	0	0
4897	0	0
4898	1	0
4899	0	0
4900	1	0
4901	1	0
4902	0	0
4903	1	0
4904	0	0
4905	0	0
4906	1	0
4907	0	0
4908	1	0
4909	0	0
4910	0	0
4911	0	0
4912	0	0
4913	0	0
4914	1	0
4915	0	0
4916	1	0
4917	0	0
4918	0	0
4919	0	0
4920	0	0
4921	1	0
4922	0	0
4923	0	0
4924	0	0
4925	0	0
4926	0	0
4927	1	0
4928	0	0
4929	0	0
4930	0	0
4931	1	0
4932	1	0
4933	0	0
4934	1	0
4935	0	0
4936	1	0
4937	0	0
4938	0	0
4939	0	0
4940	1	0
4941	0	0
4942	0	0
4943	0	0
4944	0	0
4945	0	0
4946	0	0
4947	0	0
4948	0	0
4949	0	0
4950	1	0
4951	0	0
4952	0	0
4953	0	0
4954	0	0
4955	0	0
4956	0	0
4957	0	0
4958	0	0
4959	0	0
4960	0	0
4961	0	0
4962	0	0
4963	0	0
4964	0	0
4965	1	0
4966	0	0
4967	0	0
4968	0	0
4969	0	0
4970	1	0
4971	0	0
4972	0	0
4973	1	0
4974	0	0
4975	0	0
4976	0	0
4977	0	0
4978	0	0
4979	0	0
4980	0	0
4981	1	0
4982	0	0
4983	0	0
4984	0	0
4985	0	0
4986	0	0
4987	0	0
4988	0	0
4989	0	0
4990	0	0
4991	1	0
4992	2	0
4993	0	0
4994	0	0
4995	0	0
4996	0	0
4997	0	0
4998	0	0
4999	1	0
5000	2033	0

