Detected variants
Location Expected abundance Observed Abundance Difference(%)
11181327 18.0 17.5 2.85714
11190646 18.0 18.9 4.7619
11254597 26.0 29.2 10.9589
27056285 32.0 30.7 4.23453
27100181 33.0 28.4 16.19718
46738433 33.0 30.9 6.79612
65310489 39.0 37.6 3.7234
65312342 32.0 29.3 9.21502
115256530 9.0 10.1 10.89109
120458004 37.0 37.9 2.37467
120471800 30.0 28.7 4.52962
120611964 34.0 41.5 18.07229
120612006 32.0 39.5 18.98734
156814027 46.0 46.6 1.28755
156846233 46.0 47.8 3.76569
156846307 28.0 27.6 1.44928
156848995 51.0 47.3 7.82241
162737116 25.0 29.8 16.10738
25469502 13.0 17.6 26.13636
29416326 34.0 30.7 10.74919
29416366 52.0 51.3 1.36452
29416615 29.0 31.3 7.34824
29543736 32.0 31.2 2.5641
30143058 35.0 31.2 12.17949
30143499 100.0 91.6 9.17031
47601106 100.0 99.9 0.1001
48018236 22.0 29.7 25.92593
48027921 36.0 26.1 37.93103
178095900 35.0 28.0 25.0
198257795 31.0 30.0 3.33333
198265526 19.0 29.5 35.59322
198283305 17.0 29.8 42.95302
215632255 42.0 37.8 11.11111
215645464 41.0 40.5 1.23457
215645545 33.0 28.9 14.18685
10088266 17.0 30.9 44.98382
10088299 16.0 33.5 52.23881
10088308 16.0 34.2 53.21637
10088343 21.0 35.2 40.34091
10088404 25.0 34.1 26.68622
10088407 23.0 34.1 32.55132
10138019 24.0 30.6 21.56863
12475557 22.0 20.9 5.26316
12645007 57.0 28.6 99.3007
37056000 15.0 17.6 14.77273
41266101 25.0 28.7 12.89199
41266133 8.0 8.6 6.97674
142277575 100.0 99.9 0.1001
178936091 12.0 9.2 30.43478
178947865 31.0 29.4 5.44218
178952085 20.0 19.2 4.16667
1803307 38.0 39.5 3.79747
1803704 36.0 35.7 0.84034
55138600 36.0 31.1 15.75563
55143577 10.0 17.2 41.86047
55152040 18.0 17.9 0.55866
55599321 10.0 8.8 13.63636
55602765 11.0 9.7 13.40206
55604693 28.0 28.2 0.70922
55972974 12.0 20.6 41.74757
55979558 40.0 39.1 2.30179
106182946 33.0 28.0 17.85714
153244155 31.0 28.4 9.15493
153332500 35.0 29.2 19.86301
1254594 32.0 30.5 4.91803
1294664 31.0 30.2 2.64901
67522722 23.0 20.4 12.7451
79970914 33.0 45.9 28.10458
80168937 100.0 99.9 0.1001
112162854 21.0 28.3 25.79505
112164561 34.0 35.3 3.68272
112175770 39.0 37.2 4.83871
112176325 23.0 35.7 35.57423
112176559 38.0 38.7 1.80879
112176756 27.0 36.4 25.82418
112177171 18.0 37.7 52.25464
112179431 33.0 28.6 15.38462
149457678 29.0 31.4 7.64331
149460553 21.0 20.3 3.44828
149495395 48.0 47.9 0.20877
149499672 39.0 37.5 4.0
149504348 11.0 10.2 7.84314
149509446 30.0 32.8 8.53659
41903782 40.0 50.6 20.94862
117686840 39.0 42.7 8.66511
117718110 32.0 30.2 5.96026
6026988 22.0 20.2 8.91089
55241707 24.0 24.4 1.63934
55242464 0.0 1.1 100.0
55249063 19.0 13.8 37.68116
55249071 0.0 1.3 100.0
55259515 3.0 4.6 34.78261
106508763 49.0 43.2 13.42593
106508978 100.0 99.9 0.1001
116339847 9.0 8.3 8.43373
116436022 5.0 8.0 37.5
128852003 47.0 47.8 1.67364
140449150 20.0 19.7 1.52284
140453136 6.0 12.1 50.41322
140494209 19.0 18.6 2.15054
30938704 42.0 39.7 5.79345
30973957 26.0 29.9 13.04348
30999280 43.0 46.6 7.72532
31012190 19.0 18.1 4.97238
31024654 6.0 19.3 68.91192
38275434 36.0 31.5 14.28571
90993061 19.0 24.2 21.4876
145737816 39.0 36.3 7.43802
145738767 99.0 100.0 1.0
145741702 32.0 39.3 18.57506
145741765 33.0 39.1 15.60102
145742514 98.0 100.0 2.0
145742879 32.0 39.1 18.15857
5050706 18.0 18.6 3.22581
5081780 38.0 43.6 12.84404
98209594 51.0 65.2 21.77914
98211548 29.0 29.8 2.68456
98278975 26.0 30.4 14.47368
133761001 47.0 52.0 9.61538
135802659 21.0 28.7 26.82927
139391636 25.0 25.0 0.0
139396746 32.0 26.5 20.75472
139397707 22.0 24.7 10.93117
139407932 36.0 43.1 16.47332
139409754 32.0 25.3 26.48221
139418260 43.0 40.6 5.91133
8100647 30.0 26.1 14.94253
43595968 32.0 31.2 2.5641
43604493 30.0 30.1 0.33223
43613843 57.0 60.9 6.40394
88635779 14.0 17.1 18.12865
533328 28.0 33.1 15.40785
69462910 43.0 36.8 16.84783
69625385 34.0 32.5 4.61538
69633633 39.0 34.7 12.39193
25362777 29.0 31.3 7.34824
25398281 13.0 16.3 20.2454
25398284 4.0 4.9 18.36735
56494998 28.0 30.5 8.19672
112891125 22.0 25.5 13.72549
121416622 45.0 52.9 14.93384
121416650 28.0 35.0 20.0
121437114 21.0 20.6 1.94175
28578214 17.0 11.4 49.12281
28624294 33.0 28.6 15.38462
28674628 49.0 45.8 6.9869
28895620 21.0 29.4 28.57143
32911888 39.0 41.1 5.10949
32912299 25.0 18.6 34.4086
32912750 41.0 29.8 37.58389
32913558 35.0 32.7 7.03364
32913836 47.0 43.5 8.04598
32936646 33.0 48.6 32.09877
48985975 30.0 30.7 2.28013
103515036 25.0 29.1 14.08935
103527930 100.0 99.9 0.1001
45645974 18.0 24.3 25.92593
65507589 27.0 21.7 24.42396
66727451 27.0 29.2 7.53425
66729147 31.0 28.5 8.77193
66782085 33.0 32.0 3.125
88576185 27.0 42.3 36.17021
88680684 34.0 40.6 16.25616
89849327 31.0 30.2 2.64901
91337479 28.0 31.0 9.67742
91346923 33.0 30.0 10.0
91354505 42.0 28.8 45.83333
2134450 27.0 32.0 15.625
3658433 32.0 30.7 4.23453
3817720 33.0 32.4 1.85185
14041958 29.0 29.4 1.36054
89805914 28.0 26.3 6.46388
89807233 37.0 26.4 40.15152
89809319 27.0 25.6 5.46875
89815152 29.0 28.1 3.20285
89825065 28.0 27.4 2.18978
89839766 23.0 27.6 16.66667
89857935 27.0 23.4 15.38462
89858417 27.0 26.5 1.88679
7579472 91.0 93.5 2.6738
29553485 40.0 34.9 14.61318
29632336 29.0 30.8 5.84416
37650892 27.0 30.9 12.62136
37879588 25.0 31.5 20.63492
41234451 29.0 25.3 14.62451
41251931 39.0 40.6 3.94089
66538239 27.0 27.2 0.73529
3119239 40.0 41.7 4.07674
4101062 16.0 27.5 41.81818
4102449 31.0 29.5 5.08475
15278222 37.0 29.9 23.74582
15302905 32.0 33.9 5.60472
30314666 42.0 30.4 38.15789
40743956 33.0 29.7 11.11111
45867259 39.0 41.8 6.69856
45868309 45.0 48.5 7.21649
57415471 33.0 28.6 15.38462
57429753 26.0 27.6 5.7971
57484241 22.0 26.6 17.29323
41536164 32.0 28.2 13.47518
41551039 52.0 41.3 25.90799
41566524 52.0 52.7 1.32827
66765142 49.0 34.9 40.40115
66765627 38.0 37.8 0.5291
70338656 32.0 29.8 7.38255
76938088 29.0 29.6 2.02703
