## htsjdk.samtools.metrics.StringHeader
# CollectHsMetrics BAIT_INTERVALS=[pool1_pool2_nochr_3c.sort.merged.padded20.hg19.210311.met.annotated.interval_list] TARGET_INTERVALS=[pool1_pool2_nochr_3c.sort.merged.padded20.hg19.210311.met.annotated.interval_list] INPUT=right_5.bam OUTPUT=hs_metrics_right_5.txt COVERAGE_CAP=5000 REFERENCE_SEQUENCE=/home/tomas/data/reference/hg19.with.mt.fasta    METRIC_ACCUMULATION_LEVEL=[ALL_READS] NEAR_DISTANCE=250 MINIMUM_MAPPING_QUALITY=20 MINIMUM_BASE_QUALITY=20 CLIP_OVERLAPPING_READS=true INCLUDE_INDELS=false SAMPLE_SIZE=10000 ALLELE_FRACTION=[0.001, 0.005, 0.01, 0.02, 0.05, 0.1, 0.2, 0.3, 0.5] VERBOSITY=INFO QUIET=false VALIDATION_STRINGENCY=STRICT COMPRESSION_LEVEL=5 MAX_RECORDS_IN_RAM=500000 CREATE_INDEX=false CREATE_MD5_FILE=false GA4GH_CLIENT_SECRETS=client_secrets.json USE_JDK_DEFLATER=false USE_JDK_INFLATER=false
## htsjdk.samtools.metrics.StringHeader
# Started on: Tue Jan 18 12:17:18 CET 2022

## METRICS CLASS	picard.analysis.directed.HsMetrics
BAIT_SET	BAIT_TERRITORY	BAIT_DESIGN_EFFICIENCY	ON_BAIT_BASES	NEAR_BAIT_BASES	OFF_BAIT_BASES	PCT_SELECTED_BASES	PCT_OFF_BAIT	ON_BAIT_VS_SELECTED	MEAN_BAIT_COVERAGE	PCT_USABLE_BASES_ON_BAIT	PCT_USABLE_BASES_ON_TARGET	FOLD_ENRICHMENT	HS_LIBRARY_SIZE	HS_PENALTY_10X	HS_PENALTY_20X	HS_PENALTY_30X	HS_PENALTY_40X	HS_PENALTY_50X	HS_PENALTY_100X	TARGET_TERRITORY	GENOME_SIZE	TOTAL_READS	PF_READS	PF_BASES	PF_UNIQUE_READS	PF_UQ_READS_ALIGNED	PF_BASES_ALIGNED	PF_UQ_BASES_ALIGNED	ON_TARGET_BASES	PCT_PF_READS	PCT_PF_UQ_READS	PCT_PF_UQ_READS_ALIGNED	MEAN_TARGET_COVERAGE	MEDIAN_TARGET_COVERAGE	MAX_TARGET_COVERAGE	MIN_TARGET_COVERAGE	ZERO_CVG_TARGETS_PCT	PCT_EXC_DUPE	PCT_EXC_ADAPTER	PCT_EXC_MAPQ	PCT_EXC_BASEQ	PCT_EXC_OVERLAP	PCT_EXC_OFF_TARGET	FOLD_80_BASE_PENALTY	PCT_TARGET_BASES_1X	PCT_TARGET_BASES_2X	PCT_TARGET_BASES_10X	PCT_TARGET_BASES_20X	PCT_TARGET_BASES_30X	PCT_TARGET_BASES_40X	PCT_TARGET_BASES_50X	PCT_TARGET_BASES_100X	PCT_TARGET_BASES_250X	PCT_TARGET_BASES_500X	PCT_TARGET_BASES_1000X	PCT_TARGET_BASES_2500X	PCT_TARGET_BASES_5000X	PCT_TARGET_BASES_10000X	PCT_TARGET_BASES_25000X	PCT_TARGET_BASES_50000X	PCT_TARGET_BASES_100000X	AT_DROPOUT	GC_DROPOUT	HET_SNP_SENSITIVITY	HET_SNP_Q	SAMPLE	LIBRARY	READ_GROUP
pool1_pool2_nochr_3c	2217428	1	7001817651	3649016474	5139736141	0.674506	0.325494	0.657396	3157.630214	0.441645	0.197791	619.043941	40073714	4.589081	4.600805	4.612529	4.624253	4.640667	4.706322	2217428	3095693983	115295038	115295038	15853949575	79788652	79773373	15790570266	10912109216	3135761812	1	0.692039	0.999809	1414.143689	1410	23648	0	0.001713	0.308948	0	0.019982	0.03202	0.11747	0.323017	1.31426	0.999704	0.999503	0.998859	0.998514	0.998227	0.998004	0.997792	0.997058	0.992787	0.975433	0.84871	0.020426	0.000926	0.000259	0	0	0	0.954617	3.420089	0.134078	1			

## HISTOGRAM	java.lang.Integer
coverage_or_base_quality	high_quality_coverage_count	unfiltered_baseq_count
0	657	0
1	444	0
2	285	0
3	365	0
4	145	0
5	158	0
6	83	0
7	107	0
8	150	0
9	135	0
10	80	0
11	69	0
12	97	0
13	95	0
14	89	74343851
15	91	0
16	89	0
17	63	0
18	44	0
19	49	0
20	55	0
21	58	14465165
22	62	0
23	75	0
24	68	0
25	89	0
26	68	0
27	62	73719300
28	52	0
29	48	0
30	45	0
31	52	0
32	65	292104106
33	60	0
34	50	0
35	48	0
36	45	2746466477
37	34	0
38	46	0
39	48	0
40	52	0
41	50	0
42	53	0
43	41	0
44	50	0
45	59	0
46	42	0
47	37	0
48	43	0
49	44	0
50	49	0
51	38	0
52	40	0
53	37	0
54	42	0
55	34	0
56	43	0
57	41	0
58	26	0
59	44	0
60	43	0
61	30	0
62	38	0
63	33	0
64	28	0
65	29	0
66	18	0
67	28	0
68	39	0
69	33	0
70	30	0
71	26	0
72	31	0
73	24	0
74	37	0
75	33	0
76	35	0
77	39	0
78	29	0
79	31	0
80	28	0
81	28	0
82	35	0
83	24	0
84	35	0
85	35	0
86	23	0
87	26	0
88	28	0
89	36	0
90	18	0
91	26	0
92	30	0
93	28	0
94	35	0
95	22	0
96	34	0
97	33	0
98	38	0
99	37	0
100	37	0
101	42	0
102	53	0
103	41	0
104	50	0
105	63	0
106	59	0
107	62	0
108	39	0
109	47	0
110	35	0
111	45	0
112	49	0
113	29	0
114	44	0
115	41	0
116	44	0
117	41	0
118	42	0
119	44	0
120	49	0
121	56	0
122	59	0
123	70	0
124	52	0
125	41	0
126	49	0
127	63	0
128	58	0
129	48	0
130	48	0
131	44	0
132	53	0
133	52	0
134	56	0
135	45	0
136	70	0
137	61	0
138	66	0
139	48	0
140	47	0
141	51	0
142	44	0
143	48	0
144	63	0
145	57	0
146	62	0
147	55	0
148	62	0
149	55	0
150	60	0
151	45	0
152	56	0
153	56	0
154	49	0
155	47	0
156	38	0
157	37	0
158	47	0
159	42	0
160	52	0
161	61	0
162	52	0
163	56	0
164	58	0
165	69	0
166	62	0
167	55	0
168	58	0
169	43	0
170	54	0
171	58	0
172	65	0
173	55	0
174	55	0
175	74	0
176	50	0
177	55	0
178	51	0
179	59	0
180	64	0
181	67	0
182	52	0
183	73	0
184	63	0
185	68	0
186	61	0
187	61	0
188	62	0
189	67	0
190	75	0
191	58	0
192	53	0
193	85	0
194	73	0
195	68	0
196	64	0
197	78	0
198	85	0
199	81	0
200	63	0
201	66	0
202	55	0
203	66	0
204	63	0
205	68	0
206	56	0
207	56	0
208	67	0
209	74	0
210	68	0
211	79	0
212	90	0
213	68	0
214	92	0
215	64	0
216	73	0
217	72	0
218	76	0
219	86	0
220	74	0
221	74	0
222	70	0
223	81	0
224	84	0
225	90	0
226	83	0
227	95	0
228	77	0
229	82	0
230	100	0
231	89	0
232	89	0
233	68	0
234	91	0
235	86	0
236	82	0
237	72	0
238	82	0
239	74	0
240	86	0
241	88	0
242	94	0
243	77	0
244	98	0
245	86	0
246	95	0
247	100	0
248	100	0
249	87	0
250	95	0
251	86	0
252	107	0
253	109	0
254	87	0
255	92	0
256	102	0
257	100	0
258	94	0
259	90	0
260	87	0
261	80	0
262	90	0
263	87	0
264	82	0
265	83	0
266	93	0
267	86	0
268	97	0
269	91	0
270	89	0
271	96	0
272	114	0
273	102	0
274	91	0
275	93	0
276	69	0
277	112	0
278	83	0
279	90	0
280	98	0
281	107	0
282	96	0
283	110	0
284	95	0
285	99	0
286	82	0
287	107	0
288	100	0
289	98	0
290	101	0
291	103	0
292	108	0
293	112	0
294	117	0
295	111	0
296	102	0
297	136	0
298	115	0
299	113	0
300	132	0
301	125	0
302	120	0
303	111	0
304	111	0
305	144	0
306	128	0
307	129	0
308	116	0
309	138	0
310	129	0
311	130	0
312	142	0
313	150	0
314	146	0
315	136	0
316	142	0
317	130	0
318	136	0
319	139	0
320	122	0
321	140	0
322	147	0
323	150	0
324	142	0
325	134	0
326	173	0
327	140	0
328	135	0
329	120	0
330	157	0
331	169	0
332	140	0
333	161	0
334	177	0
335	167	0
336	136	0
337	183	0
338	200	0
339	156	0
340	175	0
341	162	0
342	179	0
343	166	0
344	171	0
345	189	0
346	162	0
347	179	0
348	166	0
349	162	0
350	145	0
351	163	0
352	165	0
353	161	0
354	144	0
355	165	0
356	146	0
357	133	0
358	138	0
359	154	0
360	171	0
361	166	0
362	159	0
363	163	0
364	179	0
365	159	0
366	171	0
367	177	0
368	162	0
369	191	0
370	179	0
371	161	0
372	170	0
373	164	0
374	174	0
375	187	0
376	163	0
377	158	0
378	171	0
379	159	0
380	174	0
381	197	0
382	199	0
383	173	0
384	165	0
385	175	0
386	182	0
387	178	0
388	177	0
389	155	0
390	171	0
391	147	0
392	171	0
393	174	0
394	187	0
395	165	0
396	191	0
397	196	0
398	166	0
399	190	0
400	222	0
401	184	0
402	189	0
403	177	0
404	173	0
405	197	0
406	191	0
407	185	0
408	177	0
409	173	0
410	179	0
411	161	0
412	167	0
413	193	0
414	174	0
415	164	0
416	195	0
417	189	0
418	188	0
419	199	0
420	184	0
421	178	0
422	175	0
423	192	0
424	179	0
425	182	0
426	202	0
427	181	0
428	199	0
429	195	0
430	196	0
431	183	0
432	174	0
433	184	0
434	182	0
435	176	0
436	174	0
437	161	0
438	161	0
439	175	0
440	177	0
441	174	0
442	163	0
443	175	0
444	166	0
445	174	0
446	156	0
447	170	0
448	156	0
449	202	0
450	168	0
451	154	0
452	148	0
453	170	0
454	169	0
455	165	0
456	167	0
457	163	0
458	180	0
459	156	0
460	194	0
461	161	0
462	197	0
463	155	0
464	180	0
465	170	0
466	177	0
467	199	0
468	167	0
469	175	0
470	201	0
471	182	0
472	195	0
473	197	0
474	171	0
475	180	0
476	176	0
477	179	0
478	178	0
479	196	0
480	179	0
481	177	0
482	168	0
483	189	0
484	159	0
485	178	0
486	166	0
487	176	0
488	185	0
489	181	0
490	147	0
491	161	0
492	161	0
493	169	0
494	190	0
495	188	0
496	149	0
497	190	0
498	190	0
499	172	0
500	173	0
501	165	0
502	184	0
503	166	0
504	181	0
505	168	0
506	181	0
507	186	0
508	176	0
509	185	0
510	192	0
511	175	0
512	175	0
513	198	0
514	169	0
515	201	0
516	182	0
517	173	0
518	217	0
519	207	0
520	203	0
521	198	0
522	207	0
523	196	0
524	184	0
525	191	0
526	167	0
527	209	0
528	183	0
529	197	0
530	186	0
531	198	0
532	202	0
533	192	0
534	191	0
535	179	0
536	178	0
537	210	0
538	201	0
539	202	0
540	199	0
541	196	0
542	204	0
543	198	0
544	183	0
545	210	0
546	216	0
547	221	0
548	217	0
549	207	0
550	197	0
551	216	0
552	238	0
553	222	0
554	220	0
555	215	0
556	241	0
557	236	0
558	221	0
559	248	0
560	227	0
561	241	0
562	233	0
563	225	0
564	251	0
565	188	0
566	230	0
567	188	0
568	216	0
569	223	0
570	219	0
571	208	0
572	230	0
573	221	0
574	217	0
575	247	0
576	239	0
577	250	0
578	222	0
579	215	0
580	232	0
581	265	0
582	248	0
583	246	0
584	251	0
585	238	0
586	222	0
587	247	0
588	249	0
589	247	0
590	259	0
591	238	0
592	247	0
593	245	0
594	248	0
595	253	0
596	251	0
597	258	0
598	240	0
599	244	0
600	253	0
601	272	0
602	260	0
603	222	0
604	274	0
605	262	0
606	259	0
607	250	0
608	282	0
609	253	0
610	262	0
611	266	0
612	262	0
613	247	0
614	259	0
615	240	0
616	273	0
617	252	0
618	236	0
619	243	0
620	299	0
621	291	0
622	246	0
623	254	0
624	272	0
625	284	0
626	278	0
627	306	0
628	280	0
629	282	0
630	253	0
631	269	0
632	280	0
633	266	0
634	261	0
635	305	0
636	279	0
637	264	0
638	295	0
639	293	0
640	290	0
641	302	0
642	314	0
643	290	0
644	275	0
645	313	0
646	296	0
647	283	0
648	319	0
649	267	0
650	336	0
651	276	0
652	316	0
653	323	0
654	300	0
655	303	0
656	256	0
657	295	0
658	267	0
659	312	0
660	279	0
661	297	0
662	329	0
663	304	0
664	322	0
665	305	0
666	304	0
667	327	0
668	282	0
669	272	0
670	322	0
671	351	0
672	299	0
673	322	0
674	343	0
675	331	0
676	313	0
677	350	0
678	350	0
679	321	0
680	322	0
681	319	0
682	346	0
683	309	0
684	349	0
685	313	0
686	367	0
687	311	0
688	357	0
689	338	0
690	342	0
691	349	0
692	363	0
693	350	0
694	351	0
695	341	0
696	349	0
697	332	0
698	378	0
699	330	0
700	322	0
701	346	0
702	369	0
703	357	0
704	334	0
705	371	0
706	361	0
707	367	0
708	365	0
709	348	0
710	425	0
711	406	0
712	379	0
713	384	0
714	373	0
715	398	0
716	411	0
717	412	0
718	377	0
719	355	0
720	409	0
721	409	0
722	444	0
723	401	0
724	434	0
725	413	0
726	411	0
727	410	0
728	415	0
729	380	0
730	415	0
731	420	0
732	401	0
733	424	0
734	432	0
735	464	0
736	433	0
737	417	0
738	451	0
739	441	0
740	419	0
741	432	0
742	452	0
743	434	0
744	439	0
745	478	0
746	482	0
747	443	0
748	450	0
749	465	0
750	446	0
751	518	0
752	498	0
753	504	0
754	526	0
755	464	0
756	484	0
757	504	0
758	481	0
759	493	0
760	494	0
761	481	0
762	510	0
763	501	0
764	476	0
765	493	0
766	496	0
767	508	0
768	499	0
769	503	0
770	532	0
771	545	0
772	491	0
773	546	0
774	511	0
775	526	0
776	512	0
777	505	0
778	498	0
779	534	0
780	558	0
781	552	0
782	538	0
783	537	0
784	518	0
785	569	0
786	538	0
787	572	0
788	559	0
789	571	0
790	540	0
791	593	0
792	593	0
793	622	0
794	589	0
795	570	0
796	607	0
797	571	0
798	625	0
799	592	0
800	593	0
801	579	0
802	630	0
803	564	0
804	618	0
805	617	0
806	614	0
807	637	0
808	631	0
809	571	0
810	583	0
811	609	0
812	630	0
813	636	0
814	622	0
815	650	0
816	653	0
817	623	0
818	624	0
819	627	0
820	660	0
821	632	0
822	630	0
823	677	0
824	637	0
825	654	0
826	643	0
827	635	0
828	625	0
829	668	0
830	633	0
831	671	0
832	658	0
833	685	0
834	659	0
835	636	0
836	684	0
837	690	0
838	715	0
839	725	0
840	701	0
841	691	0
842	685	0
843	676	0
844	677	0
845	695	0
846	749	0
847	747	0
848	723	0
849	715	0
850	683	0
851	743	0
852	747	0
853	750	0
854	744	0
855	707	0
856	756	0
857	701	0
858	722	0
859	778	0
860	786	0
861	801	0
862	770	0
863	760	0
864	739	0
865	801	0
866	782	0
867	855	0
868	773	0
869	833	0
870	820	0
871	810	0
872	778	0
873	845	0
874	870	0
875	863	0
876	805	0
877	848	0
878	886	0
879	862	0
880	837	0
881	889	0
882	848	0
883	834	0
884	900	0
885	893	0
886	897	0
887	827	0
888	869	0
889	824	0
890	843	0
891	841	0
892	886	0
893	875	0
894	851	0
895	855	0
896	909	0
897	891	0
898	927	0
899	901	0
900	868	0
901	881	0
902	984	0
903	947	0
904	908	0
905	927	0
906	948	0
907	976	0
908	933	0
909	870	0
910	952	0
911	913	0
912	947	0
913	947	0
914	999	0
915	960	0
916	971	0
917	959	0
918	1018	0
919	999	0
920	968	0
921	1005	0
922	1034	0
923	1018	0
924	990	0
925	1052	0
926	1007	0
927	1054	0
928	1044	0
929	1010	0
930	975	0
931	1051	0
932	972	0
933	1040	0
934	1095	0
935	1062	0
936	1024	0
937	1101	0
938	1083	0
939	1061	0
940	1054	0
941	1057	0
942	1055	0
943	1128	0
944	1115	0
945	1040	0
946	1064	0
947	1006	0
948	1052	0
949	1115	0
950	1149	0
951	1111	0
952	1079	0
953	1107	0
954	1138	0
955	1145	0
956	1075	0
957	1111	0
958	1112	0
959	1111	0
960	1174	0
961	1147	0
962	1130	0
963	1124	0
964	1158	0
965	1187	0
966	1163	0
967	1155	0
968	1211	0
969	1185	0
970	1115	0
971	1165	0
972	1221	0
973	1175	0
974	1187	0
975	1169	0
976	1260	0
977	1173	0
978	1168	0
979	1183	0
980	1159	0
981	1157	0
982	1194	0
983	1189	0
984	1186	0
985	1187	0
986	1176	0
987	1225	0
988	1251	0
989	1256	0
990	1248	0
991	1258	0
992	1259	0
993	1265	0
994	1286	0
995	1248	0
996	1273	0
997	1233	0
998	1321	0
999	1322	0
1000	1279	0
1001	1250	0
1002	1307	0
1003	1255	0
1004	1264	0
1005	1366	0
1006	1324	0
1007	1352	0
1008	1319	0
1009	1351	0
1010	1335	0
1011	1291	0
1012	1322	0
1013	1341	0
1014	1280	0
1015	1322	0
1016	1352	0
1017	1381	0
1018	1347	0
1019	1332	0
1020	1339	0
1021	1401	0
1022	1365	0
1023	1297	0
1024	1383	0
1025	1339	0
1026	1383	0
1027	1375	0
1028	1417	0
1029	1364	0
1030	1352	0
1031	1396	0
1032	1411	0
1033	1396	0
1034	1393	0
1035	1465	0
1036	1407	0
1037	1422	0
1038	1357	0
1039	1365	0
1040	1463	0
1041	1431	0
1042	1350	0
1043	1436	0
1044	1412	0
1045	1455	0
1046	1388	0
1047	1461	0
1048	1423	0
1049	1399	0
1050	1464	0
1051	1441	0
1052	1425	0
1053	1442	0
1054	1426	0
1055	1472	0
1056	1462	0
1057	1479	0
1058	1534	0
1059	1478	0
1060	1446	0
1061	1500	0
1062	1500	0
1063	1489	0
1064	1579	0
1065	1487	0
1066	1465	0
1067	1430	0
1068	1561	0
1069	1520	0
1070	1494	0
1071	1525	0
1072	1507	0
1073	1504	0
1074	1575	0
1075	1564	0
1076	1539	0
1077	1552	0
1078	1531	0
1079	1475	0
1080	1489	0
1081	1537	0
1082	1619	0
1083	1519	0
1084	1525	0
1085	1485	0
1086	1544	0
1087	1528	0
1088	1544	0
1089	1536	0
1090	1537	0
1091	1572	0
1092	1546	0
1093	1591	0
1094	1611	0
1095	1546	0
1096	1607	0
1097	1607	0
1098	1545	0
1099	1566	0
1100	1589	0
1101	1548	0
1102	1621	0
1103	1593	0
1104	1555	0
1105	1557	0
1106	1573	0
1107	1674	0
1108	1665	0
1109	1594	0
1110	1544	0
1111	1674	0
1112	1573	0
1113	1536	0
1114	1678	0
1115	1537	0
1116	1600	0
1117	1639	0
1118	1647	0
1119	1513	0
1120	1663	0
1121	1676	0
1122	1658	0
1123	1680	0
1124	1656	0
1125	1679	0
1126	1712	0
1127	1703	0
1128	1621	0
1129	1639	0
1130	1691	0
1131	1708	0
1132	1671	0
1133	1643	0
1134	1642	0
1135	1650	0
1136	1713	0
1137	1650	0
1138	1640	0
1139	1642	0
1140	1764	0
1141	1656	0
1142	1694	0
1143	1696	0
1144	1681	0
1145	1749	0
1146	1673	0
1147	1658	0
1148	1731	0
1149	1712	0
1150	1671	0
1151	1814	0
1152	1769	0
1153	1674	0
1154	1706	0
1155	1720	0
1156	1758	0
1157	1668	0
1158	1798	0
1159	1785	0
1160	1760	0
1161	1724	0
1162	1759	0
1163	1744	0
1164	1803	0
1165	1718	0
1166	1693	0
1167	1780	0
1168	1732	0
1169	1769	0
1170	1852	0
1171	1800	0
1172	1742	0
1173	1820	0
1174	1808	0
1175	1860	0
1176	1804	0
1177	1816	0
1178	1781	0
1179	1797	0
1180	1831	0
1181	1859	0
1182	1833	0
1183	1825	0
1184	1873	0
1185	1824	0
1186	1864	0
1187	1825	0
1188	1843	0
1189	1869	0
1190	1876	0
1191	1866	0
1192	1884	0
1193	1920	0
1194	1916	0
1195	1899	0
1196	1909	0
1197	1850	0
1198	1941	0
1199	1892	0
1200	1877	0
1201	1863	0
1202	1959	0
1203	1884	0
1204	1904	0
1205	1905	0
1206	1944	0
1207	1932	0
1208	1987	0
1209	1996	0
1210	1936	0
1211	1791	0
1212	1966	0
1213	1960	0
1214	1902	0
1215	1999	0
1216	1939	0
1217	1995	0
1218	2013	0
1219	1991	0
1220	1974	0
1221	2016	0
1222	2012	0
1223	1851	0
1224	1950	0
1225	1998	0
1226	2054	0
1227	1921	0
1228	1948	0
1229	1984	0
1230	1995	0
1231	1965	0
1232	2010	0
1233	2011	0
1234	1980	0
1235	1996	0
1236	2031	0
1237	1976	0
1238	1960	0
1239	2002	0
1240	1992	0
1241	2056	0
1242	2109	0
1243	1965	0
1244	2009	0
1245	2013	0
1246	2082	0
1247	2078	0
1248	2052	0
1249	2124	0
1250	1984	0
1251	1962	0
1252	2113	0
1253	2128	0
1254	2164	0
1255	2043	0
1256	2145	0
1257	2092	0
1258	2059	0
1259	2028	0
1260	2036	0
1261	2095	0
1262	2093	0
1263	2045	0
1264	2171	0
1265	2022	0
1266	2024	0
1267	2042	0
1268	2109	0
1269	2144	0
1270	2088	0
1271	2087	0
1272	2111	0
1273	2097	0
1274	2078	0
1275	2121	0
1276	2133	0
1277	2091	0
1278	2156	0
1279	2107	0
1280	2108	0
1281	2101	0
1282	2120	0
1283	2208	0
1284	2155	0
1285	2155	0
1286	2106	0
1287	2069	0
1288	2129	0
1289	2115	0
1290	2172	0
1291	2198	0
1292	2204	0
1293	2137	0
1294	2149	0
1295	2131	0
1296	2107	0
1297	2168	0
1298	2140	0
1299	2131	0
1300	2310	0
1301	2179	0
1302	2096	0
1303	2196	0
1304	2203	0
1305	2166	0
1306	2114	0
1307	2199	0
1308	2233	0
1309	2207	0
1310	2206	0
1311	2235	0
1312	2247	0
1313	2226	0
1314	2208	0
1315	2233	0
1316	2245	0
1317	2177	0
1318	2199	0
1319	2247	0
1320	2310	0
1321	2271	0
1322	2295	0
1323	2292	0
1324	2233	0
1325	2169	0
1326	2256	0
1327	2272	0
1328	2226	0
1329	2325	0
1330	2176	0
1331	2162	0
1332	2190	0
1333	2303	0
1334	2283	0
1335	2205	0
1336	2295	0
1337	2218	0
1338	2186	0
1339	2319	0
1340	2258	0
1341	2251	0
1342	2287	0
1343	2142	0
1344	2191	0
1345	2204	0
1346	2260	0
1347	2234	0
1348	2146	0
1349	2288	0
1350	2286	0
1351	2321	0
1352	2312	0
1353	2245	0
1354	2171	0
1355	2254	0
1356	2269	0
1357	2245	0
1358	2224	0
1359	2270	0
1360	2224	0
1361	2217	0
1362	2422	0
1363	2277	0
1364	2221	0
1365	2272	0
1366	2288	0
1367	2323	0
1368	2355	0
1369	2289	0
1370	2298	0
1371	2348	0
1372	2218	0
1373	2280	0
1374	2209	0
1375	2337	0
1376	2230	0
1377	2373	0
1378	2419	0
1379	2358	0
1380	2331	0
1381	2419	0
1382	2345	0
1383	2259	0
1384	2268	0
1385	2339	0
1386	2308	0
1387	2361	0
1388	2382	0
1389	2311	0
1390	2295	0
1391	2333	0
1392	2319	0
1393	2347	0
1394	2395	0
1395	2321	0
1396	2308	0
1397	2382	0
1398	2367	0
1399	2309	0
1400	2327	0
1401	2312	0
1402	2395	0
1403	2313	0
1404	2282	0
1405	2394	0
1406	2346	0
1407	2351	0
1408	2276	0
1409	2374	0
1410	2329	0
1411	2319	0
1412	2360	0
1413	2394	0
1414	2313	0
1415	2304	0
1416	2352	0
1417	2353	0
1418	2374	0
1419	2345	0
1420	2314	0
1421	2398	0
1422	2421	0
1423	2381	0
1424	2294	0
1425	2334	0
1426	2422	0
1427	2344	0
1428	2383	0
1429	2296	0
1430	2433	0
1431	2258	0
1432	2409	0
1433	2303	0
1434	2400	0
1435	2333	0
1436	2332	0
1437	2377	0
1438	2345	0
1439	2311	0
1440	2409	0
1441	2366	0
1442	2331	0
1443	2288	0
1444	2392	0
1445	2334	0
1446	2413	0
1447	2354	0
1448	2258	0
1449	2344	0
1450	2302	0
1451	2323	0
1452	2307	0
1453	2338	0
1454	2363	0
1455	2301	0
1456	2307	0
1457	2258	0
1458	2370	0
1459	2393	0
1460	2252	0
1461	2313	0
1462	2271	0
1463	2294	0
1464	2414	0
1465	2359	0
1466	2372	0
1467	2426	0
1468	2402	0
1469	2324	0
1470	2326	0
1471	2311	0
1472	2418	0
1473	2370	0
1474	2351	0
1475	2345	0
1476	2324	0
1477	2352	0
1478	2274	0
1479	2337	0
1480	2409	0
1481	2281	0
1482	2403	0
1483	2353	0
1484	2277	0
1485	2282	0
1486	2328	0
1487	2402	0
1488	2267	0
1489	2355	0
1490	2398	0
1491	2339	0
1492	2335	0
1493	2390	0
1494	2393	0
1495	2337	0
1496	2376	0
1497	2419	0
1498	2356	0
1499	2288	0
1500	2443	0
1501	2423	0
1502	2468	0
1503	2415	0
1504	2351	0
1505	2378	0
1506	2464	0
1507	2376	0
1508	2369	0
1509	2470	0
1510	2366	0
1511	2337	0
1512	2308	0
1513	2380	0
1514	2406	0
1515	2308	0
1516	2361	0
1517	2359	0
1518	2409	0
1519	2405	0
1520	2295	0
1521	2410	0
1522	2411	0
1523	2502	0
1524	2462	0
1525	2349	0
1526	2392	0
1527	2432	0
1528	2410	0
1529	2360	0
1530	2317	0
1531	2462	0
1532	2377	0
1533	2454	0
1534	2401	0
1535	2429	0
1536	2366	0
1537	2456	0
1538	2496	0
1539	2436	0
1540	2414	0
1541	2414	0
1542	2500	0
1543	2425	0
1544	2391	0
1545	2454	0
1546	2479	0
1547	2369	0
1548	2403	0
1549	2441	0
1550	2511	0
1551	2461	0
1552	2433	0
1553	2410	0
1554	2363	0
1555	2473	0
1556	2442	0
1557	2387	0
1558	2319	0
1559	2434	0
1560	2368	0
1561	2363	0
1562	2375	0
1563	2342	0
1564	2435	0
1565	2382	0
1566	2368	0
1567	2352	0
1568	2435	0
1569	2427	0
1570	2418	0
1571	2430	0
1572	2398	0
1573	2419	0
1574	2367	0
1575	2458	0
1576	2425	0
1577	2454	0
1578	2364	0
1579	2398	0
1580	2339	0
1581	2308	0
1582	2367	0
1583	2401	0
1584	2339	0
1585	2375	0
1586	2268	0
1587	2400	0
1588	2340	0
1589	2322	0
1590	2341	0
1591	2294	0
1592	2299	0
1593	2181	0
1594	2261	0
1595	2355	0
1596	2348	0
1597	2247	0
1598	2307	0
1599	2318	0
1600	2232	0
1601	2288	0
1602	2264	0
1603	2224	0
1604	2234	0
1605	2178	0
1606	2184	0
1607	2207	0
1608	2185	0
1609	2260	0
1610	2182	0
1611	2216	0
1612	2116	0
1613	2191	0
1614	2116	0
1615	2133	0
1616	2146	0
1617	2190	0
1618	2108	0
1619	2182	0
1620	2097	0
1621	2147	0
1622	2126	0
1623	1997	0
1624	2182	0
1625	2036	0
1626	2162	0
1627	2210	0
1628	2050	0
1629	2161	0
1630	2087	0
1631	1977	0
1632	2124	0
1633	2081	0
1634	1980	0
1635	2084	0
1636	2023	0
1637	2050	0
1638	1976	0
1639	2026	0
1640	1977	0
1641	1998	0
1642	1909	0
1643	2001	0
1644	2028	0
1645	2022	0
1646	1931	0
1647	1920	0
1648	1984	0
1649	1944	0
1650	2015	0
1651	1935	0
1652	1874	0
1653	1941	0
1654	1972	0
1655	1918	0
1656	1909	0
1657	1950	0
1658	1915	0
1659	1947	0
1660	1966	0
1661	1866	0
1662	1870	0
1663	1934	0
1664	1960	0
1665	1811	0
1666	1844	0
1667	1900	0
1668	1791	0
1669	1986	0
1670	1808	0
1671	1845	0
1672	1849	0
1673	1852	0
1674	1799	0
1675	1847	0
1676	1789	0
1677	1834	0
1678	1825	0
1679	1764	0
1680	1697	0
1681	1798	0
1682	1818	0
1683	1793	0
1684	1849	0
1685	1819	0
1686	1685	0
1687	1797	0
1688	1737	0
1689	1774	0
1690	1803	0
1691	1793	0
1692	1767	0
1693	1738	0
1694	1764	0
1695	1733	0
1696	1749	0
1697	1651	0
1698	1724	0
1699	1669	0
1700	1776	0
1701	1785	0
1702	1732	0
1703	1668	0
1704	1717	0
1705	1720	0
1706	1696	0
1707	1678	0
1708	1626	0
1709	1584	0
1710	1690	0
1711	1647	0
1712	1718	0
1713	1652	0
1714	1754	0
1715	1694	0
1716	1649	0
1717	1684	0
1718	1629	0
1719	1664	0
1720	1643	0
1721	1650	0
1722	1626	0
1723	1649	0
1724	1630	0
1725	1556	0
1726	1597	0
1727	1722	0
1728	1603	0
1729	1690	0
1730	1614	0
1731	1603	0
1732	1646	0
1733	1566	0
1734	1613	0
1735	1558	0
1736	1536	0
1737	1566	0
1738	1583	0
1739	1509	0
1740	1647	0
1741	1629	0
1742	1536	0
1743	1598	0
1744	1576	0
1745	1618	0
1746	1551	0
1747	1456	0
1748	1527	0
1749	1590	0
1750	1542	0
1751	1458	0
1752	1459	0
1753	1535	0
1754	1505	0
1755	1500	0
1756	1421	0
1757	1395	0
1758	1504	0
1759	1411	0
1760	1464	0
1761	1465	0
1762	1444	0
1763	1434	0
1764	1465	0
1765	1461	0
1766	1423	0
1767	1404	0
1768	1428	0
1769	1462	0
1770	1402	0
1771	1410	0
1772	1463	0
1773	1403	0
1774	1341	0
1775	1394	0
1776	1365	0
1777	1351	0
1778	1364	0
1779	1346	0
1780	1316	0
1781	1321	0
1782	1350	0
1783	1299	0
1784	1309	0
1785	1289	0
1786	1266	0
1787	1348	0
1788	1285	0
1789	1322	0
1790	1314	0
1791	1183	0
1792	1309	0
1793	1376	0
1794	1250	0
1795	1288	0
1796	1337	0
1797	1291	0
1798	1285	0
1799	1236	0
1800	1278	0
1801	1204	0
1802	1187	0
1803	1302	0
1804	1220	0
1805	1241	0
1806	1242	0
1807	1199	0
1808	1171	0
1809	1234	0
1810	1226	0
1811	1178	0
1812	1240	0
1813	1247	0
1814	1229	0
1815	1196	0
1816	1225	0
1817	1124	0
1818	1217	0
1819	1161	0
1820	1142	0
1821	1205	0
1822	1182	0
1823	1204	0
1824	1120	0
1825	1156	0
1826	1116	0
1827	1176	0
1828	1114	0
1829	1145	0
1830	1114	0
1831	1115	0
1832	1106	0
1833	1210	0
1834	1106	0
1835	1132	0
1836	1111	0
1837	1108	0
1838	1068	0
1839	1083	0
1840	1128	0
1841	1057	0
1842	1065	0
1843	1057	0
1844	1100	0
1845	1021	0
1846	1064	0
1847	1020	0
1848	1028	0
1849	1074	0
1850	1062	0
1851	931	0
1852	1023	0
1853	1012	0
1854	1022	0
1855	1013	0
1856	1003	0
1857	973	0
1858	948	0
1859	969	0
1860	972	0
1861	999	0
1862	958	0
1863	928	0
1864	990	0
1865	949	0
1866	978	0
1867	966	0
1868	965	0
1869	975	0
1870	909	0
1871	956	0
1872	935	0
1873	988	0
1874	921	0
1875	880	0
1876	913	0
1877	904	0
1878	910	0
1879	923	0
1880	837	0
1881	895	0
1882	885	0
1883	874	0
1884	908	0
1885	907	0
1886	903	0
1887	853	0
1888	886	0
1889	878	0
1890	827	0
1891	860	0
1892	826	0
1893	838	0
1894	791	0
1895	853	0
1896	873	0
1897	830	0
1898	786	0
1899	871	0
1900	794	0
1901	834	0
1902	782	0
1903	805	0
1904	781	0
1905	804	0
1906	771	0
1907	766	0
1908	765	0
1909	835	0
1910	699	0
1911	814	0
1912	775	0
1913	710	0
1914	789	0
1915	744	0
1916	777	0
1917	738	0
1918	768	0
1919	757	0
1920	771	0
1921	726	0
1922	757	0
1923	737	0
1924	752	0
1925	679	0
1926	732	0
1927	698	0
1928	721	0
1929	704	0
1930	719	0
1931	762	0
1932	728	0
1933	651	0
1934	652	0
1935	693	0
1936	709	0
1937	680	0
1938	677	0
1939	619	0
1940	620	0
1941	673	0
1942	639	0
1943	669	0
1944	640	0
1945	645	0
1946	645	0
1947	625	0
1948	643	0
1949	623	0
1950	644	0
1951	636	0
1952	649	0
1953	679	0
1954	605	0
1955	602	0
1956	586	0
1957	617	0
1958	614	0
1959	585	0
1960	576	0
1961	611	0
1962	575	0
1963	520	0
1964	610	0
1965	580	0
1966	585	0
1967	601	0
1968	635	0
1969	623	0
1970	566	0
1971	562	0
1972	588	0
1973	536	0
1974	572	0
1975	566	0
1976	607	0
1977	543	0
1978	513	0
1979	578	0
1980	554	0
1981	550	0
1982	526	0
1983	531	0
1984	494	0
1985	499	0
1986	510	0
1987	530	0
1988	518	0
1989	501	0
1990	543	0
1991	483	0
1992	495	0
1993	540	0
1994	503	0
1995	451	0
1996	525	0
1997	473	0
1998	472	0
1999	502	0
2000	465	0
2001	445	0
2002	467	0
2003	440	0
2004	446	0
2005	469	0
2006	424	0
2007	456	0
2008	475	0
2009	446	0
2010	458	0
2011	427	0
2012	412	0
2013	456	0
2014	418	0
2015	423	0
2016	428	0
2017	409	0
2018	421	0
2019	408	0
2020	423	0
2021	432	0
2022	408	0
2023	422	0
2024	394	0
2025	420	0
2026	410	0
2027	369	0
2028	376	0
2029	377	0
2030	376	0
2031	393	0
2032	395	0
2033	392	0
2034	373	0
2035	417	0
2036	352	0
2037	365	0
2038	377	0
2039	400	0
2040	370	0
2041	354	0
2042	338	0
2043	331	0
2044	338	0
2045	410	0
2046	352	0
2047	340	0
2048	332	0
2049	304	0
2050	338	0
2051	355	0
2052	345	0
2053	330	0
2054	320	0
2055	373	0
2056	349	0
2057	354	0
2058	334	0
2059	332	0
2060	339	0
2061	311	0
2062	358	0
2063	311	0
2064	314	0
2065	346	0
2066	311	0
2067	298	0
2068	333	0
2069	348	0
2070	307	0
2071	311	0
2072	307	0
2073	287	0
2074	338	0
2075	348	0
2076	294	0
2077	311	0
2078	315	0
2079	293	0
2080	292	0
2081	300	0
2082	315	0
2083	283	0
2084	288	0
2085	281	0
2086	289	0
2087	307	0
2088	287	0
2089	311	0
2090	311	0
2091	281	0
2092	317	0
2093	284	0
2094	295	0
2095	317	0
2096	259	0
2097	256	0
2098	274	0
2099	287	0
2100	274	0
2101	292	0
2102	269	0
2103	279	0
2104	263	0
2105	316	0
2106	255	0
2107	268	0
2108	274	0
2109	271	0
2110	301	0
2111	292	0
2112	269	0
2113	295	0
2114	284	0
2115	301	0
2116	264	0
2117	275	0
2118	262	0
2119	304	0
2120	261	0
2121	239	0
2122	290	0
2123	270	0
2124	240	0
2125	272	0
2126	269	0
2127	280	0
2128	277	0
2129	278	0
2130	271	0
2131	246	0
2132	275	0
2133	254	0
2134	247	0
2135	281	0
2136	249	0
2137	253	0
2138	256	0
2139	252	0
2140	229	0
2141	237	0
2142	230	0
2143	269	0
2144	233	0
2145	252	0
2146	259	0
2147	263	0
2148	250	0
2149	209	0
2150	236	0
2151	252	0
2152	211	0
2153	238	0
2154	256	0
2155	247	0
2156	219	0
2157	238	0
2158	223	0
2159	237	0
2160	203	0
2161	233	0
2162	219	0
2163	213	0
2164	233	0
2165	242	0
2166	221	0
2167	242	0
2168	216	0
2169	222	0
2170	230	0
2171	233	0
2172	240	0
2173	228	0
2174	221	0
2175	210	0
2176	186	0
2177	204	0
2178	217	0
2179	237	0
2180	208	0
2181	232	0
2182	217	0
2183	178	0
2184	212	0
2185	225	0
2186	199	0
2187	215	0
2188	206	0
2189	227	0
2190	224	0
2191	232	0
2192	194	0
2193	184	0
2194	187	0
2195	181	0
2196	200	0
2197	188	0
2198	213	0
2199	190	0
2200	197	0
2201	178	0
2202	182	0
2203	184	0
2204	233	0
2205	187	0
2206	185	0
2207	193	0
2208	203	0
2209	192	0
2210	202	0
2211	196	0
2212	188	0
2213	201	0
2214	189	0
2215	156	0
2216	197	0
2217	189	0
2218	194	0
2219	193	0
2220	180	0
2221	191	0
2222	173	0
2223	190	0
2224	183	0
2225	195	0
2226	185	0
2227	176	0
2228	163	0
2229	200	0
2230	181	0
2231	183	0
2232	179	0
2233	178	0
2234	181	0
2235	176	0
2236	178	0
2237	171	0
2238	179	0
2239	181	0
2240	187	0
2241	184	0
2242	177	0
2243	183	0
2244	177	0
2245	164	0
2246	203	0
2247	202	0
2248	169	0
2249	168	0
2250	192	0
2251	152	0
2252	200	0
2253	173	0
2254	176	0
2255	165	0
2256	158	0
2257	179	0
2258	182	0
2259	178	0
2260	186	0
2261	183	0
2262	166	0
2263	180	0
2264	175	0
2265	174	0
2266	192	0
2267	169	0
2268	166	0
2269	181	0
2270	192	0
2271	190	0
2272	167	0
2273	164	0
2274	207	0
2275	151	0
2276	159	0
2277	188	0
2278	164	0
2279	183	0
2280	169	0
2281	164	0
2282	174	0
2283	172	0
2284	156	0
2285	151	0
2286	193	0
2287	142	0
2288	158	0
2289	148	0
2290	136	0
2291	144	0
2292	165	0
2293	168	0
2294	148	0
2295	140	0
2296	158	0
2297	139	0
2298	155	0
2299	152	0
2300	124	0
2301	170	0
2302	150	0
2303	151	0
2304	138	0
2305	154	0
2306	130	0
2307	136	0
2308	152	0
2309	145	0
2310	149	0
2311	164	0
2312	144	0
2313	145	0
2314	145	0
2315	140	0
2316	165	0
2317	129	0
2318	124	0
2319	129	0
2320	136	0
2321	140	0
2322	158	0
2323	126	0
2324	140	0
2325	130	0
2326	143	0
2327	118	0
2328	125	0
2329	130	0
2330	138	0
2331	135	0
2332	140	0
2333	122	0
2334	132	0
2335	130	0
2336	131	0
2337	132	0
2338	128	0
2339	138	0
2340	121	0
2341	119	0
2342	137	0
2343	118	0
2344	136	0
2345	135	0
2346	123	0
2347	116	0
2348	143	0
2349	132	0
2350	127	0
2351	102	0
2352	113	0
2353	139	0
2354	125	0
2355	152	0
2356	129	0
2357	141	0
2358	126	0
2359	115	0
2360	140	0
2361	128	0
2362	119	0
2363	124	0
2364	135	0
2365	129	0
2366	125	0
2367	112	0
2368	118	0
2369	139	0
2370	117	0
2371	139	0
2372	116	0
2373	143	0
2374	107	0
2375	147	0
2376	110	0
2377	124	0
2378	118	0
2379	120	0
2380	128	0
2381	119	0
2382	128	0
2383	118	0
2384	112	0
2385	106	0
2386	117	0
2387	111	0
2388	114	0
2389	102	0
2390	124	0
2391	108	0
2392	127	0
2393	115	0
2394	119	0
2395	116	0
2396	93	0
2397	114	0
2398	123	0
2399	109	0
2400	116	0
2401	119	0
2402	107	0
2403	107	0
2404	117	0
2405	119	0
2406	128	0
2407	121	0
2408	110	0
2409	94	0
2410	120	0
2411	103	0
2412	104	0
2413	107	0
2414	122	0
2415	116	0
2416	94	0
2417	97	0
2418	118	0
2419	111	0
2420	100	0
2421	102	0
2422	115	0
2423	96	0
2424	91	0
2425	125	0
2426	96	0
2427	118	0
2428	90	0
2429	97	0
2430	112	0
2431	95	0
2432	102	0
2433	97	0
2434	115	0
2435	109	0
2436	101	0
2437	88	0
2438	85	0
2439	103	0
2440	91	0
2441	101	0
2442	90	0
2443	118	0
2444	117	0
2445	101	0
2446	89	0
2447	103	0
2448	96	0
2449	96	0
2450	105	0
2451	109	0
2452	95	0
2453	103	0
2454	105	0
2455	101	0
2456	95	0
2457	102	0
2458	112	0
2459	85	0
2460	110	0
2461	102	0
2462	91	0
2463	100	0
2464	106	0
2465	91	0
2466	100	0
2467	100	0
2468	97	0
2469	88	0
2470	110	0
2471	96	0
2472	92	0
2473	99	0
2474	84	0
2475	99	0
2476	88	0
2477	82	0
2478	85	0
2479	76	0
2480	89	0
2481	93	0
2482	81	0
2483	89	0
2484	89	0
2485	86	0
2486	94	0
2487	96	0
2488	92	0
2489	68	0
2490	87	0
2491	86	0
2492	64	0
2493	75	0
2494	68	0
2495	87	0
2496	98	0
2497	89	0
2498	82	0
2499	73	0
2500	97	0
2501	106	0
2502	72	0
2503	91	0
2504	95	0
2505	87	0
2506	109	0
2507	86	0
2508	92	0
2509	91	0
2510	68	0
2511	77	0
2512	87	0
2513	80	0
2514	83	0
2515	85	0
2516	83	0
2517	68	0
2518	78	0
2519	88	0
2520	84	0
2521	78	0
2522	107	0
2523	84	0
2524	92	0
2525	91	0
2526	83	0
2527	68	0
2528	84	0
2529	94	0
2530	93	0
2531	92	0
2532	99	0
2533	99	0
2534	74	0
2535	75	0
2536	93	0
2537	76	0
2538	78	0
2539	60	0
2540	74	0
2541	77	0
2542	74	0
2543	62	0
2544	85	0
2545	90	0
2546	93	0
2547	70	0
2548	87	0
2549	91	0
2550	75	0
2551	89	0
2552	79	0
2553	85	0
2554	94	0
2555	80	0
2556	81	0
2557	92	0
2558	75	0
2559	79	0
2560	87	0
2561	80	0
2562	81	0
2563	82	0
2564	99	0
2565	71	0
2566	79	0
2567	93	0
2568	79	0
2569	80	0
2570	90	0
2571	74	0
2572	76	0
2573	78	0
2574	88	0
2575	84	0
2576	91	0
2577	77	0
2578	79	0
2579	74	0
2580	83	0
2581	92	0
2582	87	0
2583	93	0
2584	68	0
2585	85	0
2586	77	0
2587	75	0
2588	100	0
2589	75	0
2590	66	0
2591	101	0
2592	80	0
2593	99	0
2594	86	0
2595	72	0
2596	95	0
2597	92	0
2598	87	0
2599	96	0
2600	100	0
2601	85	0
2602	99	0
2603	80	0
2604	90	0
2605	96	0
2606	102	0
2607	81	0
2608	68	0
2609	79	0
2610	88	0
2611	90	0
2612	83	0
2613	93	0
2614	96	0
2615	92	0
2616	93	0
2617	103	0
2618	100	0
2619	87	0
2620	80	0
2621	90	0
2622	87	0
2623	83	0
2624	81	0
2625	66	0
2626	93	0
2627	88	0
2628	73	0
2629	86	0
2630	82	0
2631	83	0
2632	85	0
2633	83	0
2634	93	0
2635	80	0
2636	80	0
2637	76	0
2638	81	0
2639	67	0
2640	94	0
2641	94	0
2642	92	0
2643	86	0
2644	90	0
2645	80	0
2646	89	0
2647	79	0
2648	75	0
2649	77	0
2650	70	0
2651	63	0
2652	69	0
2653	76	0
2654	53	0
2655	90	0
2656	72	0
2657	91	0
2658	90	0
2659	80	0
2660	90	0
2661	77	0
2662	85	0
2663	87	0
2664	76	0
2665	67	0
2666	71	0
2667	75	0
2668	82	0
2669	94	0
2670	65	0
2671	81	0
2672	72	0
2673	72	0
2674	79	0
2675	71	0
2676	77	0
2677	86	0
2678	78	0
2679	83	0
2680	92	0
2681	90	0
2682	66	0
2683	87	0
2684	89	0
2685	71	0
2686	83	0
2687	96	0
2688	72	0
2689	77	0
2690	86	0
2691	92	0
2692	77	0
2693	65	0
2694	92	0
2695	100	0
2696	85	0
2697	65	0
2698	66	0
2699	79	0
2700	91	0
2701	93	0
2702	74	0
2703	72	0
2704	73	0
2705	89	0
2706	82	0
2707	77	0
2708	84	0
2709	95	0
2710	82	0
2711	74	0
2712	67	0
2713	91	0
2714	76	0
2715	95	0
2716	70	0
2717	84	0
2718	86	0
2719	83	0
2720	86	0
2721	80	0
2722	79	0
2723	72	0
2724	96	0
2725	69	0
2726	82	0
2727	79	0
2728	79	0
2729	81	0
2730	76	0
2731	71	0
2732	67	0
2733	61	0
2734	72	0
2735	84	0
2736	62	0
2737	90	0
2738	75	0
2739	70	0
2740	82	0
2741	72	0
2742	68	0
2743	67	0
2744	60	0
2745	76	0
2746	71	0
2747	74	0
2748	50	0
2749	72	0
2750	74	0
2751	75	0
2752	77	0
2753	59	0
2754	67	0
2755	65	0
2756	71	0
2757	60	0
2758	70	0
2759	52	0
2760	64	0
2761	72	0
2762	67	0
2763	92	0
2764	77	0
2765	66	0
2766	67	0
2767	52	0
2768	67	0
2769	72	0
2770	67	0
2771	60	0
2772	72	0
2773	68	0
2774	63	0
2775	72	0
2776	78	0
2777	76	0
2778	69	0
2779	64	0
2780	57	0
2781	73	0
2782	70	0
2783	61	0
2784	57	0
2785	70	0
2786	58	0
2787	80	0
2788	83	0
2789	66	0
2790	65	0
2791	69	0
2792	63	0
2793	70	0
2794	61	0
2795	74	0
2796	74	0
2797	75	0
2798	68	0
2799	59	0
2800	60	0
2801	66	0
2802	44	0
2803	72	0
2804	60	0
2805	60	0
2806	76	0
2807	61	0
2808	63	0
2809	65	0
2810	62	0
2811	69	0
2812	54	0
2813	55	0
2814	57	0
2815	59	0
2816	55	0
2817	59	0
2818	54	0
2819	53	0
2820	55	0
2821	62	0
2822	64	0
2823	73	0
2824	50	0
2825	57	0
2826	69	0
2827	66	0
2828	62	0
2829	63	0
2830	59	0
2831	67	0
2832	60	0
2833	66	0
2834	74	0
2835	52	0
2836	52	0
2837	75	0
2838	69	0
2839	58	0
2840	62	0
2841	71	0
2842	52	0
2843	56	0
2844	56	0
2845	54	0
2846	58	0
2847	59	0
2848	48	0
2849	57	0
2850	53	0
2851	65	0
2852	50	0
2853	55	0
2854	62	0
2855	58	0
2856	50	0
2857	65	0
2858	54	0
2859	56	0
2860	54	0
2861	67	0
2862	67	0
2863	53	0
2864	50	0
2865	64	0
2866	65	0
2867	49	0
2868	53	0
2869	60	0
2870	41	0
2871	55	0
2872	59	0
2873	57	0
2874	47	0
2875	53	0
2876	47	0
2877	42	0
2878	59	0
2879	52	0
2880	44	0
2881	63	0
2882	46	0
2883	41	0
2884	51	0
2885	59	0
2886	55	0
2887	48	0
2888	50	0
2889	53	0
2890	58	0
2891	59	0
2892	46	0
2893	58	0
2894	47	0
2895	53	0
2896	67	0
2897	50	0
2898	43	0
2899	49	0
2900	48	0
2901	49	0
2902	46	0
2903	41	0
2904	49	0
2905	51	0
2906	59	0
2907	45	0
2908	68	0
2909	52	0
2910	48	0
2911	46	0
2912	60	0
2913	51	0
2914	53	0
2915	40	0
2916	56	0
2917	43	0
2918	49	0
2919	49	0
2920	50	0
2921	49	0
2922	57	0
2923	49	0
2924	72	0
2925	36	0
2926	35	0
2927	51	0
2928	50	0
2929	60	0
2930	58	0
2931	43	0
2932	53	0
2933	44	0
2934	56	0
2935	45	0
2936	67	0
2937	39	0
2938	49	0
2939	59	0
2940	56	0
2941	50	0
2942	50	0
2943	43	0
2944	62	0
2945	57	0
2946	45	0
2947	57	0
2948	43	0
2949	60	0
2950	39	0
2951	70	0
2952	49	0
2953	55	0
2954	51	0
2955	42	0
2956	44	0
2957	46	0
2958	50	0
2959	42	0
2960	37	0
2961	57	0
2962	68	0
2963	37	0
2964	49	0
2965	48	0
2966	40	0
2967	48	0
2968	49	0
2969	48	0
2970	54	0
2971	43	0
2972	42	0
2973	38	0
2974	52	0
2975	57	0
2976	40	0
2977	53	0
2978	48	0
2979	37	0
2980	43	0
2981	49	0
2982	58	0
2983	40	0
2984	43	0
2985	49	0
2986	51	0
2987	37	0
2988	44	0
2989	42	0
2990	37	0
2991	48	0
2992	50	0
2993	45	0
2994	56	0
2995	51	0
2996	43	0
2997	50	0
2998	40	0
2999	42	0
3000	41	0
3001	39	0
3002	48	0
3003	43	0
3004	35	0
3005	41	0
3006	40	0
3007	40	0
3008	45	0
3009	41	0
3010	36	0
3011	43	0
3012	34	0
3013	48	0
3014	53	0
3015	38	0
3016	60	0
3017	44	0
3018	35	0
3019	41	0
3020	34	0
3021	50	0
3022	49	0
3023	54	0
3024	38	0
3025	40	0
3026	52	0
3027	62	0
3028	33	0
3029	59	0
3030	50	0
3031	46	0
3032	47	0
3033	43	0
3034	32	0
3035	41	0
3036	44	0
3037	38	0
3038	32	0
3039	49	0
3040	35	0
3041	41	0
3042	44	0
3043	41	0
3044	37	0
3045	44	0
3046	41	0
3047	32	0
3048	43	0
3049	48	0
3050	35	0
3051	38	0
3052	31	0
3053	49	0
3054	38	0
3055	35	0
3056	42	0
3057	43	0
3058	40	0
3059	41	0
3060	45	0
3061	57	0
3062	37	0
3063	35	0
3064	32	0
3065	38	0
3066	42	0
3067	38	0
3068	34	0
3069	32	0
3070	28	0
3071	35	0
3072	44	0
3073	32	0
3074	40	0
3075	31	0
3076	32	0
3077	28	0
3078	35	0
3079	43	0
3080	37	0
3081	27	0
3082	27	0
3083	34	0
3084	43	0
3085	25	0
3086	27	0
3087	22	0
3088	29	0
3089	41	0
3090	36	0
3091	29	0
3092	31	0
3093	36	0
3094	23	0
3095	37	0
3096	27	0
3097	27	0
3098	30	0
3099	20	0
3100	32	0
3101	29	0
3102	24	0
3103	24	0
3104	24	0
3105	28	0
3106	28	0
3107	33	0
3108	34	0
3109	28	0
3110	24	0
3111	30	0
3112	35	0
3113	23	0
3114	21	0
3115	27	0
3116	26	0
3117	26	0
3118	27	0
3119	30	0
3120	25	0
3121	30	0
3122	21	0
3123	30	0
3124	28	0
3125	35	0
3126	33	0
3127	16	0
3128	28	0
3129	26	0
3130	29	0
3131	28	0
3132	27	0
3133	21	0
3134	23	0
3135	19	0
3136	27	0
3137	22	0
3138	26	0
3139	19	0
3140	28	0
3141	17	0
3142	28	0
3143	30	0
3144	28	0
3145	22	0
3146	27	0
3147	27	0
3148	19	0
3149	25	0
3150	17	0
3151	22	0
3152	13	0
3153	14	0
3154	21	0
3155	26	0
3156	16	0
3157	27	0
3158	29	0
3159	28	0
3160	17	0
3161	25	0
3162	18	0
3163	26	0
3164	28	0
3165	28	0
3166	31	0
3167	22	0
3168	19	0
3169	22	0
3170	25	0
3171	17	0
3172	15	0
3173	14	0
3174	16	0
3175	17	0
3176	17	0
3177	26	0
3178	15	0
3179	24	0
3180	14	0
3181	15	0
3182	16	0
3183	19	0
3184	25	0
3185	12	0
3186	28	0
3187	19	0
3188	22	0
3189	25	0
3190	20	0
3191	16	0
3192	15	0
3193	20	0
3194	17	0
3195	14	0
3196	19	0
3197	20	0
3198	20	0
3199	12	0
3200	12	0
3201	18	0
3202	14	0
3203	13	0
3204	17	0
3205	15	0
3206	10	0
3207	22	0
3208	22	0
3209	10	0
3210	12	0
3211	12	0
3212	16	0
3213	11	0
3214	17	0
3215	15	0
3216	12	0
3217	19	0
3218	12	0
3219	13	0
3220	17	0
3221	12	0
3222	11	0
3223	13	0
3224	20	0
3225	17	0
3226	21	0
3227	14	0
3228	13	0
3229	6	0
3230	13	0
3231	12	0
3232	12	0
3233	9	0
3234	18	0
3235	11	0
3236	13	0
3237	10	0
3238	6	0
3239	11	0
3240	6	0
3241	13	0
3242	8	0
3243	11	0
3244	10	0
3245	12	0
3246	9	0
3247	8	0
3248	5	0
3249	9	0
3250	11	0
3251	10	0
3252	7	0
3253	11	0
3254	7	0
3255	11	0
3256	12	0
3257	12	0
3258	12	0
3259	6	0
3260	11	0
3261	8	0
3262	12	0
3263	10	0
3264	10	0
3265	8	0
3266	11	0
3267	7	0
3268	10	0
3269	8	0
3270	10	0
3271	7	0
3272	13	0
3273	4	0
3274	7	0
3275	8	0
3276	5	0
3277	9	0
3278	5	0
3279	4	0
3280	6	0
3281	7	0
3282	7	0
3283	10	0
3284	10	0
3285	7	0
3286	7	0
3287	4	0
3288	2	0
3289	6	0
3290	7	0
3291	4	0
3292	7	0
3293	5	0
3294	9	0
3295	6	0
3296	7	0
3297	1	0
3298	5	0
3299	1	0
3300	6	0
3301	7	0
3302	4	0
3303	5	0
3304	5	0
3305	9	0
3306	11	0
3307	4	0
3308	6	0
3309	7	0
3310	5	0
3311	2	0
3312	3	0
3313	3	0
3314	9	0
3315	3	0
3316	4	0
3317	6	0
3318	6	0
3319	6	0
3320	7	0
3321	5	0
3322	4	0
3323	5	0
3324	8	0
3325	3	0
3326	6	0
3327	1	0
3328	2	0
3329	2	0
3330	2	0
3331	7	0
3332	6	0
3333	3	0
3334	3	0
3335	6	0
3336	6	0
3337	2	0
3338	3	0
3339	5	0
3340	7	0
3341	2	0
3342	5	0
3343	4	0
3344	7	0
3345	5	0
3346	8	0
3347	3	0
3348	5	0
3349	7	0
3350	7	0
3351	2	0
3352	2	0
3353	0	0
3354	2	0
3355	2	0
3356	1	0
3357	5	0
3358	5	0
3359	8	0
3360	3	0
3361	2	0
3362	5	0
3363	4	0
3364	4	0
3365	7	0
3366	3	0
3367	2	0
3368	2	0
3369	4	0
3370	1	0
3371	3	0
3372	3	0
3373	5	0
3374	7	0
3375	2	0
3376	4	0
3377	2	0
3378	2	0
3379	2	0
3380	4	0
3381	4	0
3382	2	0
3383	1	0
3384	3	0
3385	3	0
3386	4	0
3387	3	0
3388	2	0
3389	2	0
3390	1	0
3391	2	0
3392	3	0
3393	4	0
3394	3	0
3395	4	0
3396	6	0
3397	3	0
3398	5	0
3399	3	0
3400	2	0
3401	2	0
3402	3	0
3403	3	0
3404	2	0
3405	2	0
3406	4	0
3407	2	0
3408	6	0
3409	2	0
3410	3	0
3411	1	0
3412	1	0
3413	1	0
3414	1	0
3415	0	0
3416	5	0
3417	1	0
3418	2	0
3419	2	0
3420	1	0
3421	2	0
3422	2	0
3423	1	0
3424	2	0
3425	3	0
3426	4	0
3427	0	0
3428	0	0
3429	2	0
3430	1	0
3431	1	0
3432	2	0
3433	2	0
3434	1	0
3435	1	0
3436	1	0
3437	1	0
3438	2	0
3439	2	0
3440	3	0
3441	0	0
3442	1	0
3443	1	0
3444	2	0
3445	1	0
3446	0	0
3447	4	0
3448	3	0
3449	0	0
3450	0	0
3451	1	0
3452	1	0
3453	2	0
3454	1	0
3455	3	0
3456	0	0
3457	0	0
3458	0	0
3459	2	0
3460	1	0
3461	2	0
3462	1	0
3463	0	0
3464	1	0
3465	0	0
3466	0	0
3467	0	0
3468	1	0
3469	2	0
3470	1	0
3471	1	0
3472	0	0
3473	1	0
3474	2	0
3475	0	0
3476	1	0
3477	1	0
3478	0	0
3479	0	0
3480	0	0
3481	4	0
3482	0	0
3483	0	0
3484	0	0
3485	1	0
3486	0	0
3487	1	0
3488	0	0
3489	0	0
3490	1	0
3491	0	0
3492	1	0
3493	0	0
3494	0	0
3495	1	0
3496	4	0
3497	0	0
3498	1	0
3499	3	0
3500	1	0
3501	3	0
3502	0	0
3503	1	0
3504	1	0
3505	0	0
3506	1	0
3507	0	0
3508	0	0
3509	0	0
3510	0	0
3511	0	0
3512	1	0
3513	0	0
3514	1	0
3515	1	0
3516	1	0
3517	0	0
3518	1	0
3519	1	0
3520	2	0
3521	1	0
3522	0	0
3523	0	0
3524	1	0
3525	0	0
3526	1	0
3527	0	0
3528	1	0
3529	0	0
3530	1	0
3531	2	0
3532	0	0
3533	0	0
3534	0	0
3535	0	0
3536	1	0
3537	0	0
3538	0	0
3539	0	0
3540	0	0
3541	0	0
3542	0	0
3543	1	0
3544	0	0
3545	0	0
3546	2	0
3547	2	0
3548	2	0
3549	0	0
3550	1	0
3551	0	0
3552	0	0
3553	0	0
3554	0	0
3555	2	0
3556	0	0
3557	0	0
3558	2	0
3559	1	0
3560	1	0
3561	2	0
3562	0	0
3563	0	0
3564	1	0
3565	1	0
3566	1	0
3567	3	0
3568	1	0
3569	1	0
3570	1	0
3571	0	0
3572	0	0
3573	0	0
3574	1	0
3575	0	0
3576	2	0
3577	1	0
3578	0	0
3579	2	0
3580	1	0
3581	0	0
3582	0	0
3583	1	0
3584	1	0
3585	0	0
3586	0	0
3587	0	0
3588	1	0
3589	0	0
3590	1	0
3591	0	0
3592	0	0
3593	1	0
3594	2	0
3595	0	0
3596	1	0
3597	0	0
3598	0	0
3599	2	0
3600	0	0
3601	2	0
3602	1	0
3603	1	0
3604	0	0
3605	1	0
3606	0	0
3607	1	0
3608	0	0
3609	1	0
3610	0	0
3611	1	0
3612	1	0
3613	0	0
3614	0	0
3615	0	0
3616	0	0
3617	2	0
3618	0	0
3619	0	0
3620	1	0
3621	1	0
3622	2	0
3623	0	0
3624	0	0
3625	2	0
3626	1	0
3627	0	0
3628	1	0
3629	1	0
3630	1	0
3631	2	0
3632	2	0
3633	3	0
3634	1	0
3635	1	0
3636	0	0
3637	3	0
3638	2	0
3639	2	0
3640	1	0
3641	1	0
3642	2	0
3643	0	0
3644	2	0
3645	3	0
3646	2	0
3647	3	0
3648	2	0
3649	2	0
3650	0	0
3651	0	0
3652	0	0
3653	1	0
3654	3	0
3655	1	0
3656	0	0
3657	0	0
3658	1	0
3659	1	0
3660	1	0
3661	2	0
3662	3	0
3663	1	0
3664	1	0
3665	1	0
3666	2	0
3667	1	0
3668	0	0
3669	2	0
3670	1	0
3671	2	0
3672	0	0
3673	0	0
3674	1	0
3675	0	0
3676	1	0
3677	7	0
3678	1	0
3679	0	0
3680	1	0
3681	0	0
3682	1	0
3683	2	0
3684	1	0
3685	0	0
3686	2	0
3687	0	0
3688	0	0
3689	2	0
3690	2	0
3691	1	0
3692	2	0
3693	2	0
3694	0	0
3695	1	0
3696	1	0
3697	2	0
3698	2	0
3699	1	0
3700	3	0
3701	0	0
3702	0	0
3703	3	0
3704	0	0
3705	1	0
3706	2	0
3707	1	0
3708	2	0
3709	0	0
3710	1	0
3711	0	0
3712	2	0
3713	1	0
3714	1	0
3715	0	0
3716	1	0
3717	2	0
3718	0	0
3719	1	0
3720	1	0
3721	1	0
3722	1	0
3723	0	0
3724	2	0
3725	0	0
3726	0	0
3727	1	0
3728	0	0
3729	0	0
3730	0	0
3731	2	0
3732	0	0
3733	0	0
3734	3	0
3735	2	0
3736	1	0
3737	0	0
3738	1	0
3739	0	0
3740	1	0
3741	3	0
3742	1	0
3743	1	0
3744	0	0
3745	2	0
3746	1	0
3747	1	0
3748	2	0
3749	0	0
3750	1	0
3751	0	0
3752	0	0
3753	0	0
3754	2	0
3755	1	0
3756	1	0
3757	0	0
3758	1	0
3759	0	0
3760	0	0
3761	0	0
3762	0	0
3763	2	0
3764	1	0
3765	0	0
3766	0	0
3767	1	0
3768	0	0
3769	1	0
3770	3	0
3771	0	0
3772	0	0
3773	1	0
3774	3	0
3775	1	0
3776	1	0
3777	0	0
3778	0	0
3779	0	0
3780	0	0
3781	2	0
3782	0	0
3783	1	0
3784	0	0
3785	1	0
3786	0	0
3787	0	0
3788	1	0
3789	1	0
3790	0	0
3791	2	0
3792	0	0
3793	0	0
3794	0	0
3795	1	0
3796	1	0
3797	2	0
3798	1	0
3799	1	0
3800	1	0
3801	0	0
3802	4	0
3803	1	0
3804	1	0
3805	2	0
3806	1	0
3807	2	0
3808	1	0
3809	1	0
3810	2	0
3811	2	0
3812	2	0
3813	0	0
3814	0	0
3815	0	0
3816	1	0
3817	2	0
3818	2	0
3819	2	0
3820	1	0
3821	0	0
3822	2	0
3823	1	0
3824	2	0
3825	1	0
3826	0	0
3827	2	0
3828	0	0
3829	1	0
3830	1	0
3831	1	0
3832	2	0
3833	0	0
3834	2	0
3835	0	0
3836	0	0
3837	1	0
3838	0	0
3839	0	0
3840	1	0
3841	0	0
3842	1	0
3843	0	0
3844	0	0
3845	0	0
3846	0	0
3847	3	0
3848	1	0
3849	1	0
3850	1	0
3851	2	0
3852	3	0
3853	2	0
3854	0	0
3855	2	0
3856	2	0
3857	1	0
3858	3	0
3859	1	0
3860	0	0
3861	1	0
3862	0	0
3863	0	0
3864	1	0
3865	0	0
3866	0	0
3867	1	0
3868	0	0
3869	0	0
3870	3	0
3871	2	0
3872	2	0
3873	2	0
3874	0	0
3875	1	0
3876	0	0
3877	2	0
3878	0	0
3879	1	0
3880	1	0
3881	1	0
3882	0	0
3883	1	0
3884	0	0
3885	1	0
3886	0	0
3887	2	0
3888	1	0
3889	0	0
3890	1	0
3891	4	0
3892	2	0
3893	0	0
3894	2	0
3895	1	0
3896	0	0
3897	0	0
3898	0	0
3899	2	0
3900	0	0
3901	0	0
3902	2	0
3903	2	0
3904	2	0
3905	1	0
3906	1	0
3907	2	0
3908	0	0
3909	3	0
3910	2	0
3911	0	0
3912	0	0
3913	1	0
3914	0	0
3915	0	0
3916	0	0
3917	0	0
3918	1	0
3919	0	0
3920	0	0
3921	1	0
3922	0	0
3923	0	0
3924	1	0
3925	1	0
3926	0	0
3927	0	0
3928	1	0
3929	0	0
3930	1	0
3931	0	0
3932	0	0
3933	0	0
3934	0	0
3935	0	0
3936	1	0
3937	1	0
3938	2	0
3939	0	0
3940	0	0
3941	1	0
3942	0	0
3943	0	0
3944	0	0
3945	0	0
3946	1	0
3947	3	0
3948	0	0
3949	0	0
3950	0	0
3951	1	0
3952	0	0
3953	2	0
3954	3	0
3955	0	0
3956	0	0
3957	0	0
3958	0	0
3959	0	0
3960	0	0
3961	0	0
3962	2	0
3963	1	0
3964	1	0
3965	0	0
3966	1	0
3967	0	0
3968	2	0
3969	0	0
3970	0	0
3971	1	0
3972	1	0
3973	1	0
3974	1	0
3975	0	0
3976	2	0
3977	0	0
3978	0	0
3979	1	0
3980	0	0
3981	0	0
3982	1	0
3983	0	0
3984	0	0
3985	0	0
3986	0	0
3987	0	0
3988	0	0
3989	0	0
3990	0	0
3991	0	0
3992	0	0
3993	1	0
3994	1	0
3995	1	0
3996	1	0
3997	0	0
3998	0	0
3999	0	0
4000	0	0
4001	0	0
4002	0	0
4003	0	0
4004	0	0
4005	0	0
4006	1	0
4007	2	0
4008	0	0
4009	2	0
4010	0	0
4011	1	0
4012	0	0
4013	0	0
4014	2	0
4015	0	0
4016	1	0
4017	0	0
4018	0	0
4019	0	0
4020	0	0
4021	1	0
4022	1	0
4023	1	0
4024	1	0
4025	1	0
4026	0	0
4027	0	0
4028	1	0
4029	1	0
4030	0	0
4031	0	0
4032	1	0
4033	0	0
4034	1	0
4035	0	0
4036	0	0
4037	1	0
4038	0	0
4039	0	0
4040	1	0
4041	0	0
4042	2	0
4043	1	0
4044	0	0
4045	0	0
4046	2	0
4047	0	0
4048	1	0
4049	0	0
4050	1	0
4051	0	0
4052	0	0
4053	0	0
4054	0	0
4055	0	0
4056	1	0
4057	0	0
4058	1	0
4059	1	0
4060	2	0
4061	0	0
4062	0	0
4063	1	0
4064	3	0
4065	1	0
4066	0	0
4067	0	0
4068	0	0
4069	2	0
4070	0	0
4071	0	0
4072	1	0
4073	0	0
4074	0	0
4075	1	0
4076	0	0
4077	2	0
4078	1	0
4079	1	0
4080	1	0
4081	0	0
4082	0	0
4083	1	0
4084	1	0
4085	0	0
4086	0	0
4087	0	0
4088	2	0
4089	0	0
4090	1	0
4091	0	0
4092	1	0
4093	0	0
4094	0	0
4095	0	0
4096	0	0
4097	0	0
4098	1	0
4099	0	0
4100	0	0
4101	1	0
4102	0	0
4103	1	0
4104	1	0
4105	1	0
4106	1	0
4107	0	0
4108	0	0
4109	0	0
4110	1	0
4111	0	0
4112	0	0
4113	0	0
4114	0	0
4115	0	0
4116	0	0
4117	0	0
4118	0	0
4119	2	0
4120	1	0
4121	0	0
4122	0	0
4123	1	0
4124	0	0
4125	1	0
4126	0	0
4127	0	0
4128	2	0
4129	1	0
4130	0	0
4131	1	0
4132	0	0
4133	1	0
4134	0	0
4135	0	0
4136	0	0
4137	1	0
4138	1	0
4139	0	0
4140	0	0
4141	0	0
4142	0	0
4143	0	0
4144	0	0
4145	1	0
4146	0	0
4147	1	0
4148	0	0
4149	1	0
4150	1	0
4151	0	0
4152	0	0
4153	0	0
4154	1	0
4155	0	0
4156	1	0
4157	0	0
4158	1	0
4159	0	0
4160	2	0
4161	1	0
4162	0	0
4163	2	0
4164	0	0
4165	0	0
4166	0	0
4167	0	0
4168	1	0
4169	1	0
4170	1	0
4171	0	0
4172	0	0
4173	0	0
4174	1	0
4175	0	0
4176	0	0
4177	0	0
4178	1	0
4179	0	0
4180	0	0
4181	1	0
4182	0	0
4183	2	0
4184	1	0
4185	0	0
4186	1	0
4187	2	0
4188	1	0
4189	0	0
4190	0	0
4191	0	0
4192	3	0
4193	2	0
4194	0	0
4195	0	0
4196	1	0
4197	1	0
4198	1	0
4199	0	0
4200	0	0
4201	2	0
4202	1	0
4203	0	0
4204	1	0
4205	0	0
4206	0	0
4207	1	0
4208	1	0
4209	0	0
4210	0	0
4211	0	0
4212	0	0
4213	0	0
4214	0	0
4215	0	0
4216	1	0
4217	1	0
4218	1	0
4219	0	0
4220	0	0
4221	0	0
4222	0	0
4223	1	0
4224	0	0
4225	1	0
4226	1	0
4227	0	0
4228	0	0
4229	0	0
4230	0	0
4231	2	0
4232	1	0
4233	3	0
4234	0	0
4235	1	0
4236	0	0
4237	1	0
4238	3	0
4239	0	0
4240	0	0
4241	0	0
4242	0	0
4243	0	0
4244	1	0
4245	1	0
4246	0	0
4247	0	0
4248	0	0
4249	1	0
4250	0	0
4251	0	0
4252	0	0
4253	0	0
4254	1	0
4255	1	0
4256	1	0
4257	1	0
4258	0	0
4259	0	0
4260	0	0
4261	2	0
4262	1	0
4263	0	0
4264	1	0
4265	0	0
4266	1	0
4267	1	0
4268	1	0
4269	0	0
4270	1	0
4271	0	0
4272	0	0
4273	1	0
4274	1	0
4275	1	0
4276	1	0
4277	0	0
4278	1	0
4279	2	0
4280	0	0
4281	0	0
4282	0	0
4283	1	0
4284	0	0
4285	0	0
4286	1	0
4287	0	0
4288	0	0
4289	1	0
4290	0	0
4291	0	0
4292	1	0
4293	0	0
4294	0	0
4295	0	0
4296	0	0
4297	3	0
4298	1	0
4299	1	0
4300	2	0
4301	1	0
4302	0	0
4303	1	0
4304	0	0
4305	1	0
4306	0	0
4307	1	0
4308	1	0
4309	0	0
4310	0	0
4311	1	0
4312	1	0
4313	1	0
4314	1	0
4315	2	0
4316	1	0
4317	0	0
4318	2	0
4319	1	0
4320	0	0
4321	0	0
4322	1	0
4323	0	0
4324	0	0
4325	1	0
4326	0	0
4327	2	0
4328	0	0
4329	0	0
4330	0	0
4331	0	0
4332	1	0
4333	0	0
4334	0	0
4335	1	0
4336	1	0
4337	0	0
4338	1	0
4339	0	0
4340	0	0
4341	0	0
4342	2	0
4343	0	0
4344	0	0
4345	0	0
4346	0	0
4347	0	0
4348	1	0
4349	1	0
4350	0	0
4351	0	0
4352	1	0
4353	1	0
4354	0	0
4355	0	0
4356	0	0
4357	0	0
4358	0	0
4359	0	0
4360	1	0
4361	0	0
4362	0	0
4363	1	0
4364	2	0
4365	1	0
4366	0	0
4367	0	0
4368	0	0
4369	2	0
4370	0	0
4371	0	0
4372	0	0
4373	0	0
4374	0	0
4375	0	0
4376	0	0
4377	1	0
4378	0	0
4379	2	0
4380	0	0
4381	0	0
4382	0	0
4383	0	0
4384	2	0
4385	0	0
4386	0	0
4387	0	0
4388	0	0
4389	0	0
4390	1	0
4391	0	0
4392	0	0
4393	1	0
4394	0	0
4395	1	0
4396	0	0
4397	0	0
4398	0	0
4399	1	0
4400	1	0
4401	2	0
4402	1	0
4403	1	0
4404	0	0
4405	1	0
4406	0	0
4407	1	0
4408	0	0
4409	1	0
4410	0	0
4411	0	0
4412	1	0
4413	0	0
4414	0	0
4415	2	0
4416	0	0
4417	2	0
4418	0	0
4419	0	0
4420	0	0
4421	1	0
4422	0	0
4423	0	0
4424	1	0
4425	0	0
4426	1	0
4427	0	0
4428	1	0
4429	0	0
4430	0	0
4431	0	0
4432	0	0
4433	1	0
4434	2	0
4435	0	0
4436	1	0
4437	1	0
4438	1	0
4439	0	0
4440	0	0
4441	1	0
4442	0	0
4443	1	0
4444	0	0
4445	0	0
4446	1	0
4447	1	0
4448	2	0
4449	1	0
4450	2	0
4451	1	0
4452	0	0
4453	1	0
4454	1	0
4455	1	0
4456	0	0
4457	0	0
4458	0	0
4459	0	0
4460	1	0
4461	1	0
4462	2	0
4463	1	0
4464	2	0
4465	1	0
4466	0	0
4467	1	0
4468	0	0
4469	2	0
4470	0	0
4471	0	0
4472	0	0
4473	1	0
4474	0	0
4475	0	0
4476	0	0
4477	0	0
4478	0	0
4479	1	0
4480	0	0
4481	0	0
4482	0	0
4483	0	0
4484	2	0
4485	1	0
4486	3	0
4487	2	0
4488	0	0
4489	2	0
4490	0	0
4491	1	0
4492	2	0
4493	1	0
4494	0	0
4495	1	0
4496	0	0
4497	1	0
4498	0	0
4499	1	0
4500	0	0
4501	1	0
4502	0	0
4503	4	0
4504	1	0
4505	0	0
4506	0	0
4507	2	0
4508	3	0
4509	0	0
4510	0	0
4511	1	0
4512	0	0
4513	0	0
4514	0	0
4515	0	0
4516	2	0
4517	1	0
4518	0	0
4519	0	0
4520	0	0
4521	0	0
4522	0	0
4523	0	0
4524	1	0
4525	0	0
4526	0	0
4527	2	0
4528	0	0
4529	0	0
4530	0	0
4531	0	0
4532	0	0
4533	1	0
4534	1	0
4535	1	0
4536	0	0
4537	3	0
4538	0	0
4539	2	0
4540	0	0
4541	0	0
4542	0	0
4543	0	0
4544	0	0
4545	2	0
4546	1	0
4547	0	0
4548	0	0
4549	0	0
4550	0	0
4551	1	0
4552	0	0
4553	0	0
4554	1	0
4555	0	0
4556	0	0
4557	0	0
4558	0	0
4559	0	0
4560	0	0
4561	4	0
4562	0	0
4563	0	0
4564	0	0
4565	0	0
4566	0	0
4567	2	0
4568	0	0
4569	2	0
4570	0	0
4571	0	0
4572	0	0
4573	0	0
4574	1	0
4575	0	0
4576	0	0
4577	2	0
4578	0	0
4579	0	0
4580	0	0
4581	0	0
4582	1	0
4583	0	0
4584	0	0
4585	0	0
4586	1	0
4587	0	0
4588	0	0
4589	0	0
4590	0	0
4591	1	0
4592	1	0
4593	0	0
4594	1	0
4595	2	0
4596	0	0
4597	2	0
4598	0	0
4599	0	0
4600	1	0
4601	1	0
4602	0	0
4603	1	0
4604	0	0
4605	0	0
4606	0	0
4607	0	0
4608	0	0
4609	0	0
4610	0	0
4611	0	0
4612	0	0
4613	0	0
4614	1	0
4615	0	0
4616	2	0
4617	0	0
4618	1	0
4619	0	0
4620	1	0
4621	0	0
4622	1	0
4623	0	0
4624	0	0
4625	1	0
4626	0	0
4627	1	0
4628	0	0
4629	1	0
4630	1	0
4631	0	0
4632	2	0
4633	1	0
4634	1	0
4635	0	0
4636	1	0
4637	0	0
4638	0	0
4639	0	0
4640	0	0
4641	0	0
4642	1	0
4643	0	0
4644	0	0
4645	0	0
4646	0	0
4647	1	0
4648	0	0
4649	0	0
4650	1	0
4651	0	0
4652	0	0
4653	0	0
4654	0	0
4655	0	0
4656	0	0
4657	0	0
4658	0	0
4659	0	0
4660	1	0
4661	1	0
4662	0	0
4663	1	0
4664	1	0
4665	0	0
4666	0	0
4667	0	0
4668	0	0
4669	0	0
4670	0	0
4671	1	0
4672	0	0
4673	2	0
4674	0	0
4675	1	0
4676	1	0
4677	0	0
4678	0	0
4679	1	0
4680	0	0
4681	2	0
4682	0	0
4683	0	0
4684	1	0
4685	1	0
4686	0	0
4687	0	0
4688	1	0
4689	0	0
4690	1	0
4691	1	0
4692	1	0
4693	0	0
4694	0	0
4695	0	0
4696	0	0
4697	0	0
4698	1	0
4699	1	0
4700	0	0
4701	0	0
4702	0	0
4703	1	0
4704	1	0
4705	0	0
4706	0	0
4707	0	0
4708	1	0
4709	0	0
4710	0	0
4711	0	0
4712	0	0
4713	1	0
4714	0	0
4715	0	0
4716	0	0
4717	0	0
4718	1	0
4719	2	0
4720	0	0
4721	0	0
4722	0	0
4723	0	0
4724	0	0
4725	0	0
4726	0	0
4727	0	0
4728	0	0
4729	1	0
4730	0	0
4731	0	0
4732	0	0
4733	0	0
4734	0	0
4735	1	0
4736	0	0
4737	1	0
4738	0	0
4739	0	0
4740	0	0
4741	0	0
4742	1	0
4743	0	0
4744	1	0
4745	0	0
4746	0	0
4747	0	0
4748	1	0
4749	0	0
4750	1	0
4751	0	0
4752	2	0
4753	1	0
4754	1	0
4755	0	0
4756	0	0
4757	0	0
4758	0	0
4759	1	0
4760	1	0
4761	1	0
4762	1	0
4763	0	0
4764	2	0
4765	1	0
4766	0	0
4767	0	0
4768	0	0
4769	0	0
4770	0	0
4771	0	0
4772	0	0
4773	1	0
4774	1	0
4775	0	0
4776	1	0
4777	0	0
4778	1	0
4779	0	0
4780	0	0
4781	0	0
4782	0	0
4783	1	0
4784	0	0
4785	0	0
4786	0	0
4787	2	0
4788	0	0
4789	0	0
4790	0	0
4791	1	0
4792	0	0
4793	0	0
4794	0	0
4795	1	0
4796	0	0
4797	0	0
4798	2	0
4799	0	0
4800	2	0
4801	0	0
4802	1	0
4803	0	0
4804	1	0
4805	0	0
4806	0	0
4807	0	0
4808	0	0
4809	2	0
4810	0	0
4811	0	0
4812	1	0
4813	0	0
4814	0	0
4815	0	0
4816	0	0
4817	0	0
4818	1	0
4819	0	0
4820	1	0
4821	0	0
4822	1	0
4823	0	0
4824	1	0
4825	0	0
4826	0	0
4827	1	0
4828	0	0
4829	0	0
4830	0	0
4831	0	0
4832	0	0
4833	0	0
4834	0	0
4835	0	0
4836	0	0
4837	0	0
4838	2	0
4839	0	0
4840	0	0
4841	1	0
4842	0	0
4843	0	0
4844	1	0
4845	3	0
4846	0	0
4847	1	0
4848	1	0
4849	0	0
4850	0	0
4851	1	0
4852	1	0
4853	0	0
4854	0	0
4855	2	0
4856	0	0
4857	2	0
4858	1	0
4859	2	0
4860	1	0
4861	2	0
4862	1	0
4863	0	0
4864	0	0
4865	1	0
4866	1	0
4867	0	0
4868	0	0
4869	0	0
4870	0	0
4871	0	0
4872	0	0
4873	0	0
4874	0	0
4875	1	0
4876	1	0
4877	0	0
4878	2	0
4879	1	0
4880	1	0
4881	2	0
4882	0	0
4883	0	0
4884	0	0
4885	0	0
4886	1	0
4887	0	0
4888	0	0
4889	0	0
4890	0	0
4891	0	0
4892	1	0
4893	2	0
4894	0	0
4895	1	0
4896	0	0
4897	0	0
4898	0	0
4899	0	0
4900	1	0
4901	1	0
4902	0	0
4903	0	0
4904	0	0
4905	1	0
4906	1	0
4907	0	0
4908	0	0
4909	0	0
4910	1	0
4911	0	0
4912	0	0
4913	2	0
4914	0	0
4915	2	0
4916	1	0
4917	1	0
4918	0	0
4919	0	0
4920	0	0
4921	1	0
4922	0	0
4923	0	0
4924	2	0
4925	1	0
4926	1	0
4927	0	0
4928	0	0
4929	0	0
4930	2	0
4931	0	0
4932	2	0
4933	0	0
4934	0	0
4935	0	0
4936	0	0
4937	0	0
4938	0	0
4939	0	0
4940	1	0
4941	0	0
4942	2	0
4943	0	0
4944	1	0
4945	0	0
4946	0	0
4947	1	0
4948	0	0
4949	0	0
4950	1	0
4951	1	0
4952	0	0
4953	0	0
4954	0	0
4955	0	0
4956	1	0
4957	0	0
4958	0	0
4959	0	0
4960	0	0
4961	0	0
4962	0	0
4963	0	0
4964	1	0
4965	1	0
4966	0	0
4967	0	0
4968	0	0
4969	0	0
4970	0	0
4971	1	0
4972	1	0
4973	1	0
4974	1	0
4975	0	0
4976	0	0
4977	0	0
4978	1	0
4979	1	0
4980	1	0
4981	0	0
4982	0	0
4983	0	0
4984	0	0
4985	0	0
4986	1	0
4987	0	0
4988	0	0
4989	0	0
4990	0	0
4991	0	0
4992	0	0
4993	1	0
4994	0	0
4995	0	0
4996	0	0
4997	0	0
4998	0	0
4999	1	0
5000	2054	0

