Detected variants
Location Expected abundance Observed Abundance Difference(%)
11181327 18.0 17.4 3.44828
11190646 18.0 18.5 2.7027
11254597 26.0 29.2 10.9589
27056285 32.0 30.9 3.55987
27100181 33.0 28.5 15.78947
46738433 33.0 30.5 8.19672
65310489 39.0 36.9 5.69106
65312342 32.0 29.5 8.47458
115256530 9.0 10.7 15.88785
120458004 37.0 37.6 1.59574
120471800 30.0 28.8 4.16667
120611964 34.0 41.7 18.46523
120612006 32.0 39.5 18.98734
156814027 46.0 46.6 1.28755
156846233 46.0 48.5 5.15464
156846307 28.0 28.1 0.35587
156848995 51.0 46.7 9.20771
162737116 25.0 29.2 14.38356
25469502 13.0 17.4 25.28736
29416326 34.0 31.0 9.67742
29416366 52.0 51.5 0.97087
29416615 29.0 31.0 6.45161
29543736 32.0 31.2 2.5641
30143058 35.0 31.1 12.54019
30143499 100.0 91.4 9.40919
47601106 100.0 99.9 0.1001
48018236 22.0 30.5 27.86885
48027921 36.0 26.1 37.93103
178095900 35.0 27.2 28.67647
198257795 31.0 30.1 2.99003
198265526 19.0 29.8 36.24161
198283305 17.0 29.8 42.95302
215632255 42.0 37.8 11.11111
215645464 41.0 40.5 1.23457
215645545 33.0 28.7 14.98258
10088266 17.0 32.4 47.53086
10088299 16.0 34.2 53.21637
10088308 16.0 34.3 53.35277
10088343 21.0 34.6 39.30636
10088404 25.0 34.5 27.53623
10088407 23.0 34.5 33.33333
10138019 24.0 30.5 21.31148
12475557 22.0 20.9 5.26316
12645007 57.0 28.4 100.70423
37056000 15.0 18.0 16.66667
41266101 25.0 28.7 12.89199
41266133 8.0 8.8 9.09091
142277575 100.0 99.9 0.1001
178936091 12.0 9.1 31.86813
178947865 31.0 29.2 6.16438
178952085 20.0 19.2 4.16667
1803307 38.0 38.8 2.06186
1803704 36.0 35.4 1.69492
55138600 36.0 31.3 15.01597
55143577 10.0 17.2 41.86047
55152040 18.0 17.5 2.85714
55599321 10.0 8.4 19.04762
55602765 11.0 9.6 14.58333
55604693 28.0 28.2 0.70922
55972974 12.0 20.7 42.02899
55979558 40.0 38.9 2.82776
106182946 33.0 27.8 18.70504
153244155 31.0 28.7 8.01394
153332500 35.0 29.1 20.27491
1254594 32.0 30.4 5.26316
1294664 31.0 29.8 4.02685
67522722 23.0 19.9 15.57789
79970914 33.0 45.8 27.9476
80168937 100.0 99.9 0.1001
112162854 21.0 28.5 26.31579
112164561 34.0 35.6 4.49438
112175770 39.0 38.0 2.63158
112176325 23.0 35.9 35.93315
112176559 38.0 38.1 0.26247
112176756 27.0 36.6 26.22951
112177171 18.0 37.9 52.5066
112179431 33.0 28.1 17.43772
149457678 29.0 31.4 7.64331
149460553 21.0 19.9 5.52764
149495395 48.0 47.7 0.62893
149499672 39.0 37.8 3.1746
149504348 11.0 10.0 10.0
149509446 30.0 31.9 5.95611
41903782 40.0 50.1 20.15968
117686840 39.0 42.1 7.36342
117718110 32.0 30.6 4.57516
6026988 22.0 20.6 6.79612
55241707 24.0 24.3 1.23457
55242464 0.0 1.1 100.0
55249063 19.0 13.8 37.68116
55249071 0.0 1.3 100.0
55259515 3.0 4.5 33.33333
106508763 49.0 43.5 12.64368
106508978 100.0 99.8 0.2004
116339847 9.0 8.1 11.11111
116436022 5.0 8.1 38.2716
128852003 47.0 47.7 1.46751
140449150 20.0 19.5 2.5641
140453136 6.0 12.2 50.81967
140494209 19.0 18.8 1.06383
30938704 42.0 39.8 5.52764
30973957 26.0 29.8 12.75168
30999280 43.0 46.7 7.92291
31012190 19.0 18.5 2.7027
31024654 6.0 19.2 68.75
38275434 36.0 31.3 15.01597
90993061 19.0 24.0 20.83333
145737816 39.0 36.9 5.69106
145738767 99.0 100.0 1.0
145741702 32.0 39.6 19.19192
145741765 33.0 39.7 16.87657
145742514 98.0 100.0 2.0
145742879 32.0 39.0 17.94872
5050706 18.0 18.5 2.7027
5081780 38.0 43.7 13.04348
98209594 51.0 64.3 20.68429
98211548 29.0 29.7 2.3569
98278975 26.0 29.9 13.04348
133761001 47.0 52.5 10.47619
135802659 21.0 28.5 26.31579
139391636 25.0 25.0 0.0
139396746 32.0 26.9 18.95911
139397707 22.0 24.8 11.29032
139407932 36.0 42.8 15.88785
139409754 32.0 25.6 25.0
139418260 43.0 40.2 6.96517
8100647 30.0 27.2 10.29412
43595968 32.0 31.4 1.91083
43604493 30.0 30.9 2.91262
43613843 57.0 60.6 5.94059
88635779 14.0 17.2 18.60465
533328 28.0 33.4 16.16766
69462910 43.0 37.5 14.66667
69625385 34.0 32.6 4.29448
69633633 39.0 35.2 10.79545
25362777 29.0 30.8 5.84416
25398281 13.0 15.9 18.23899
25398284 4.0 4.9 18.36735
56494998 28.0 30.2 7.28477
112891125 22.0 25.5 13.72549
121416622 45.0 52.8 14.77273
121416650 28.0 34.4 18.60465
121437114 21.0 20.4 2.94118
28578214 17.0 11.4 49.12281
28624294 33.0 28.6 15.38462
28674628 49.0 45.6 7.45614
28895620 21.0 29.3 28.32765
32911888 39.0 41.0 4.87805
32912299 25.0 18.8 32.97872
32912750 41.0 29.5 38.98305
32913558 35.0 32.8 6.70732
32913836 47.0 43.9 7.0615
32936646 33.0 49.0 32.65306
48985975 30.0 30.0 0.0
103515036 25.0 29.4 14.96599
103527930 100.0 99.9 0.1001
45645974 18.0 24.0 25.0
65507589 27.0 21.5 25.5814
66727451 27.0 29.1 7.21649
66729147 31.0 28.1 10.32028
66782085 33.0 31.9 3.44828
88576185 27.0 42.1 35.86698
88680684 34.0 41.1 17.27494
89849327 31.0 30.1 2.99003
91337479 28.0 30.6 8.49673
91346923 33.0 30.0 10.0
91354505 42.0 28.8 45.83333
2134450 27.0 31.9 15.3605
3658433 32.0 30.4 5.26316
3817720 33.0 31.9 3.44828
14041958 29.0 29.3 1.02389
89805914 28.0 26.6 5.26316
89807233 37.0 26.7 38.57678
89809319 27.0 25.1 7.56972
89815152 29.0 27.8 4.31655
89825065 28.0 27.5 1.81818
89839766 23.0 27.5 16.36364
89857935 27.0 24.1 12.0332
89858417 27.0 26.6 1.50376
7579472 91.0 93.5 2.6738
29553485 40.0 34.8 14.94253
29632336 29.0 30.7 5.53746
37650892 27.0 30.7 12.05212
37879588 25.0 31.1 19.61415
41234451 29.0 25.2 15.07937
41251931 39.0 40.3 3.22581
66538239 27.0 27.7 2.52708
3119239 40.0 42.2 5.21327
4101062 16.0 28.0 42.85714
4102449 31.0 29.7 4.3771
15278222 37.0 30.2 22.51656
15302905 32.0 33.9 5.60472
30314666 42.0 30.6 37.2549
40743956 33.0 29.5 11.86441
45867259 39.0 42.5 8.23529
45868309 45.0 48.4 7.02479
57415471 33.0 29.1 13.40206
57429753 26.0 28.2 7.80142
57484241 22.0 26.9 18.21561
41536164 32.0 28.2 13.47518
41551039 52.0 42.3 22.93144
41566524 52.0 52.0 0.0
66765142 49.0 35.2 39.20455
66765627 38.0 37.8 0.5291
70338656 32.0 29.6 8.10811
76938088 29.0 30.0 3.33333
