Detected variants
Location Expected abundance Observed Abundance Difference(%)
11181327 18.0 17.4 3.44828
11190646 18.0 18.6 3.22581
11254597 26.0 29.1 10.65292
27056285 32.0 30.8 3.8961
27100181 33.0 28.5 15.78947
46738433 33.0 30.5 8.19672
65310489 39.0 37.1 5.12129
65312342 32.0 29.6 8.10811
115256530 9.0 10.4 13.46154
120458004 37.0 37.7 1.85676
120471800 30.0 28.7 4.52962
120611964 34.0 41.5 18.07229
120612006 32.0 39.2 18.36735
156814027 46.0 46.4 0.86207
156846233 46.0 48.4 4.95868
156846307 28.0 28.2 0.70922
156848995 51.0 46.8 8.97436
162737116 25.0 29.0 13.7931
25469502 13.0 17.4 25.28736
29416326 34.0 31.1 9.32476
29416366 52.0 51.7 0.58027
29416615 29.0 31.1 6.75241
29543736 32.0 31.2 2.5641
30143058 35.0 31.2 12.17949
30143499 100.0 91.5 9.28962
47601106 100.0 99.9 0.1001
48018236 22.0 30.5 27.86885
48027921 36.0 26.1 37.93103
178095900 35.0 27.3 28.20513
198257795 31.0 30.0 3.33333
198265526 19.0 29.7 36.02694
198283305 17.0 29.8 42.95302
215632255 42.0 37.6 11.70213
215645464 41.0 40.6 0.98522
215645545 33.0 28.7 14.98258
10088266 17.0 31.1 45.33762
10088299 16.0 33.0 51.51515
10088308 16.0 33.3 51.95195
10088343 21.0 33.8 37.86982
10088404 25.0 33.2 24.6988
10088407 23.0 33.1 30.5136
10138019 24.0 30.5 21.31148
12475557 22.0 20.9 5.26316
12645007 57.0 28.3 101.41343
37056000 15.0 18.1 17.12707
41266101 25.0 28.8 13.19444
41266133 8.0 8.8 9.09091
142277575 100.0 99.9 0.1001
178936091 12.0 9.0 33.33333
178947865 31.0 29.2 6.16438
178952085 20.0 19.2 4.16667
1803307 38.0 38.7 1.80879
1803704 36.0 35.2 2.27273
55138600 36.0 31.2 15.38462
55143577 10.0 17.2 41.86047
55152040 18.0 17.5 2.85714
55599321 10.0 8.5 17.64706
55602765 11.0 9.6 14.58333
55604693 28.0 28.2 0.70922
55972974 12.0 20.7 42.02899
55979558 40.0 38.9 2.82776
106182946 33.0 27.8 18.70504
153244155 31.0 28.8 7.63889
153332500 35.0 29.2 19.86301
1254594 32.0 30.5 4.91803
1294664 31.0 29.8 4.02685
67522722 23.0 19.9 15.57789
79970914 33.0 45.8 27.9476
80168937 100.0 99.9 0.1001
112162854 21.0 28.5 26.31579
112164561 34.0 35.6 4.49438
112175770 39.0 37.9 2.90237
112176325 23.0 36.0 36.11111
112176559 38.0 38.0 0.0
112176756 27.0 36.6 26.22951
112177171 18.0 37.8 52.38095
112179431 33.0 28.1 17.43772
149457678 29.0 31.5 7.93651
149460553 21.0 19.9 5.52764
149495395 48.0 47.7 0.62893
149499672 39.0 37.8 3.1746
149504348 11.0 10.1 8.91089
149509446 30.0 31.8 5.66038
41903782 40.0 50.2 20.31873
117686840 39.0 42.1 7.36342
117718110 32.0 30.6 4.57516
6026988 22.0 20.7 6.28019
55241707 24.0 24.2 0.82645
55242464 0.0 1.1 100.0
55249063 19.0 13.8 37.68116
55249071 0.0 1.2 100.0
55259515 3.0 4.5 33.33333
106508763 49.0 43.5 12.64368
106508978 100.0 99.8 0.2004
116339847 9.0 8.1 11.11111
116436022 5.0 8.0 37.5
128852003 47.0 47.8 1.67364
140449150 20.0 19.5 2.5641
140453136 6.0 12.2 50.81967
140494209 19.0 19.0 0.0
30938704 42.0 39.8 5.52764
30973957 26.0 29.7 12.45791
30999280 43.0 46.7 7.92291
31012190 19.0 18.6 2.15054
31024654 6.0 19.1 68.58639
38275434 36.0 31.4 14.64968
90993061 19.0 24.2 21.4876
145737816 39.0 37.0 5.40541
145738767 99.0 100.0 1.0
145741702 32.0 39.5 18.98734
145741765 33.0 39.7 16.87657
145742514 98.0 100.0 2.0
145742879 32.0 38.9 17.73779
5050706 18.0 18.5 2.7027
5081780 38.0 43.7 13.04348
98209594 51.0 64.5 20.93023
98211548 29.0 29.9 3.01003
98278975 26.0 30.0 13.33333
133761001 47.0 52.5 10.47619
135802659 21.0 28.6 26.57343
139391636 25.0 24.9 0.40161
139396746 32.0 26.8 19.40299
139397707 22.0 24.9 11.64659
139407932 36.0 42.8 15.88785
139409754 32.0 25.5 25.4902
139418260 43.0 40.2 6.96517
8100647 30.0 27.7 8.30325
43595968 32.0 31.5 1.5873
43604493 30.0 31.0 3.22581
43613843 57.0 60.6 5.94059
88635779 14.0 17.1 18.12865
533328 28.0 33.4 16.16766
69462910 43.0 37.4 14.97326
69625385 34.0 32.7 3.97554
69633633 39.0 35.2 10.79545
25362777 29.0 30.8 5.84416
25398281 13.0 16.0 18.75
25398284 4.0 4.8 16.66667
56494998 28.0 30.3 7.59076
112891125 22.0 25.6 14.0625
121416622 45.0 52.7 14.61101
121416650 28.0 34.4 18.60465
121437114 21.0 20.3 3.44828
28578214 17.0 11.4 49.12281
28624294 33.0 28.6 15.38462
28674628 49.0 45.7 7.22101
28895620 21.0 29.4 28.57143
32911888 39.0 41.0 4.87805
32912299 25.0 18.8 32.97872
32912750 41.0 29.5 38.98305
32913558 35.0 32.9 6.38298
32913836 47.0 43.9 7.0615
32936646 33.0 49.0 32.65306
48985975 30.0 30.0 0.0
103515036 25.0 29.3 14.67577
103527930 100.0 99.9 0.1001
45645974 18.0 24.0 25.0
65507589 27.0 21.5 25.5814
66727451 27.0 29.2 7.53425
66729147 31.0 28.3 9.54064
66782085 33.0 32.0 3.125
88576185 27.0 42.1 35.86698
88680684 34.0 41.1 17.27494
89849327 31.0 30.1 2.99003
91337479 28.0 30.7 8.79479
91346923 33.0 30.0 10.0
91354505 42.0 28.9 45.32872
2134450 27.0 31.9 15.3605
3658433 32.0 30.3 5.61056
3817720 33.0 31.9 3.44828
14041958 29.0 29.3 1.02389
89805914 28.0 26.5 5.66038
89807233 37.0 26.7 38.57678
89809319 27.0 25.2 7.14286
89815152 29.0 27.8 4.31655
89825065 28.0 27.5 1.81818
89839766 23.0 27.4 16.05839
89857935 27.0 23.9 12.97071
89858417 27.0 26.7 1.1236
7579472 91.0 93.5 2.6738
29553485 40.0 34.8 14.94253
29632336 29.0 30.7 5.53746
37650892 27.0 30.9 12.62136
37879588 25.0 30.9 19.09385
41234451 29.0 25.2 15.07937
41251931 39.0 40.2 2.98507
66538239 27.0 27.7 2.52708
3119239 40.0 42.3 5.43735
4101062 16.0 28.0 42.85714
4102449 31.0 29.6 4.72973
15278222 37.0 30.2 22.51656
15302905 32.0 33.8 5.32544
30314666 42.0 30.5 37.70492
40743956 33.0 29.3 12.62799
45867259 39.0 42.5 8.23529
45868309 45.0 48.4 7.02479
57415471 33.0 29.1 13.40206
57429753 26.0 28.1 7.47331
57484241 22.0 26.9 18.21561
41536164 32.0 28.2 13.47518
41551039 52.0 42.3 22.93144
41566524 52.0 51.9 0.19268
66765142 49.0 35.6 37.64045
66765627 38.0 37.8 0.5291
70338656 32.0 29.7 7.74411
76938088 29.0 29.9 3.01003
