Detected variants
Location Expected abundance Observed Abundance Difference(%)
65310489 39.0 83.2 53.125
120471800 30.0 49.9 39.87976
156814027 46.0 83.3 44.77791
162737116 25.0 75.0 66.66667
30143499 100.0 66.7 49.92504
47601106 100.0 50.0 100.0
198283305 17.0 40.6 58.12808
215632255 42.0 50.0 16.0
10088266 17.0 60.0 71.66667
10088299 16.0 77.8 79.43445
10088308 16.0 77.8 79.43445
10088343 21.0 80.0 73.75
10088404 25.0 87.5 71.42857
10088407 23.0 87.5 73.71429
10138019 24.0 33.3 27.92793
41266101 25.0 66.7 62.51874
142277575 100.0 91.7 9.05125
1803307 38.0 33.3 14.11411
1803704 36.0 53.3 32.45779
55979558 40.0 60.0 33.33333
153244155 31.0 66.7 53.52324
1294664 31.0 50.0 38.0
112176756 27.0 80.0 66.25
41903782 40.0 75.0 46.66667
55242464 0.0 94.3 100.0
106508763 49.0 44.4 10.36036
106508978 100.0 88.9 12.48594
128852003 47.0 67.3 30.16345
140494209 19.0 50.0 62.0
30938704 42.0 66.8 37.12575
30973957 26.0 66.7 61.01949
38275434 36.0 66.7 46.02699
145738767 99.0 75.0 32.0
145741765 33.0 50.1 34.13174
145742514 98.0 83.3 17.64706
145742879 32.0 59.1 45.85448
5081780 38.0 50.0 24.0
98211548 29.0 61.9 53.15024
98278975 26.0 46.1 43.60087
133761001 47.0 68.4 31.28655
135802659 21.0 62.7 66.50718
8100647 30.0 35.4 15.25424
43604493 30.0 66.7 55.02249
533328 28.0 47.1 40.55202
69633633 39.0 36.3 7.43802
56494998 28.0 27.6 1.44928
121416622 45.0 79.9 43.6796
121416650 28.0 68.4 59.06433
28674628 49.0 64.4 23.91304
32912299 25.0 50.0 50.0
32913836 47.0 66.7 29.53523
48985975 30.0 66.7 55.02249
103527930 100.0 80.0 25.0
88576185 27.0 66.7 59.52024
88680684 34.0 50.0 32.0
89849327 31.0 66.7 53.52324
91337479 28.0 66.7 58.02099
91346923 33.0 50.0 34.0
3817720 33.0 38.9 15.1671
89805914 28.0 40.0 30.0
89809319 27.0 25.0 8.0
89858417 27.0 50.0 46.0
7579472 91.0 98.5 7.61421
29553485 40.0 26.0 53.84615
37650892 27.0 41.9 35.56086
3119239 40.0 56.6 29.32862
4101062 16.0 44.4 63.96396
30314666 42.0 79.6 47.23618
40743956 33.0 41.5 20.48193
45867259 39.0 22.2 75.67568
41566524 52.0 63.5 18.11024
66765142 49.0 40.8 20.09804
66765627 38.0 80.0 52.5
70338656 32.0 45.4 29.51542
