## htsjdk.samtools.metrics.StringHeader
# CollectHsMetrics BAIT_INTERVALS=[pool1_pool2_nochr_3c.sort.merged.padded20.hg19.210311.met.annotated.interval_list] TARGET_INTERVALS=[pool1_pool2_nochr_3c.sort.merged.padded20.hg19.210311.met.annotated.interval_list] INPUT=sample.bam OUTPUT=hs_metrics.txt COVERAGE_CAP=5000 REFERENCE_SEQUENCE=/home/tomas/data/reference/hg19.with.mt.fasta    METRIC_ACCUMULATION_LEVEL=[ALL_READS] NEAR_DISTANCE=250 MINIMUM_MAPPING_QUALITY=20 MINIMUM_BASE_QUALITY=20 CLIP_OVERLAPPING_READS=true INCLUDE_INDELS=false SAMPLE_SIZE=10000 ALLELE_FRACTION=[0.001, 0.005, 0.01, 0.02, 0.05, 0.1, 0.2, 0.3, 0.5] VERBOSITY=INFO QUIET=false VALIDATION_STRINGENCY=STRICT COMPRESSION_LEVEL=5 MAX_RECORDS_IN_RAM=500000 CREATE_INDEX=false CREATE_MD5_FILE=false GA4GH_CLIENT_SECRETS=client_secrets.json USE_JDK_DEFLATER=false USE_JDK_INFLATER=false
## htsjdk.samtools.metrics.StringHeader
# Started on: Mon Nov 29 15:36:23 CET 2021

## METRICS CLASS	picard.analysis.directed.HsMetrics
BAIT_SET	BAIT_TERRITORY	BAIT_DESIGN_EFFICIENCY	ON_BAIT_BASES	NEAR_BAIT_BASES	OFF_BAIT_BASES	PCT_SELECTED_BASES	PCT_OFF_BAIT	ON_BAIT_VS_SELECTED	MEAN_BAIT_COVERAGE	PCT_USABLE_BASES_ON_BAIT	PCT_USABLE_BASES_ON_TARGET	FOLD_ENRICHMENT	HS_LIBRARY_SIZE	HS_PENALTY_10X	HS_PENALTY_20X	HS_PENALTY_30X	HS_PENALTY_40X	HS_PENALTY_50X	HS_PENALTY_100X	TARGET_TERRITORY	GENOME_SIZE	TOTAL_READS	PF_READS	PF_BASES	PF_UNIQUE_READS	PF_UQ_READS_ALIGNED	PF_BASES_ALIGNED	PF_UQ_BASES_ALIGNED	ON_TARGET_BASES	PCT_PF_READS	PCT_PF_UQ_READS	PCT_PF_UQ_READS_ALIGNED	MEAN_TARGET_COVERAGE	MEDIAN_TARGET_COVERAGE	MAX_TARGET_COVERAGE	MIN_TARGET_COVERAGE	ZERO_CVG_TARGETS_PCT	PCT_EXC_DUPE	PCT_EXC_ADAPTER	PCT_EXC_MAPQ	PCT_EXC_BASEQ	PCT_EXC_OVERLAP	PCT_EXC_OFF_TARGET	FOLD_80_BASE_PENALTY	PCT_TARGET_BASES_1X	PCT_TARGET_BASES_2X	PCT_TARGET_BASES_10X	PCT_TARGET_BASES_20X	PCT_TARGET_BASES_30X	PCT_TARGET_BASES_40X	PCT_TARGET_BASES_50X	PCT_TARGET_BASES_100X	PCT_TARGET_BASES_250X	PCT_TARGET_BASES_500X	PCT_TARGET_BASES_1000X	PCT_TARGET_BASES_2500X	PCT_TARGET_BASES_5000X	PCT_TARGET_BASES_10000X	PCT_TARGET_BASES_25000X	PCT_TARGET_BASES_50000X	PCT_TARGET_BASES_100000X	AT_DROPOUT	GC_DROPOUT	HET_SNP_SENSITIVITY	HET_SNP_Q	SAMPLE	LIBRARY	READ_GROUP
pool1_pool2_nochr_3c	2217428	1	7001817651	3649016474	5139736141	0.674506	0.325494	0.657396	3157.630214	0.441645	0.330194	619.043941		0	0	0	0	0	0	2217428	3095693983	115295038	115295038	15853949575	115295038	115279759	15790570266	15790570266	5234880438	1	1	0.999867	2360.789364	2332	53398	0	0.001632	0	0	0.024797	0.027532	0.174716	0.441469	1.366198	0.999711	0.999532	0.998926	0.998579	0.998389	0.99817	0.997993	0.997375	0.994902	0.985223	0.958388	0.40843	0.00831	0.000888	0.000201	0.000004	0	0.998035	4.2714	0.036592	0			

## HISTOGRAM	java.lang.Integer
coverage_or_base_quality	high_quality_coverage_count	unfiltered_baseq_count
0	641	0
1	396	0
2	228	0
3	299	0
4	255	0
5	111	0
6	174	0
7	65	0
8	92	0
9	120	0
10	100	0
11	90	0
12	63	0
13	64	0
14	64	175644016
15	76	0
16	105	0
17	86	0
18	77	0
19	46	0
20	47	0
21	47	33797847
22	38	0
23	38	0
24	35	0
25	32	0
26	35	0
27	41	158422741
28	54	0
29	53	0
30	50	0
31	50	0
32	37	562529789
33	45	0
34	52	0
35	48	0
36	53	4440658080
37	51	0
38	50	0
39	51	0
40	52	0
41	46	0
42	42	0
43	34	0
44	33	0
45	51	0
46	39	0
47	25	0
48	35	0
49	35	0
50	31	0
51	36	0
52	51	0
53	26	0
54	28	0
55	41	0
56	33	0
57	33	0
58	33	0
59	42	0
60	32	0
61	28	0
62	28	0
63	37	0
64	35	0
65	35	0
66	35	0
67	23	0
68	31	0
69	31	0
70	28	0
71	20	0
72	25	0
73	28	0
74	27	0
75	36	0
76	25	0
77	28	0
78	23	0
79	17	0
80	22	0
81	24	0
82	21	0
83	19	0
84	26	0
85	11	0
86	30	0
87	22	0
88	21	0
89	22	0
90	21	0
91	25	0
92	23	0
93	25	0
94	20	0
95	16	0
96	23	0
97	20	0
98	31	0
99	22	0
100	26	0
101	29	0
102	21	0
103	19	0
104	12	0
105	23	0
106	23	0
107	19	0
108	25	0
109	22	0
110	18	0
111	16	0
112	27	0
113	21	0
114	17	0
115	22	0
116	12	0
117	21	0
118	17	0
119	19	0
120	28	0
121	17	0
122	25	0
123	16	0
124	21	0
125	19	0
126	25	0
127	26	0
128	32	0
129	23	0
130	33	0
131	36	0
132	35	0
133	36	0
134	37	0
135	29	0
136	48	0
137	40	0
138	33	0
139	34	0
140	30	0
141	40	0
142	50	0
143	39	0
144	38	0
145	31	0
146	40	0
147	47	0
148	51	0
149	37	0
150	28	0
151	49	0
152	38	0
153	42	0
154	35	0
155	36	0
156	42	0
157	36	0
158	29	0
159	43	0
160	39	0
161	35	0
162	40	0
163	28	0
164	43	0
165	39	0
166	33	0
167	34	0
168	34	0
169	24	0
170	31	0
171	37	0
172	32	0
173	35	0
174	39	0
175	43	0
176	34	0
177	37	0
178	41	0
179	32	0
180	35	0
181	38	0
182	34	0
183	37	0
184	29	0
185	34	0
186	29	0
187	25	0
188	28	0
189	24	0
190	22	0
191	35	0
192	30	0
193	29	0
194	32	0
195	31	0
196	40	0
197	48	0
198	41	0
199	54	0
200	44	0
201	39	0
202	46	0
203	44	0
204	40	0
205	44	0
206	48	0
207	53	0
208	44	0
209	46	0
210	31	0
211	48	0
212	26	0
213	39	0
214	39	0
215	42	0
216	34	0
217	39	0
218	46	0
219	35	0
220	50	0
221	40	0
222	40	0
223	48	0
224	59	0
225	40	0
226	43	0
227	43	0
228	44	0
229	42	0
230	39	0
231	42	0
232	45	0
233	50	0
234	42	0
235	46	0
236	54	0
237	45	0
238	52	0
239	51	0
240	55	0
241	60	0
242	52	0
243	57	0
244	59	0
245	59	0
246	52	0
247	62	0
248	60	0
249	57	0
250	41	0
251	71	0
252	47	0
253	63	0
254	72	0
255	53	0
256	47	0
257	52	0
258	54	0
259	48	0
260	42	0
261	53	0
262	50	0
263	56	0
264	67	0
265	57	0
266	62	0
267	42	0
268	42	0
269	61	0
270	61	0
271	44	0
272	60	0
273	65	0
274	51	0
275	65	0
276	55	0
277	59	0
278	63	0
279	69	0
280	60	0
281	49	0
282	62	0
283	52	0
284	52	0
285	51	0
286	59	0
287	51	0
288	54	0
289	65	0
290	74	0
291	59	0
292	60	0
293	68	0
294	55	0
295	81	0
296	64	0
297	69	0
298	67	0
299	80	0
300	78	0
301	70	0
302	60	0
303	74	0
304	81	0
305	64	0
306	65	0
307	74	0
308	79	0
309	68	0
310	68	0
311	68	0
312	73	0
313	77	0
314	73	0
315	66	0
316	85	0
317	80	0
318	59	0
319	52	0
320	67	0
321	71	0
322	59	0
323	87	0
324	49	0
325	44	0
326	81	0
327	69	0
328	55	0
329	74	0
330	50	0
331	59	0
332	76	0
333	79	0
334	77	0
335	85	0
336	75	0
337	82	0
338	56	0
339	66	0
340	77	0
341	89	0
342	69	0
343	63	0
344	77	0
345	74	0
346	71	0
347	61	0
348	75	0
349	80	0
350	75	0
351	56	0
352	74	0
353	66	0
354	70	0
355	80	0
356	73	0
357	70	0
358	54	0
359	68	0
360	70	0
361	79	0
362	71	0
363	78	0
364	91	0
365	91	0
366	97	0
367	80	0
368	82	0
369	88	0
370	88	0
371	89	0
372	80	0
373	68	0
374	86	0
375	101	0
376	84	0
377	98	0
378	73	0
379	87	0
380	110	0
381	73	0
382	82	0
383	77	0
384	92	0
385	79	0
386	78	0
387	93	0
388	82	0
389	79	0
390	100	0
391	91	0
392	83	0
393	93	0
394	84	0
395	104	0
396	98	0
397	95	0
398	112	0
399	108	0
400	110	0
401	113	0
402	99	0
403	130	0
404	99	0
405	122	0
406	105	0
407	110	0
408	101	0
409	114	0
410	118	0
411	103	0
412	111	0
413	77	0
414	110	0
415	111	0
416	101	0
417	112	0
418	97	0
419	94	0
420	112	0
421	111	0
422	104	0
423	104	0
424	122	0
425	111	0
426	102	0
427	105	0
428	117	0
429	99	0
430	116	0
431	123	0
432	114	0
433	118	0
434	122	0
435	124	0
436	115	0
437	99	0
438	103	0
439	120	0
440	119	0
441	119	0
442	121	0
443	109	0
444	115	0
445	113	0
446	92	0
447	118	0
448	111	0
449	104	0
450	82	0
451	123	0
452	91	0
453	105	0
454	113	0
455	116	0
456	108	0
457	102	0
458	111	0
459	95	0
460	104	0
461	113	0
462	93	0
463	94	0
464	104	0
465	95	0
466	101	0
467	95	0
468	109	0
469	113	0
470	94	0
471	113	0
472	111	0
473	100	0
474	104	0
475	96	0
476	115	0
477	108	0
478	115	0
479	119	0
480	109	0
481	119	0
482	104	0
483	105	0
484	118	0
485	117	0
486	123	0
487	104	0
488	108	0
489	121	0
490	115	0
491	105	0
492	111	0
493	114	0
494	107	0
495	118	0
496	104	0
497	115	0
498	105	0
499	106	0
500	112	0
501	89	0
502	106	0
503	126	0
504	118	0
505	117	0
506	107	0
507	119	0
508	122	0
509	147	0
510	92	0
511	120	0
512	115	0
513	115	0
514	83	0
515	105	0
516	119	0
517	92	0
518	99	0
519	104	0
520	109	0
521	106	0
522	98	0
523	95	0
524	86	0
525	100	0
526	119	0
527	110	0
528	101	0
529	95	0
530	110	0
531	106	0
532	99	0
533	106	0
534	131	0
535	110	0
536	133	0
537	104	0
538	122	0
539	130	0
540	116	0
541	127	0
542	96	0
543	96	0
544	120	0
545	93	0
546	99	0
547	121	0
548	108	0
549	120	0
550	129	0
551	115	0
552	116	0
553	118	0
554	121	0
555	114	0
556	101	0
557	109	0
558	127	0
559	114	0
560	109	0
561	103	0
562	118	0
563	106	0
564	104	0
565	106	0
566	93	0
567	143	0
568	117	0
569	104	0
570	104	0
571	94	0
572	95	0
573	112	0
574	102	0
575	107	0
576	116	0
577	90	0
578	116	0
579	115	0
580	105	0
581	113	0
582	129	0
583	111	0
584	106	0
585	132	0
586	115	0
587	110	0
588	111	0
589	109	0
590	110	0
591	94	0
592	96	0
593	92	0
594	98	0
595	91	0
596	109	0
597	110	0
598	98	0
599	106	0
600	114	0
601	104	0
602	102	0
603	113	0
604	116	0
605	119	0
606	118	0
607	92	0
608	95	0
609	104	0
610	86	0
611	88	0
612	102	0
613	117	0
614	111	0
615	102	0
616	97	0
617	93	0
618	106	0
619	88	0
620	128	0
621	93	0
622	109	0
623	103	0
624	108	0
625	94	0
626	96	0
627	108	0
628	85	0
629	99	0
630	102	0
631	103	0
632	107	0
633	80	0
634	99	0
635	93	0
636	92	0
637	95	0
638	108	0
639	94	0
640	94	0
641	106	0
642	93	0
643	81	0
644	102	0
645	85	0
646	93	0
647	96	0
648	88	0
649	106	0
650	109	0
651	93	0
652	88	0
653	92	0
654	100	0
655	93	0
656	89	0
657	95	0
658	94	0
659	75	0
660	95	0
661	92	0
662	88	0
663	87	0
664	91	0
665	100	0
666	98	0
667	113	0
668	108	0
669	107	0
670	91	0
671	102	0
672	105	0
673	104	0
674	77	0
675	102	0
676	85	0
677	107	0
678	88	0
679	99	0
680	110	0
681	95	0
682	94	0
683	87	0
684	97	0
685	104	0
686	95	0
687	90	0
688	103	0
689	100	0
690	115	0
691	96	0
692	99	0
693	105	0
694	96	0
695	84	0
696	105	0
697	122	0
698	91	0
699	102	0
700	107	0
701	112	0
702	100	0
703	112	0
704	88	0
705	100	0
706	97	0
707	109	0
708	108	0
709	104	0
710	102	0
711	113	0
712	102	0
713	99	0
714	94	0
715	94	0
716	107	0
717	114	0
718	98	0
719	106	0
720	89	0
721	91	0
722	109	0
723	114	0
724	85	0
725	111	0
726	110	0
727	108	0
728	90	0
729	96	0
730	97	0
731	72	0
732	103	0
733	110	0
734	90	0
735	84	0
736	102	0
737	89	0
738	104	0
739	102	0
740	98	0
741	80	0
742	102	0
743	105	0
744	93	0
745	88	0
746	104	0
747	113	0
748	107	0
749	123	0
750	118	0
751	119	0
752	101	0
753	117	0
754	110	0
755	121	0
756	102	0
757	101	0
758	105	0
759	96	0
760	113	0
761	108	0
762	108	0
763	98	0
764	127	0
765	134	0
766	103	0
767	126	0
768	122	0
769	113	0
770	106	0
771	94	0
772	106	0
773	106	0
774	121	0
775	97	0
776	136	0
777	108	0
778	113	0
779	113	0
780	102	0
781	106	0
782	104	0
783	96	0
784	113	0
785	104	0
786	114	0
787	117	0
788	94	0
789	122	0
790	95	0
791	94	0
792	120	0
793	117	0
794	98	0
795	119	0
796	97	0
797	103	0
798	112	0
799	105	0
800	119	0
801	108	0
802	108	0
803	117	0
804	115	0
805	117	0
806	114	0
807	135	0
808	124	0
809	102	0
810	143	0
811	122	0
812	108	0
813	129	0
814	133	0
815	127	0
816	112	0
817	118	0
818	134	0
819	119	0
820	121	0
821	116	0
822	145	0
823	127	0
824	129	0
825	122	0
826	119	0
827	128	0
828	118	0
829	120	0
830	128	0
831	119	0
832	100	0
833	114	0
834	135	0
835	123	0
836	131	0
837	101	0
838	117	0
839	103	0
840	121	0
841	123	0
842	109	0
843	135	0
844	134	0
845	138	0
846	140	0
847	141	0
848	106	0
849	128	0
850	125	0
851	122	0
852	149	0
853	123	0
854	149	0
855	147	0
856	117	0
857	123	0
858	159	0
859	138	0
860	133	0
861	135	0
862	136	0
863	143	0
864	129	0
865	134	0
866	118	0
867	131	0
868	119	0
869	136	0
870	143	0
871	125	0
872	128	0
873	145	0
874	126	0
875	119	0
876	116	0
877	137	0
878	147	0
879	154	0
880	134	0
881	127	0
882	144	0
883	141	0
884	160	0
885	133	0
886	135	0
887	144	0
888	140	0
889	131	0
890	149	0
891	139	0
892	150	0
893	130	0
894	148	0
895	158	0
896	158	0
897	151	0
898	130	0
899	146	0
900	166	0
901	139	0
902	123	0
903	146	0
904	120	0
905	133	0
906	147	0
907	145	0
908	146	0
909	141	0
910	135	0
911	147	0
912	148	0
913	125	0
914	136	0
915	156	0
916	144	0
917	150	0
918	144	0
919	134	0
920	133	0
921	157	0
922	146	0
923	145	0
924	146	0
925	148	0
926	134	0
927	154	0
928	124	0
929	145	0
930	131	0
931	128	0
932	142	0
933	146	0
934	163	0
935	141	0
936	146	0
937	144	0
938	147	0
939	156	0
940	162	0
941	141	0
942	147	0
943	149	0
944	155	0
945	165	0
946	167	0
947	130	0
948	139	0
949	150	0
950	165	0
951	144	0
952	126	0
953	151	0
954	154	0
955	145	0
956	146	0
957	156	0
958	165	0
959	152	0
960	159	0
961	159	0
962	145	0
963	144	0
964	158	0
965	159	0
966	137	0
967	145	0
968	153	0
969	145	0
970	168	0
971	179	0
972	147	0
973	150	0
974	170	0
975	162	0
976	165	0
977	169	0
978	165	0
979	157	0
980	156	0
981	160	0
982	159	0
983	166	0
984	168	0
985	177	0
986	166	0
987	168	0
988	183	0
989	156	0
990	161	0
991	170	0
992	178	0
993	172	0
994	182	0
995	174	0
996	176	0
997	155	0
998	187	0
999	186	0
1000	184	0
1001	172	0
1002	172	0
1003	166	0
1004	194	0
1005	173	0
1006	196	0
1007	180	0
1008	171	0
1009	181	0
1010	202	0
1011	183	0
1012	192	0
1013	196	0
1014	171	0
1015	193	0
1016	202	0
1017	191	0
1018	193	0
1019	195	0
1020	194	0
1021	187	0
1022	198	0
1023	192	0
1024	209	0
1025	182	0
1026	164	0
1027	205	0
1028	189	0
1029	220	0
1030	195	0
1031	211	0
1032	176	0
1033	206	0
1034	185	0
1035	206	0
1036	193	0
1037	202	0
1038	196	0
1039	189	0
1040	197	0
1041	194	0
1042	218	0
1043	172	0
1044	188	0
1045	207	0
1046	198	0
1047	212	0
1048	204	0
1049	190	0
1050	205	0
1051	185	0
1052	228	0
1053	182	0
1054	202	0
1055	191	0
1056	218	0
1057	209	0
1058	213	0
1059	221	0
1060	231	0
1061	188	0
1062	207	0
1063	221	0
1064	195	0
1065	170	0
1066	205	0
1067	189	0
1068	209	0
1069	204	0
1070	229	0
1071	209	0
1072	228	0
1073	226	0
1074	252	0
1075	210	0
1076	210	0
1077	235	0
1078	193	0
1079	234	0
1080	203	0
1081	204	0
1082	241	0
1083	245	0
1084	230	0
1085	256	0
1086	238	0
1087	198	0
1088	227	0
1089	220	0
1090	232	0
1091	227	0
1092	220	0
1093	235	0
1094	215	0
1095	233	0
1096	216	0
1097	230	0
1098	237	0
1099	246	0
1100	248	0
1101	226	0
1102	260	0
1103	224	0
1104	243	0
1105	263	0
1106	296	0
1107	241	0
1108	254	0
1109	214	0
1110	235	0
1111	223	0
1112	251	0
1113	239	0
1114	278	0
1115	260	0
1116	272	0
1117	232	0
1118	246	0
1119	275	0
1120	232	0
1121	241	0
1122	249	0
1123	234	0
1124	234	0
1125	237	0
1126	242	0
1127	248	0
1128	223	0
1129	232	0
1130	257	0
1131	263	0
1132	239	0
1133	255	0
1134	245	0
1135	258	0
1136	266	0
1137	254	0
1138	257	0
1139	254	0
1140	248	0
1141	277	0
1142	277	0
1143	231	0
1144	254	0
1145	246	0
1146	259	0
1147	232	0
1148	273	0
1149	242	0
1150	277	0
1151	256	0
1152	286	0
1153	276	0
1154	277	0
1155	289	0
1156	280	0
1157	269	0
1158	281	0
1159	268	0
1160	282	0
1161	246	0
1162	290	0
1163	237	0
1164	266	0
1165	282	0
1166	272	0
1167	286	0
1168	253	0
1169	281	0
1170	263	0
1171	279	0
1172	256	0
1173	293	0
1174	273	0
1175	282	0
1176	303	0
1177	280	0
1178	296	0
1179	260	0
1180	269	0
1181	293	0
1182	273	0
1183	275	0
1184	297	0
1185	273	0
1186	262	0
1187	270	0
1188	297	0
1189	273	0
1190	325	0
1191	295	0
1192	280	0
1193	289	0
1194	302	0
1195	284	0
1196	308	0
1197	307	0
1198	315	0
1199	294	0
1200	326	0
1201	287	0
1202	309	0
1203	320	0
1204	316	0
1205	328	0
1206	315	0
1207	312	0
1208	315	0
1209	299	0
1210	311	0
1211	348	0
1212	291	0
1213	340	0
1214	304	0
1215	310	0
1216	306	0
1217	296	0
1218	308	0
1219	311	0
1220	327	0
1221	323	0
1222	318	0
1223	312	0
1224	306	0
1225	345	0
1226	334	0
1227	367	0
1228	315	0
1229	350	0
1230	343	0
1231	342	0
1232	337	0
1233	345	0
1234	320	0
1235	311	0
1236	352	0
1237	327	0
1238	342	0
1239	326	0
1240	340	0
1241	334	0
1242	311	0
1243	370	0
1244	329	0
1245	343	0
1246	343	0
1247	333	0
1248	329	0
1249	317	0
1250	330	0
1251	368	0
1252	339	0
1253	352	0
1254	347	0
1255	337	0
1256	349	0
1257	370	0
1258	365	0
1259	338	0
1260	364	0
1261	390	0
1262	353	0
1263	335	0
1264	383	0
1265	328	0
1266	366	0
1267	359	0
1268	361	0
1269	350	0
1270	350	0
1271	373	0
1272	341	0
1273	358	0
1274	354	0
1275	325	0
1276	337	0
1277	401	0
1278	370	0
1279	410	0
1280	368	0
1281	368	0
1282	412	0
1283	373	0
1284	372	0
1285	378	0
1286	411	0
1287	373	0
1288	393	0
1289	386	0
1290	399	0
1291	384	0
1292	398	0
1293	378	0
1294	413	0
1295	359	0
1296	444	0
1297	428	0
1298	415	0
1299	403	0
1300	425	0
1301	352	0
1302	419	0
1303	419	0
1304	384	0
1305	388	0
1306	406	0
1307	392	0
1308	410	0
1309	373	0
1310	399	0
1311	419	0
1312	428	0
1313	378	0
1314	393	0
1315	384	0
1316	390	0
1317	396	0
1318	421	0
1319	450	0
1320	420	0
1321	397	0
1322	415	0
1323	437	0
1324	422	0
1325	380	0
1326	386	0
1327	399	0
1328	441	0
1329	447	0
1330	414	0
1331	445	0
1332	398	0
1333	432	0
1334	435	0
1335	426	0
1336	487	0
1337	455	0
1338	449	0
1339	412	0
1340	444	0
1341	427	0
1342	420	0
1343	475	0
1344	448	0
1345	435	0
1346	410	0
1347	416	0
1348	389	0
1349	410	0
1350	440	0
1351	488	0
1352	470	0
1353	435	0
1354	442	0
1355	449	0
1356	464	0
1357	490	0
1358	416	0
1359	487	0
1360	433	0
1361	451	0
1362	439	0
1363	481	0
1364	449	0
1365	477	0
1366	447	0
1367	475	0
1368	505	0
1369	474	0
1370	513	0
1371	462	0
1372	487	0
1373	491	0
1374	458	0
1375	471	0
1376	504	0
1377	480	0
1378	508	0
1379	436	0
1380	516	0
1381	502	0
1382	490	0
1383	473	0
1384	449	0
1385	479	0
1386	517	0
1387	491	0
1388	491	0
1389	489	0
1390	506	0
1391	519	0
1392	471	0
1393	519	0
1394	478	0
1395	530	0
1396	472	0
1397	461	0
1398	478	0
1399	498	0
1400	511	0
1401	514	0
1402	499	0
1403	517	0
1404	494	0
1405	523	0
1406	488	0
1407	509	0
1408	524	0
1409	519	0
1410	534	0
1411	484	0
1412	518	0
1413	513	0
1414	498	0
1415	488	0
1416	532	0
1417	504	0
1418	539	0
1419	527	0
1420	551	0
1421	586	0
1422	515	0
1423	535	0
1424	533	0
1425	522	0
1426	522	0
1427	564	0
1428	556	0
1429	554	0
1430	540	0
1431	531	0
1432	536	0
1433	548	0
1434	541	0
1435	549	0
1436	535	0
1437	548	0
1438	532	0
1439	552	0
1440	577	0
1441	548	0
1442	569	0
1443	581	0
1444	542	0
1445	553	0
1446	549	0
1447	567	0
1448	577	0
1449	536	0
1450	527	0
1451	553	0
1452	548	0
1453	540	0
1454	598	0
1455	568	0
1456	585	0
1457	536	0
1458	563	0
1459	553	0
1460	574	0
1461	605	0
1462	568	0
1463	589	0
1464	564	0
1465	596	0
1466	608	0
1467	556	0
1468	594	0
1469	549	0
1470	587	0
1471	535	0
1472	576	0
1473	595	0
1474	572	0
1475	588	0
1476	595	0
1477	595	0
1478	594	0
1479	581	0
1480	651	0
1481	592	0
1482	627	0
1483	601	0
1484	642	0
1485	601	0
1486	627	0
1487	639	0
1488	631	0
1489	615	0
1490	567	0
1491	620	0
1492	585	0
1493	562	0
1494	608	0
1495	606	0
1496	655	0
1497	624	0
1498	619	0
1499	605	0
1500	619	0
1501	602	0
1502	597	0
1503	608	0
1504	631	0
1505	609	0
1506	634	0
1507	611	0
1508	604	0
1509	628	0
1510	625	0
1511	667	0
1512	604	0
1513	655	0
1514	643	0
1515	630	0
1516	621	0
1517	648	0
1518	742	0
1519	590	0
1520	636	0
1521	645	0
1522	653	0
1523	598	0
1524	619	0
1525	662	0
1526	668	0
1527	656	0
1528	698	0
1529	643	0
1530	607	0
1531	630	0
1532	620	0
1533	619	0
1534	675	0
1535	644	0
1536	678	0
1537	627	0
1538	632	0
1539	656	0
1540	663	0
1541	645	0
1542	666	0
1543	656	0
1544	686	0
1545	649	0
1546	670	0
1547	635	0
1548	641	0
1549	661	0
1550	672	0
1551	645	0
1552	682	0
1553	684	0
1554	647	0
1555	744	0
1556	674	0
1557	703	0
1558	660	0
1559	691	0
1560	680	0
1561	694	0
1562	702	0
1563	698	0
1564	666	0
1565	710	0
1566	660	0
1567	646	0
1568	701	0
1569	647	0
1570	718	0
1571	680	0
1572	715	0
1573	679	0
1574	650	0
1575	706	0
1576	695	0
1577	638	0
1578	658	0
1579	695	0
1580	706	0
1581	713	0
1582	672	0
1583	707	0
1584	747	0
1585	759	0
1586	705	0
1587	712	0
1588	669	0
1589	715	0
1590	718	0
1591	718	0
1592	761	0
1593	702	0
1594	748	0
1595	701	0
1596	637	0
1597	693	0
1598	708	0
1599	687	0
1600	725	0
1601	735	0
1602	767	0
1603	777	0
1604	751	0
1605	707	0
1606	773	0
1607	707	0
1608	739	0
1609	719	0
1610	732	0
1611	751	0
1612	674	0
1613	750	0
1614	726	0
1615	738	0
1616	765	0
1617	741	0
1618	770	0
1619	728	0
1620	736	0
1621	765	0
1622	757	0
1623	765	0
1624	765	0
1625	761	0
1626	732	0
1627	778	0
1628	750	0
1629	734	0
1630	757	0
1631	724	0
1632	797	0
1633	743	0
1634	788	0
1635	751	0
1636	763	0
1637	759	0
1638	821	0
1639	761	0
1640	766	0
1641	750	0
1642	799	0
1643	747	0
1644	775	0
1645	784	0
1646	765	0
1647	772	0
1648	749	0
1649	779	0
1650	776	0
1651	785	0
1652	773	0
1653	805	0
1654	762	0
1655	785	0
1656	720	0
1657	774	0
1658	779	0
1659	798	0
1660	735	0
1661	805	0
1662	839	0
1663	775	0
1664	767	0
1665	789	0
1666	781	0
1667	827	0
1668	788	0
1669	731	0
1670	759	0
1671	834	0
1672	785	0
1673	821	0
1674	731	0
1675	814	0
1676	803	0
1677	787	0
1678	778	0
1679	829	0
1680	842	0
1681	818	0
1682	739	0
1683	848	0
1684	792	0
1685	809	0
1686	843	0
1687	783	0
1688	875	0
1689	789	0
1690	769	0
1691	794	0
1692	796	0
1693	812	0
1694	796	0
1695	850	0
1696	812	0
1697	821	0
1698	772	0
1699	865	0
1700	880	0
1701	841	0
1702	829	0
1703	905	0
1704	828	0
1705	838	0
1706	843	0
1707	782	0
1708	804	0
1709	888	0
1710	863	0
1711	877	0
1712	849	0
1713	904	0
1714	826	0
1715	814	0
1716	872	0
1717	863	0
1718	843	0
1719	848	0
1720	886	0
1721	866	0
1722	849	0
1723	857	0
1724	821	0
1725	867	0
1726	858	0
1727	803	0
1728	874	0
1729	863	0
1730	847	0
1731	830	0
1732	904	0
1733	864	0
1734	824	0
1735	875	0
1736	866	0
1737	812	0
1738	871	0
1739	874	0
1740	892	0
1741	818	0
1742	873	0
1743	926	0
1744	845	0
1745	913	0
1746	884	0
1747	917	0
1748	885	0
1749	853	0
1750	866	0
1751	894	0
1752	850	0
1753	879	0
1754	842	0
1755	866	0
1756	857	0
1757	868	0
1758	956	0
1759	903	0
1760	898	0
1761	909	0
1762	930	0
1763	851	0
1764	883	0
1765	936	0
1766	859	0
1767	945	0
1768	917	0
1769	910	0
1770	886	0
1771	901	0
1772	964	0
1773	870	0
1774	900	0
1775	895	0
1776	935	0
1777	909	0
1778	869	0
1779	881	0
1780	922	0
1781	918	0
1782	925	0
1783	915	0
1784	952	0
1785	825	0
1786	927	0
1787	883	0
1788	905	0
1789	949	0
1790	931	0
1791	947	0
1792	955	0
1793	934	0
1794	895	0
1795	899	0
1796	898	0
1797	899	0
1798	949	0
1799	981	0
1800	989	0
1801	907	0
1802	963	0
1803	963	0
1804	990	0
1805	960	0
1806	969	0
1807	941	0
1808	997	0
1809	978	0
1810	957	0
1811	918	0
1812	954	0
1813	1019	0
1814	947	0
1815	967	0
1816	923	0
1817	901	0
1818	954	0
1819	971	0
1820	991	0
1821	961	0
1822	968	0
1823	950	0
1824	944	0
1825	956	0
1826	949	0
1827	939	0
1828	936	0
1829	975	0
1830	969	0
1831	974	0
1832	924	0
1833	996	0
1834	937	0
1835	979	0
1836	981	0
1837	1006	0
1838	1034	0
1839	1002	0
1840	1039	0
1841	967	0
1842	968	0
1843	936	0
1844	1009	0
1845	1045	0
1846	988	0
1847	1004	0
1848	1071	0
1849	1007	0
1850	943	0
1851	1032	0
1852	1010	0
1853	1004	0
1854	977	0
1855	948	0
1856	958	0
1857	981	0
1858	968	0
1859	985	0
1860	1022	0
1861	1028	0
1862	1008	0
1863	1005	0
1864	964	0
1865	962	0
1866	999	0
1867	988	0
1868	976	0
1869	997	0
1870	1016	0
1871	973	0
1872	965	0
1873	1026	0
1874	1054	0
1875	1061	0
1876	975	0
1877	990	0
1878	1005	0
1879	1071	0
1880	1039	0
1881	1068	0
1882	1040	0
1883	968	0
1884	1015	0
1885	1005	0
1886	1004	0
1887	1074	0
1888	1004	0
1889	1030	0
1890	1045	0
1891	987	0
1892	1039	0
1893	1041	0
1894	971	0
1895	992	0
1896	1070	0
1897	1022	0
1898	1113	0
1899	989	0
1900	1044	0
1901	1011	0
1902	1048	0
1903	989	0
1904	999	0
1905	1029	0
1906	1049	0
1907	1093	0
1908	1111	0
1909	1063	0
1910	1040	0
1911	1020	0
1912	1096	0
1913	1031	0
1914	1088	0
1915	1089	0
1916	1022	0
1917	1046	0
1918	1054	0
1919	1064	0
1920	1041	0
1921	1083	0
1922	1021	0
1923	1102	0
1924	1072	0
1925	1058	0
1926	1079	0
1927	1048	0
1928	996	0
1929	1048	0
1930	1069	0
1931	998	0
1932	1029	0
1933	1086	0
1934	1014	0
1935	1113	0
1936	1084	0
1937	1062	0
1938	1078	0
1939	1061	0
1940	1113	0
1941	1139	0
1942	1046	0
1943	1047	0
1944	1085	0
1945	1011	0
1946	1095	0
1947	1077	0
1948	1076	0
1949	1055	0
1950	1080	0
1951	1039	0
1952	1067	0
1953	1086	0
1954	1037	0
1955	1099	0
1956	1103	0
1957	1186	0
1958	1076	0
1959	1139	0
1960	1101	0
1961	1091	0
1962	1095	0
1963	1037	0
1964	1146	0
1965	1058	0
1966	1068	0
1967	1091	0
1968	1093	0
1969	1082	0
1970	1117	0
1971	1109	0
1972	1104	0
1973	1138	0
1974	1162	0
1975	1109	0
1976	1123	0
1977	1113	0
1978	1089	0
1979	1158	0
1980	1116	0
1981	1080	0
1982	1133	0
1983	1120	0
1984	1074	0
1985	1063	0
1986	1055	0
1987	1108	0
1988	1093	0
1989	1084	0
1990	1089	0
1991	1037	0
1992	1060	0
1993	1197	0
1994	1161	0
1995	1166	0
1996	1210	0
1997	1091	0
1998	1072	0
1999	1112	0
2000	1095	0
2001	1118	0
2002	1126	0
2003	1099	0
2004	1073	0
2005	1087	0
2006	1148	0
2007	1124	0
2008	1118	0
2009	1078	0
2010	1188	0
2011	1104	0
2012	1094	0
2013	1147	0
2014	1078	0
2015	1112	0
2016	1097	0
2017	1105	0
2018	1141	0
2019	1061	0
2020	1150	0
2021	1098	0
2022	1126	0
2023	1108	0
2024	1059	0
2025	1100	0
2026	1114	0
2027	1163	0
2028	1077	0
2029	1149	0
2030	1117	0
2031	1181	0
2032	1162	0
2033	1086	0
2034	1098	0
2035	1164	0
2036	1103	0
2037	1144	0
2038	1119	0
2039	1157	0
2040	1126	0
2041	1078	0
2042	1070	0
2043	1160	0
2044	1098	0
2045	1098	0
2046	1188	0
2047	1103	0
2048	1115	0
2049	1199	0
2050	1171	0
2051	1091	0
2052	1123	0
2053	1128	0
2054	1154	0
2055	1194	0
2056	1215	0
2057	1204	0
2058	1181	0
2059	1184	0
2060	1092	0
2061	1163	0
2062	1131	0
2063	1181	0
2064	1120	0
2065	1198	0
2066	1151	0
2067	1173	0
2068	1101	0
2069	1134	0
2070	1139	0
2071	1157	0
2072	1174	0
2073	1177	0
2074	1185	0
2075	1194	0
2076	1162	0
2077	1146	0
2078	1147	0
2079	1207	0
2080	1192	0
2081	1164	0
2082	1194	0
2083	1212	0
2084	1189	0
2085	1180	0
2086	1213	0
2087	1217	0
2088	1160	0
2089	1119	0
2090	1138	0
2091	1190	0
2092	1181	0
2093	1223	0
2094	1191	0
2095	1198	0
2096	1200	0
2097	1164	0
2098	1167	0
2099	1213	0
2100	1238	0
2101	1175	0
2102	1155	0
2103	1226	0
2104	1217	0
2105	1151	0
2106	1152	0
2107	1201	0
2108	1173	0
2109	1226	0
2110	1225	0
2111	1178	0
2112	1178	0
2113	1161	0
2114	1186	0
2115	1194	0
2116	1173	0
2117	1159	0
2118	1244	0
2119	1214	0
2120	1277	0
2121	1191	0
2122	1201	0
2123	1181	0
2124	1190	0
2125	1166	0
2126	1171	0
2127	1246	0
2128	1200	0
2129	1164	0
2130	1150	0
2131	1190	0
2132	1148	0
2133	1189	0
2134	1187	0
2135	1205	0
2136	1233	0
2137	1240	0
2138	1241	0
2139	1170	0
2140	1186	0
2141	1128	0
2142	1197	0
2143	1203	0
2144	1179	0
2145	1225	0
2146	1224	0
2147	1206	0
2148	1273	0
2149	1127	0
2150	1215	0
2151	1212	0
2152	1175	0
2153	1198	0
2154	1160	0
2155	1164	0
2156	1194	0
2157	1195	0
2158	1202	0
2159	1189	0
2160	1153	0
2161	1152	0
2162	1284	0
2163	1094	0
2164	1276	0
2165	1208	0
2166	1167	0
2167	1237	0
2168	1217	0
2169	1165	0
2170	1227	0
2171	1240	0
2172	1205	0
2173	1240	0
2174	1213	0
2175	1219	0
2176	1208	0
2177	1190	0
2178	1196	0
2179	1182	0
2180	1174	0
2181	1168	0
2182	1188	0
2183	1201	0
2184	1174	0
2185	1228	0
2186	1228	0
2187	1213	0
2188	1192	0
2189	1174	0
2190	1191	0
2191	1152	0
2192	1181	0
2193	1163	0
2194	1150	0
2195	1131	0
2196	1231	0
2197	1197	0
2198	1217	0
2199	1232	0
2200	1147	0
2201	1238	0
2202	1267	0
2203	1197	0
2204	1188	0
2205	1222	0
2206	1185	0
2207	1230	0
2208	1229	0
2209	1229	0
2210	1227	0
2211	1234	0
2212	1190	0
2213	1181	0
2214	1168	0
2215	1208	0
2216	1160	0
2217	1216	0
2218	1239	0
2219	1174	0
2220	1252	0
2221	1204	0
2222	1229	0
2223	1178	0
2224	1182	0
2225	1221	0
2226	1224	0
2227	1263	0
2228	1181	0
2229	1219	0
2230	1163	0
2231	1196	0
2232	1265	0
2233	1179	0
2234	1210	0
2235	1204	0
2236	1275	0
2237	1160	0
2238	1219	0
2239	1186	0
2240	1199	0
2241	1223	0
2242	1193	0
2243	1190	0
2244	1209	0
2245	1225	0
2246	1241	0
2247	1161	0
2248	1264	0
2249	1148	0
2250	1133	0
2251	1110	0
2252	1248	0
2253	1180	0
2254	1209	0
2255	1217	0
2256	1225	0
2257	1141	0
2258	1165	0
2259	1172	0
2260	1203	0
2261	1208	0
2262	1127	0
2263	1131	0
2264	1170	0
2265	1205	0
2266	1282	0
2267	1275	0
2268	1240	0
2269	1217	0
2270	1210	0
2271	1269	0
2272	1194	0
2273	1173	0
2274	1185	0
2275	1202	0
2276	1242	0
2277	1264	0
2278	1207	0
2279	1189	0
2280	1174	0
2281	1204	0
2282	1290	0
2283	1250	0
2284	1212	0
2285	1227	0
2286	1234	0
2287	1183	0
2288	1268	0
2289	1167	0
2290	1186	0
2291	1178	0
2292	1209	0
2293	1189	0
2294	1216	0
2295	1216	0
2296	1241	0
2297	1241	0
2298	1158	0
2299	1228	0
2300	1200	0
2301	1168	0
2302	1178	0
2303	1225	0
2304	1291	0
2305	1213	0
2306	1241	0
2307	1224	0
2308	1268	0
2309	1228	0
2310	1222	0
2311	1247	0
2312	1220	0
2313	1163	0
2314	1195	0
2315	1237	0
2316	1224	0
2317	1244	0
2318	1202	0
2319	1289	0
2320	1220	0
2321	1277	0
2322	1212	0
2323	1189	0
2324	1196	0
2325	1235	0
2326	1253	0
2327	1283	0
2328	1146	0
2329	1185	0
2330	1245	0
2331	1186	0
2332	1234	0
2333	1213	0
2334	1171	0
2335	1215	0
2336	1264	0
2337	1217	0
2338	1268	0
2339	1240	0
2340	1212	0
2341	1228	0
2342	1217	0
2343	1222	0
2344	1202	0
2345	1211	0
2346	1199	0
2347	1223	0
2348	1189	0
2349	1148	0
2350	1158	0
2351	1208	0
2352	1163	0
2353	1246	0
2354	1205	0
2355	1191	0
2356	1233	0
2357	1238	0
2358	1280	0
2359	1145	0
2360	1251	0
2361	1170	0
2362	1194	0
2363	1191	0
2364	1183	0
2365	1198	0
2366	1166	0
2367	1210	0
2368	1211	0
2369	1273	0
2370	1252	0
2371	1164	0
2372	1188	0
2373	1248	0
2374	1233	0
2375	1187	0
2376	1248	0
2377	1160	0
2378	1222	0
2379	1229	0
2380	1205	0
2381	1165	0
2382	1256	0
2383	1149	0
2384	1198	0
2385	1224	0
2386	1169	0
2387	1261	0
2388	1265	0
2389	1210	0
2390	1184	0
2391	1217	0
2392	1164	0
2393	1187	0
2394	1232	0
2395	1215	0
2396	1204	0
2397	1178	0
2398	1181	0
2399	1194	0
2400	1204	0
2401	1159	0
2402	1260	0
2403	1200	0
2404	1210	0
2405	1201	0
2406	1238	0
2407	1201	0
2408	1155	0
2409	1210	0
2410	1233	0
2411	1195	0
2412	1241	0
2413	1193	0
2414	1170	0
2415	1160	0
2416	1170	0
2417	1181	0
2418	1194	0
2419	1220	0
2420	1225	0
2421	1232	0
2422	1223	0
2423	1184	0
2424	1189	0
2425	1236	0
2426	1261	0
2427	1145	0
2428	1202	0
2429	1161	0
2430	1253	0
2431	1261	0
2432	1242	0
2433	1182	0
2434	1196	0
2435	1171	0
2436	1256	0
2437	1160	0
2438	1255	0
2439	1195	0
2440	1216	0
2441	1205	0
2442	1244	0
2443	1230	0
2444	1224	0
2445	1296	0
2446	1151	0
2447	1207	0
2448	1210	0
2449	1215	0
2450	1166	0
2451	1257	0
2452	1261	0
2453	1192	0
2454	1199	0
2455	1228	0
2456	1241	0
2457	1256	0
2458	1226	0
2459	1212	0
2460	1188	0
2461	1207	0
2462	1203	0
2463	1273	0
2464	1182	0
2465	1261	0
2466	1215	0
2467	1176	0
2468	1276	0
2469	1181	0
2470	1238	0
2471	1280	0
2472	1204	0
2473	1255	0
2474	1202	0
2475	1221	0
2476	1289	0
2477	1276	0
2478	1257	0
2479	1226	0
2480	1232	0
2481	1181	0
2482	1268	0
2483	1201	0
2484	1278	0
2485	1249	0
2486	1293	0
2487	1287	0
2488	1205	0
2489	1240	0
2490	1264	0
2491	1133	0
2492	1234	0
2493	1269	0
2494	1232	0
2495	1217	0
2496	1236	0
2497	1245	0
2498	1315	0
2499	1171	0
2500	1205	0
2501	1218	0
2502	1246	0
2503	1193	0
2504	1226	0
2505	1193	0
2506	1300	0
2507	1276	0
2508	1247	0
2509	1183	0
2510	1241	0
2511	1192	0
2512	1264	0
2513	1256	0
2514	1230	0
2515	1308	0
2516	1198	0
2517	1300	0
2518	1262	0
2519	1225	0
2520	1189	0
2521	1210	0
2522	1226	0
2523	1211	0
2524	1197	0
2525	1226	0
2526	1193	0
2527	1259	0
2528	1257	0
2529	1247	0
2530	1222	0
2531	1212	0
2532	1206	0
2533	1219	0
2534	1264	0
2535	1245	0
2536	1218	0
2537	1233	0
2538	1233	0
2539	1218	0
2540	1263	0
2541	1286	0
2542	1237	0
2543	1257	0
2544	1208	0
2545	1301	0
2546	1190	0
2547	1295	0
2548	1252	0
2549	1222	0
2550	1256	0
2551	1201	0
2552	1208	0
2553	1257	0
2554	1251	0
2555	1162	0
2556	1212	0
2557	1214	0
2558	1203	0
2559	1218	0
2560	1261	0
2561	1184	0
2562	1273	0
2563	1233	0
2564	1248	0
2565	1170	0
2566	1174	0
2567	1247	0
2568	1232	0
2569	1214	0
2570	1249	0
2571	1239	0
2572	1171	0
2573	1225	0
2574	1257	0
2575	1250	0
2576	1188	0
2577	1224	0
2578	1276	0
2579	1185	0
2580	1205	0
2581	1292	0
2582	1233	0
2583	1206	0
2584	1279	0
2585	1139	0
2586	1223	0
2587	1226	0
2588	1265	0
2589	1160	0
2590	1200	0
2591	1230	0
2592	1167	0
2593	1208	0
2594	1253	0
2595	1181	0
2596	1189	0
2597	1196	0
2598	1212	0
2599	1165	0
2600	1216	0
2601	1187	0
2602	1149	0
2603	1232	0
2604	1189	0
2605	1246	0
2606	1206	0
2607	1203	0
2608	1263	0
2609	1225	0
2610	1204	0
2611	1193	0
2612	1169	0
2613	1209	0
2614	1202	0
2615	1189	0
2616	1203	0
2617	1195	0
2618	1230	0
2619	1217	0
2620	1257	0
2621	1213	0
2622	1221	0
2623	1190	0
2624	1207	0
2625	1138	0
2626	1227	0
2627	1222	0
2628	1156	0
2629	1168	0
2630	1194	0
2631	1170	0
2632	1200	0
2633	1156	0
2634	1191	0
2635	1191	0
2636	1213	0
2637	1142	0
2638	1133	0
2639	1167	0
2640	1188	0
2641	1214	0
2642	1192	0
2643	1197	0
2644	1129	0
2645	1159	0
2646	1130	0
2647	1189	0
2648	1221	0
2649	1245	0
2650	1159	0
2651	1187	0
2652	1166	0
2653	1216	0
2654	1136	0
2655	1159	0
2656	1172	0
2657	1205	0
2658	1166	0
2659	1205	0
2660	1141	0
2661	1229	0
2662	1193	0
2663	1227	0
2664	1177	0
2665	1154	0
2666	1210	0
2667	1161	0
2668	1192	0
2669	1252	0
2670	1200	0
2671	1137	0
2672	1120	0
2673	1178	0
2674	1130	0
2675	1206	0
2676	1167	0
2677	1175	0
2678	1215	0
2679	1159	0
2680	1155	0
2681	1144	0
2682	1125	0
2683	1144	0
2684	1150	0
2685	1220	0
2686	1187	0
2687	1095	0
2688	1106	0
2689	1170	0
2690	1165	0
2691	1108	0
2692	1134	0
2693	1109	0
2694	1121	0
2695	1176	0
2696	1148	0
2697	1094	0
2698	1213	0
2699	1151	0
2700	1138	0
2701	1127	0
2702	1145	0
2703	1169	0
2704	1086	0
2705	1158	0
2706	1155	0
2707	1119	0
2708	1102	0
2709	1159	0
2710	1160	0
2711	1139	0
2712	1117	0
2713	1110	0
2714	1092	0
2715	1171	0
2716	1150	0
2717	1049	0
2718	1076	0
2719	1116	0
2720	1157	0
2721	1141	0
2722	1142	0
2723	1109	0
2724	1132	0
2725	1097	0
2726	1081	0
2727	1065	0
2728	1106	0
2729	1092	0
2730	1121	0
2731	1121	0
2732	1097	0
2733	1136	0
2734	1060	0
2735	1091	0
2736	1100	0
2737	1059	0
2738	1111	0
2739	1103	0
2740	1085	0
2741	1051	0
2742	1043	0
2743	1090	0
2744	1091	0
2745	1094	0
2746	1040	0
2747	1098	0
2748	1136	0
2749	1128	0
2750	1111	0
2751	1049	0
2752	1094	0
2753	1066	0
2754	1041	0
2755	1089	0
2756	1120	0
2757	1127	0
2758	1072	0
2759	1128	0
2760	1110	0
2761	1067	0
2762	1078	0
2763	1081	0
2764	1035	0
2765	1107	0
2766	1066	0
2767	1105	0
2768	1065	0
2769	1073	0
2770	1104	0
2771	1010	0
2772	1117	0
2773	1064	0
2774	1065	0
2775	1047	0
2776	1064	0
2777	1044	0
2778	997	0
2779	1028	0
2780	1060	0
2781	1038	0
2782	1050	0
2783	1010	0
2784	1055	0
2785	1036	0
2786	1030	0
2787	1019	0
2788	1013	0
2789	1037	0
2790	1068	0
2791	1037	0
2792	1058	0
2793	1018	0
2794	985	0
2795	1063	0
2796	1013	0
2797	1019	0
2798	993	0
2799	973	0
2800	1025	0
2801	959	0
2802	1004	0
2803	1044	0
2804	1057	0
2805	1020	0
2806	1017	0
2807	1001	0
2808	978	0
2809	1007	0
2810	1033	0
2811	1023	0
2812	1038	0
2813	989	0
2814	1003	0
2815	1002	0
2816	964	0
2817	985	0
2818	964	0
2819	994	0
2820	990	0
2821	1019	0
2822	953	0
2823	984	0
2824	978	0
2825	1023	0
2826	965	0
2827	997	0
2828	1000	0
2829	922	0
2830	1013	0
2831	983	0
2832	1003	0
2833	952	0
2834	985	0
2835	956	0
2836	976	0
2837	992	0
2838	997	0
2839	995	0
2840	907	0
2841	959	0
2842	936	0
2843	974	0
2844	942	0
2845	925	0
2846	984	0
2847	949	0
2848	886	0
2849	1006	0
2850	980	0
2851	915	0
2852	970	0
2853	955	0
2854	968	0
2855	943	0
2856	926	0
2857	945	0
2858	928	0
2859	896	0
2860	924	0
2861	927	0
2862	990	0
2863	972	0
2864	909	0
2865	956	0
2866	959	0
2867	943	0
2868	920	0
2869	918	0
2870	895	0
2871	923	0
2872	929	0
2873	949	0
2874	921	0
2875	913	0
2876	912	0
2877	989	0
2878	929	0
2879	863	0
2880	917	0
2881	883	0
2882	870	0
2883	906	0
2884	897	0
2885	935	0
2886	889	0
2887	926	0
2888	859	0
2889	868	0
2890	883	0
2891	876	0
2892	906	0
2893	854	0
2894	874	0
2895	890	0
2896	912	0
2897	853	0
2898	884	0
2899	888	0
2900	907	0
2901	857	0
2902	855	0
2903	900	0
2904	841	0
2905	852	0
2906	856	0
2907	927	0
2908	869	0
2909	881	0
2910	832	0
2911	834	0
2912	875	0
2913	896	0
2914	864	0
2915	930	0
2916	863	0
2917	899	0
2918	851	0
2919	835	0
2920	898	0
2921	875	0
2922	823	0
2923	830	0
2924	815	0
2925	868	0
2926	826	0
2927	789	0
2928	854	0
2929	803	0
2930	911	0
2931	908	0
2932	817	0
2933	837	0
2934	858	0
2935	864	0
2936	873	0
2937	873	0
2938	839	0
2939	807	0
2940	839	0
2941	821	0
2942	859	0
2943	824	0
2944	837	0
2945	870	0
2946	811	0
2947	858	0
2948	868	0
2949	846	0
2950	821	0
2951	795	0
2952	849	0
2953	828	0
2954	818	0
2955	852	0
2956	812	0
2957	766	0
2958	763	0
2959	809	0
2960	823	0
2961	858	0
2962	825	0
2963	868	0
2964	825	0
2965	802	0
2966	811	0
2967	779	0
2968	767	0
2969	798	0
2970	806	0
2971	738	0
2972	818	0
2973	758	0
2974	747	0
2975	771	0
2976	789	0
2977	824	0
2978	772	0
2979	822	0
2980	757	0
2981	822	0
2982	790	0
2983	754	0
2984	785	0
2985	722	0
2986	751	0
2987	761	0
2988	744	0
2989	808	0
2990	777	0
2991	806	0
2992	770	0
2993	807	0
2994	767	0
2995	751	0
2996	753	0
2997	734	0
2998	739	0
2999	775	0
3000	786	0
3001	803	0
3002	724	0
3003	778	0
3004	766	0
3005	753	0
3006	816	0
3007	771	0
3008	760	0
3009	798	0
3010	776	0
3011	736	0
3012	771	0
3013	783	0
3014	727	0
3015	759	0
3016	726	0
3017	804	0
3018	728	0
3019	798	0
3020	712	0
3021	752	0
3022	795	0
3023	761	0
3024	742	0
3025	780	0
3026	767	0
3027	781	0
3028	771	0
3029	718	0
3030	707	0
3031	738	0
3032	775	0
3033	771	0
3034	729	0
3035	737	0
3036	742	0
3037	684	0
3038	811	0
3039	716	0
3040	751	0
3041	668	0
3042	736	0
3043	748	0
3044	708	0
3045	710	0
3046	661	0
3047	750	0
3048	663	0
3049	722	0
3050	716	0
3051	717	0
3052	732	0
3053	709	0
3054	708	0
3055	716	0
3056	715	0
3057	705	0
3058	663	0
3059	708	0
3060	703	0
3061	693	0
3062	738	0
3063	715	0
3064	663	0
3065	686	0
3066	731	0
3067	702	0
3068	708	0
3069	676	0
3070	709	0
3071	685	0
3072	726	0
3073	667	0
3074	668	0
3075	679	0
3076	690	0
3077	674	0
3078	646	0
3079	662	0
3080	724	0
3081	682	0
3082	666	0
3083	660	0
3084	675	0
3085	668	0
3086	662	0
3087	688	0
3088	676	0
3089	697	0
3090	667	0
3091	662	0
3092	678	0
3093	698	0
3094	695	0
3095	640	0
3096	670	0
3097	653	0
3098	639	0
3099	657	0
3100	677	0
3101	689	0
3102	631	0
3103	643	0
3104	620	0
3105	648	0
3106	682	0
3107	679	0
3108	648	0
3109	628	0
3110	648	0
3111	623	0
3112	673	0
3113	653	0
3114	629	0
3115	592	0
3116	646	0
3117	611	0
3118	614	0
3119	620	0
3120	697	0
3121	663	0
3122	654	0
3123	659	0
3124	648	0
3125	619	0
3126	632	0
3127	654	0
3128	568	0
3129	628	0
3130	641	0
3131	610	0
3132	598	0
3133	643	0
3134	612	0
3135	586	0
3136	602	0
3137	593	0
3138	638	0
3139	592	0
3140	603	0
3141	603	0
3142	611	0
3143	595	0
3144	613	0
3145	579	0
3146	588	0
3147	612	0
3148	619	0
3149	604	0
3150	612	0
3151	577	0
3152	577	0
3153	595	0
3154	613	0
3155	542	0
3156	576	0
3157	514	0
3158	550	0
3159	543	0
3160	603	0
3161	583	0
3162	583	0
3163	560	0
3164	532	0
3165	556	0
3166	562	0
3167	553	0
3168	553	0
3169	518	0
3170	561	0
3171	580	0
3172	563	0
3173	590	0
3174	611	0
3175	563	0
3176	570	0
3177	530	0
3178	563	0
3179	558	0
3180	559	0
3181	569	0
3182	554	0
3183	524	0
3184	522	0
3185	527	0
3186	524	0
3187	510	0
3188	521	0
3189	562	0
3190	515	0
3191	487	0
3192	530	0
3193	543	0
3194	516	0
3195	518	0
3196	514	0
3197	513	0
3198	504	0
3199	547	0
3200	548	0
3201	555	0
3202	541	0
3203	520	0
3204	524	0
3205	488	0
3206	516	0
3207	507	0
3208	526	0
3209	530	0
3210	501	0
3211	493	0
3212	500	0
3213	464	0
3214	465	0
3215	485	0
3216	496	0
3217	500	0
3218	514	0
3219	503	0
3220	504	0
3221	496	0
3222	491	0
3223	495	0
3224	509	0
3225	537	0
3226	489	0
3227	476	0
3228	463	0
3229	452	0
3230	460	0
3231	462	0
3232	434	0
3233	478	0
3234	447	0
3235	470	0
3236	471	0
3237	492	0
3238	474	0
3239	430	0
3240	461	0
3241	493	0
3242	446	0
3243	456	0
3244	477	0
3245	434	0
3246	471	0
3247	450	0
3248	418	0
3249	456	0
3250	483	0
3251	467	0
3252	426	0
3253	441	0
3254	466	0
3255	477	0
3256	447	0
3257	441	0
3258	466	0
3259	478	0
3260	456	0
3261	443	0
3262	476	0
3263	412	0
3264	469	0
3265	434	0
3266	478	0
3267	495	0
3268	487	0
3269	429	0
3270	423	0
3271	400	0
3272	437	0
3273	458	0
3274	427	0
3275	433	0
3276	446	0
3277	387	0
3278	415	0
3279	413	0
3280	424	0
3281	431	0
3282	433	0
3283	373	0
3284	469	0
3285	409	0
3286	411	0
3287	391	0
3288	419	0
3289	416	0
3290	389	0
3291	414	0
3292	390	0
3293	405	0
3294	436	0
3295	423	0
3296	415	0
3297	433	0
3298	403	0
3299	406	0
3300	438	0
3301	408	0
3302	431	0
3303	398	0
3304	374	0
3305	422	0
3306	416	0
3307	420	0
3308	391	0
3309	396	0
3310	421	0
3311	419	0
3312	415	0
3313	367	0
3314	368	0
3315	388	0
3316	418	0
3317	401	0
3318	374	0
3319	418	0
3320	394	0
3321	401	0
3322	406	0
3323	399	0
3324	407	0
3325	367	0
3326	389	0
3327	389	0
3328	375	0
3329	398	0
3330	372	0
3331	422	0
3332	375	0
3333	343	0
3334	363	0
3335	395	0
3336	393	0
3337	383	0
3338	367	0
3339	421	0
3340	385	0
3341	401	0
3342	386	0
3343	371	0
3344	343	0
3345	361	0
3346	408	0
3347	410	0
3348	404	0
3349	342	0
3350	333	0
3351	349	0
3352	375	0
3353	403	0
3354	376	0
3355	392	0
3356	339	0
3357	366	0
3358	385	0
3359	362	0
3360	330	0
3361	384	0
3362	343	0
3363	377	0
3364	349	0
3365	387	0
3366	367	0
3367	327	0
3368	361	0
3369	367	0
3370	387	0
3371	347	0
3372	385	0
3373	368	0
3374	374	0
3375	336	0
3376	318	0
3377	368	0
3378	373	0
3379	325	0
3380	341	0
3381	354	0
3382	321	0
3383	322	0
3384	340	0
3385	355	0
3386	355	0
3387	352	0
3388	369	0
3389	356	0
3390	344	0
3391	350	0
3392	362	0
3393	323	0
3394	310	0
3395	340	0
3396	326	0
3397	323	0
3398	327	0
3399	331	0
3400	338	0
3401	324	0
3402	361	0
3403	313	0
3404	327	0
3405	294	0
3406	364	0
3407	316	0
3408	307	0
3409	347	0
3410	340	0
3411	278	0
3412	327	0
3413	350	0
3414	323	0
3415	344	0
3416	348	0
3417	292	0
3418	331	0
3419	320	0
3420	300	0
3421	329	0
3422	326	0
3423	293	0
3424	294	0
3425	300	0
3426	287	0
3427	287	0
3428	331	0
3429	254	0
3430	288	0
3431	336	0
3432	300	0
3433	282	0
3434	298	0
3435	262	0
3436	265	0
3437	290	0
3438	296	0
3439	268	0
3440	302	0
3441	251	0
3442	250	0
3443	290	0
3444	276	0
3445	259	0
3446	259	0
3447	285	0
3448	278	0
3449	257	0
3450	288	0
3451	304	0
3452	268	0
3453	316	0
3454	279	0
3455	290	0
3456	299	0
3457	281	0
3458	271	0
3459	278	0
3460	284	0
3461	253	0
3462	261	0
3463	270	0
3464	257	0
3465	298	0
3466	266	0
3467	270	0
3468	291	0
3469	234	0
3470	265	0
3471	291	0
3472	268	0
3473	251	0
3474	279	0
3475	250	0
3476	266	0
3477	264	0
3478	261	0
3479	255	0
3480	270	0
3481	264	0
3482	269	0
3483	263	0
3484	263	0
3485	268	0
3486	255	0
3487	263	0
3488	245	0
3489	243	0
3490	266	0
3491	257	0
3492	248	0
3493	259	0
3494	252	0
3495	246	0
3496	277	0
3497	259	0
3498	244	0
3499	233	0
3500	240	0
3501	229	0
3502	275	0
3503	233	0
3504	275	0
3505	243	0
3506	248	0
3507	218	0
3508	269	0
3509	233	0
3510	220	0
3511	253	0
3512	237	0
3513	242	0
3514	230	0
3515	226	0
3516	237	0
3517	237	0
3518	219	0
3519	252	0
3520	231	0
3521	222	0
3522	225	0
3523	210	0
3524	218	0
3525	218	0
3526	234	0
3527	239	0
3528	230	0
3529	239	0
3530	208	0
3531	223	0
3532	236	0
3533	249	0
3534	233	0
3535	253	0
3536	235	0
3537	222	0
3538	224	0
3539	224	0
3540	229	0
3541	227	0
3542	236	0
3543	205	0
3544	229	0
3545	200	0
3546	218	0
3547	227	0
3548	210	0
3549	209	0
3550	198	0
3551	237	0
3552	198	0
3553	221	0
3554	225	0
3555	204	0
3556	207	0
3557	202	0
3558	190	0
3559	187	0
3560	220	0
3561	211	0
3562	218	0
3563	204	0
3564	174	0
3565	234	0
3566	177	0
3567	229	0
3568	192	0
3569	189	0
3570	198	0
3571	191	0
3572	193	0
3573	195	0
3574	206	0
3575	198	0
3576	204	0
3577	204	0
3578	195	0
3579	168	0
3580	188	0
3581	189	0
3582	195	0
3583	184	0
3584	178	0
3585	186	0
3586	180	0
3587	219	0
3588	197	0
3589	203	0
3590	171	0
3591	170	0
3592	182	0
3593	178	0
3594	193	0
3595	198	0
3596	189	0
3597	171	0
3598	167	0
3599	199	0
3600	174	0
3601	169	0
3602	182	0
3603	197	0
3604	232	0
3605	162	0
3606	178	0
3607	183	0
3608	163	0
3609	171	0
3610	187	0
3611	185	0
3612	191	0
3613	163	0
3614	186	0
3615	183	0
3616	157	0
3617	179	0
3618	199	0
3619	155	0
3620	167	0
3621	168	0
3622	149	0
3623	168	0
3624	166	0
3625	197	0
3626	168	0
3627	185	0
3628	160	0
3629	182	0
3630	165	0
3631	148	0
3632	159	0
3633	173	0
3634	161	0
3635	175	0
3636	148	0
3637	154	0
3638	160	0
3639	160	0
3640	162	0
3641	159	0
3642	162	0
3643	170	0
3644	151	0
3645	168	0
3646	149	0
3647	153	0
3648	166	0
3649	192	0
3650	169	0
3651	157	0
3652	140	0
3653	140	0
3654	153	0
3655	164	0
3656	146	0
3657	177	0
3658	163	0
3659	127	0
3660	133	0
3661	179	0
3662	130	0
3663	148	0
3664	166	0
3665	174	0
3666	150	0
3667	155	0
3668	143	0
3669	131	0
3670	157	0
3671	163	0
3672	160	0
3673	131	0
3674	155	0
3675	136	0
3676	132	0
3677	160	0
3678	155	0
3679	142	0
3680	148	0
3681	142	0
3682	133	0
3683	139	0
3684	145	0
3685	165	0
3686	140	0
3687	140	0
3688	146	0
3689	139	0
3690	143	0
3691	154	0
3692	154	0
3693	132	0
3694	142	0
3695	129	0
3696	136	0
3697	136	0
3698	137	0
3699	117	0
3700	140	0
3701	131	0
3702	142	0
3703	142	0
3704	140	0
3705	126	0
3706	126	0
3707	123	0
3708	134	0
3709	124	0
3710	132	0
3711	117	0
3712	115	0
3713	118	0
3714	113	0
3715	127	0
3716	122	0
3717	139	0
3718	143	0
3719	144	0
3720	111	0
3721	114	0
3722	159	0
3723	126	0
3724	128	0
3725	128	0
3726	129	0
3727	130	0
3728	135	0
3729	121	0
3730	124	0
3731	141	0
3732	134	0
3733	147	0
3734	155	0
3735	124	0
3736	112	0
3737	130	0
3738	125	0
3739	112	0
3740	131	0
3741	121	0
3742	131	0
3743	120	0
3744	130	0
3745	121	0
3746	134	0
3747	114	0
3748	143	0
3749	136	0
3750	116	0
3751	129	0
3752	122	0
3753	123	0
3754	123	0
3755	133	0
3756	108	0
3757	120	0
3758	117	0
3759	130	0
3760	108	0
3761	127	0
3762	116	0
3763	104	0
3764	126	0
3765	94	0
3766	93	0
3767	106	0
3768	127	0
3769	128	0
3770	113	0
3771	111	0
3772	114	0
3773	91	0
3774	133	0
3775	125	0
3776	107	0
3777	99	0
3778	112	0
3779	111	0
3780	116	0
3781	134	0
3782	116	0
3783	118	0
3784	106	0
3785	111	0
3786	85	0
3787	111	0
3788	109	0
3789	137	0
3790	112	0
3791	99	0
3792	118	0
3793	113	0
3794	97	0
3795	105	0
3796	100	0
3797	121	0
3798	100	0
3799	101	0
3800	111	0
3801	125	0
3802	104	0
3803	113	0
3804	109	0
3805	111	0
3806	112	0
3807	112	0
3808	118	0
3809	133	0
3810	98	0
3811	100	0
3812	110	0
3813	111	0
3814	110	0
3815	138	0
3816	118	0
3817	115	0
3818	106	0
3819	115	0
3820	120	0
3821	105	0
3822	99	0
3823	108	0
3824	101	0
3825	102	0
3826	113	0
3827	102	0
3828	89	0
3829	101	0
3830	109	0
3831	113	0
3832	79	0
3833	97	0
3834	109	0
3835	91	0
3836	113	0
3837	100	0
3838	81	0
3839	102	0
3840	101	0
3841	102	0
3842	85	0
3843	85	0
3844	133	0
3845	99	0
3846	104	0
3847	117	0
3848	101	0
3849	105	0
3850	93	0
3851	105	0
3852	112	0
3853	93	0
3854	85	0
3855	104	0
3856	99	0
3857	112	0
3858	84	0
3859	87	0
3860	102	0
3861	93	0
3862	82	0
3863	113	0
3864	91	0
3865	105	0
3866	84	0
3867	100	0
3868	85	0
3869	100	0
3870	98	0
3871	115	0
3872	90	0
3873	107	0
3874	85	0
3875	89	0
3876	93	0
3877	106	0
3878	120	0
3879	112	0
3880	78	0
3881	105	0
3882	92	0
3883	77	0
3884	101	0
3885	98	0
3886	70	0
3887	94	0
3888	100	0
3889	87	0
3890	95	0
3891	98	0
3892	91	0
3893	89	0
3894	91	0
3895	92	0
3896	93	0
3897	80	0
3898	93	0
3899	98	0
3900	74	0
3901	101	0
3902	90	0
3903	86	0
3904	80	0
3905	91	0
3906	78	0
3907	76	0
3908	85	0
3909	105	0
3910	94	0
3911	91	0
3912	93	0
3913	87	0
3914	71	0
3915	86	0
3916	87	0
3917	93	0
3918	70	0
3919	91	0
3920	76	0
3921	89	0
3922	86	0
3923	87	0
3924	82	0
3925	88	0
3926	78	0
3927	80	0
3928	95	0
3929	93	0
3930	87	0
3931	83	0
3932	85	0
3933	82	0
3934	93	0
3935	91	0
3936	78	0
3937	82	0
3938	79	0
3939	67	0
3940	87	0
3941	91	0
3942	74	0
3943	77	0
3944	64	0
3945	79	0
3946	87	0
3947	66	0
3948	85	0
3949	80	0
3950	82	0
3951	93	0
3952	79	0
3953	88	0
3954	85	0
3955	98	0
3956	88	0
3957	73	0
3958	91	0
3959	83	0
3960	88	0
3961	87	0
3962	77	0
3963	83	0
3964	77	0
3965	94	0
3966	78	0
3967	106	0
3968	80	0
3969	88	0
3970	83	0
3971	93	0
3972	77	0
3973	78	0
3974	83	0
3975	97	0
3976	83	0
3977	83	0
3978	91	0
3979	94	0
3980	84	0
3981	74	0
3982	78	0
3983	86	0
3984	80	0
3985	73	0
3986	79	0
3987	94	0
3988	89	0
3989	85	0
3990	80	0
3991	72	0
3992	95	0
3993	90	0
3994	101	0
3995	93	0
3996	78	0
3997	66	0
3998	85	0
3999	68	0
4000	93	0
4001	71	0
4002	72	0
4003	88	0
4004	60	0
4005	78	0
4006	68	0
4007	84	0
4008	75	0
4009	76	0
4010	76	0
4011	85	0
4012	75	0
4013	82	0
4014	69	0
4015	86	0
4016	96	0
4017	81	0
4018	98	0
4019	71	0
4020	97	0
4021	100	0
4022	99	0
4023	78	0
4024	83	0
4025	86	0
4026	95	0
4027	82	0
4028	80	0
4029	69	0
4030	75	0
4031	75	0
4032	82	0
4033	75	0
4034	67	0
4035	62	0
4036	61	0
4037	87	0
4038	79	0
4039	89	0
4040	90	0
4041	71	0
4042	83	0
4043	91	0
4044	79	0
4045	79	0
4046	78	0
4047	68	0
4048	92	0
4049	76	0
4050	74	0
4051	71	0
4052	84	0
4053	71	0
4054	80	0
4055	67	0
4056	64	0
4057	64	0
4058	82	0
4059	84	0
4060	73	0
4061	63	0
4062	81	0
4063	74	0
4064	79	0
4065	86	0
4066	80	0
4067	82	0
4068	77	0
4069	84	0
4070	68	0
4071	64	0
4072	77	0
4073	72	0
4074	55	0
4075	69	0
4076	87	0
4077	73	0
4078	57	0
4079	77	0
4080	63	0
4081	77	0
4082	68	0
4083	82	0
4084	68	0
4085	78	0
4086	70	0
4087	73	0
4088	90	0
4089	66	0
4090	84	0
4091	63	0
4092	72	0
4093	79	0
4094	78	0
4095	64	0
4096	73	0
4097	67	0
4098	72	0
4099	73	0
4100	68	0
4101	72	0
4102	65	0
4103	72	0
4104	84	0
4105	68	0
4106	65	0
4107	78	0
4108	82	0
4109	80	0
4110	58	0
4111	65	0
4112	64	0
4113	73	0
4114	54	0
4115	77	0
4116	77	0
4117	67	0
4118	79	0
4119	70	0
4120	74	0
4121	62	0
4122	69	0
4123	90	0
4124	76	0
4125	60	0
4126	53	0
4127	64	0
4128	76	0
4129	58	0
4130	77	0
4131	68	0
4132	60	0
4133	61	0
4134	70	0
4135	79	0
4136	64	0
4137	68	0
4138	63	0
4139	67	0
4140	54	0
4141	68	0
4142	75	0
4143	69	0
4144	62	0
4145	48	0
4146	82	0
4147	75	0
4148	71	0
4149	64	0
4150	63	0
4151	70	0
4152	60	0
4153	59	0
4154	72	0
4155	48	0
4156	66	0
4157	59	0
4158	55	0
4159	71	0
4160	69	0
4161	82	0
4162	56	0
4163	62	0
4164	54	0
4165	63	0
4166	82	0
4167	56	0
4168	66	0
4169	65	0
4170	63	0
4171	64	0
4172	61	0
4173	69	0
4174	67	0
4175	59	0
4176	60	0
4177	68	0
4178	70	0
4179	62	0
4180	63	0
4181	67	0
4182	67	0
4183	61	0
4184	64	0
4185	62	0
4186	64	0
4187	74	0
4188	68	0
4189	63	0
4190	55	0
4191	63	0
4192	74	0
4193	68	0
4194	61	0
4195	71	0
4196	59	0
4197	72	0
4198	64	0
4199	75	0
4200	61	0
4201	69	0
4202	65	0
4203	62	0
4204	62	0
4205	61	0
4206	65	0
4207	66	0
4208	70	0
4209	60	0
4210	54	0
4211	57	0
4212	66	0
4213	43	0
4214	59	0
4215	64	0
4216	65	0
4217	63	0
4218	68	0
4219	44	0
4220	55	0
4221	71	0
4222	61	0
4223	54	0
4224	54	0
4225	59	0
4226	43	0
4227	52	0
4228	56	0
4229	63	0
4230	58	0
4231	54	0
4232	60	0
4233	70	0
4234	73	0
4235	61	0
4236	44	0
4237	66	0
4238	36	0
4239	53	0
4240	54	0
4241	58	0
4242	56	0
4243	48	0
4244	62	0
4245	60	0
4246	61	0
4247	71	0
4248	49	0
4249	64	0
4250	48	0
4251	48	0
4252	51	0
4253	48	0
4254	77	0
4255	49	0
4256	63	0
4257	68	0
4258	60	0
4259	57	0
4260	57	0
4261	60	0
4262	48	0
4263	56	0
4264	59	0
4265	70	0
4266	53	0
4267	45	0
4268	65	0
4269	71	0
4270	63	0
4271	53	0
4272	63	0
4273	57	0
4274	44	0
4275	51	0
4276	51	0
4277	63	0
4278	63	0
4279	60	0
4280	51	0
4281	59	0
4282	43	0
4283	54	0
4284	52	0
4285	55	0
4286	67	0
4287	62	0
4288	71	0
4289	77	0
4290	48	0
4291	65	0
4292	53	0
4293	60	0
4294	64	0
4295	61	0
4296	51	0
4297	41	0
4298	63	0
4299	64	0
4300	50	0
4301	54	0
4302	52	0
4303	48	0
4304	57	0
4305	55	0
4306	68	0
4307	50	0
4308	41	0
4309	55	0
4310	64	0
4311	52	0
4312	59	0
4313	49	0
4314	53	0
4315	62	0
4316	66	0
4317	60	0
4318	53	0
4319	44	0
4320	60	0
4321	49	0
4322	55	0
4323	48	0
4324	53	0
4325	50	0
4326	59	0
4327	58	0
4328	43	0
4329	34	0
4330	54	0
4331	63	0
4332	48	0
4333	55	0
4334	58	0
4335	73	0
4336	64	0
4337	61	0
4338	50	0
4339	54	0
4340	53	0
4341	50	0
4342	55	0
4343	47	0
4344	59	0
4345	49	0
4346	70	0
4347	48	0
4348	52	0
4349	67	0
4350	60	0
4351	55	0
4352	49	0
4353	56	0
4354	53	0
4355	57	0
4356	49	0
4357	49	0
4358	51	0
4359	51	0
4360	64	0
4361	54	0
4362	48	0
4363	59	0
4364	49	0
4365	49	0
4366	51	0
4367	49	0
4368	42	0
4369	47	0
4370	55	0
4371	65	0
4372	63	0
4373	70	0
4374	46	0
4375	44	0
4376	47	0
4377	47	0
4378	29	0
4379	48	0
4380	42	0
4381	55	0
4382	53	0
4383	59	0
4384	48	0
4385	52	0
4386	50	0
4387	49	0
4388	50	0
4389	54	0
4390	56	0
4391	53	0
4392	52	0
4393	44	0
4394	55	0
4395	50	0
4396	57	0
4397	53	0
4398	54	0
4399	54	0
4400	41	0
4401	53	0
4402	65	0
4403	45	0
4404	47	0
4405	50	0
4406	43	0
4407	57	0
4408	37	0
4409	52	0
4410	54	0
4411	54	0
4412	38	0
4413	53	0
4414	63	0
4415	40	0
4416	56	0
4417	55	0
4418	46	0
4419	50	0
4420	63	0
4421	50	0
4422	41	0
4423	40	0
4424	55	0
4425	52	0
4426	41	0
4427	47	0
4428	51	0
4429	43	0
4430	49	0
4431	52	0
4432	47	0
4433	38	0
4434	46	0
4435	33	0
4436	48	0
4437	42	0
4438	46	0
4439	46	0
4440	43	0
4441	47	0
4442	45	0
4443	44	0
4444	41	0
4445	42	0
4446	54	0
4447	60	0
4448	56	0
4449	50	0
4450	50	0
4451	38	0
4452	54	0
4453	43	0
4454	38	0
4455	44	0
4456	44	0
4457	44	0
4458	37	0
4459	40	0
4460	43	0
4461	44	0
4462	48	0
4463	44	0
4464	41	0
4465	51	0
4466	47	0
4467	38	0
4468	50	0
4469	35	0
4470	40	0
4471	48	0
4472	53	0
4473	49	0
4474	44	0
4475	41	0
4476	42	0
4477	48	0
4478	54	0
4479	45	0
4480	56	0
4481	36	0
4482	53	0
4483	47	0
4484	58	0
4485	56	0
4486	47	0
4487	46	0
4488	50	0
4489	46	0
4490	42	0
4491	37	0
4492	39	0
4493	45	0
4494	51	0
4495	53	0
4496	48	0
4497	55	0
4498	55	0
4499	54	0
4500	41	0
4501	44	0
4502	40	0
4503	44	0
4504	48	0
4505	40	0
4506	46	0
4507	55	0
4508	53	0
4509	59	0
4510	55	0
4511	53	0
4512	43	0
4513	52	0
4514	57	0
4515	37	0
4516	50	0
4517	50	0
4518	45	0
4519	56	0
4520	60	0
4521	38	0
4522	54	0
4523	49	0
4524	36	0
4525	60	0
4526	48	0
4527	52	0
4528	40	0
4529	45	0
4530	37	0
4531	50	0
4532	55	0
4533	47	0
4534	46	0
4535	48	0
4536	55	0
4537	47	0
4538	41	0
4539	52	0
4540	39	0
4541	59	0
4542	48	0
4543	39	0
4544	41	0
4545	58	0
4546	34	0
4547	37	0
4548	45	0
4549	49	0
4550	55	0
4551	41	0
4552	46	0
4553	49	0
4554	41	0
4555	49	0
4556	57	0
4557	51	0
4558	44	0
4559	43	0
4560	45	0
4561	45	0
4562	42	0
4563	46	0
4564	43	0
4565	43	0
4566	53	0
4567	53	0
4568	34	0
4569	49	0
4570	42	0
4571	36	0
4572	53	0
4573	53	0
4574	41	0
4575	43	0
4576	40	0
4577	54	0
4578	47	0
4579	61	0
4580	45	0
4581	43	0
4582	42	0
4583	38	0
4584	36	0
4585	41	0
4586	45	0
4587	39	0
4588	39	0
4589	41	0
4590	51	0
4591	49	0
4592	54	0
4593	44	0
4594	53	0
4595	36	0
4596	49	0
4597	46	0
4598	39	0
4599	49	0
4600	43	0
4601	49	0
4602	48	0
4603	46	0
4604	41	0
4605	53	0
4606	40	0
4607	46	0
4608	38	0
4609	58	0
4610	46	0
4611	43	0
4612	60	0
4613	41	0
4614	44	0
4615	49	0
4616	48	0
4617	41	0
4618	26	0
4619	49	0
4620	33	0
4621	42	0
4622	35	0
4623	53	0
4624	44	0
4625	43	0
4626	38	0
4627	42	0
4628	55	0
4629	51	0
4630	56	0
4631	39	0
4632	48	0
4633	38	0
4634	48	0
4635	42	0
4636	36	0
4637	43	0
4638	33	0
4639	35	0
4640	33	0
4641	47	0
4642	46	0
4643	40	0
4644	30	0
4645	45	0
4646	51	0
4647	44	0
4648	42	0
4649	33	0
4650	35	0
4651	52	0
4652	43	0
4653	43	0
4654	41	0
4655	55	0
4656	48	0
4657	47	0
4658	31	0
4659	45	0
4660	36	0
4661	55	0
4662	39	0
4663	54	0
4664	36	0
4665	42	0
4666	46	0
4667	33	0
4668	43	0
4669	44	0
4670	34	0
4671	42	0
4672	63	0
4673	58	0
4674	45	0
4675	35	0
4676	39	0
4677	40	0
4678	45	0
4679	48	0
4680	48	0
4681	37	0
4682	37	0
4683	51	0
4684	39	0
4685	38	0
4686	43	0
4687	35	0
4688	39	0
4689	40	0
4690	47	0
4691	54	0
4692	39	0
4693	40	0
4694	55	0
4695	37	0
4696	40	0
4697	38	0
4698	40	0
4699	40	0
4700	29	0
4701	48	0
4702	35	0
4703	34	0
4704	35	0
4705	39	0
4706	36	0
4707	40	0
4708	26	0
4709	41	0
4710	37	0
4711	40	0
4712	35	0
4713	51	0
4714	34	0
4715	49	0
4716	38	0
4717	43	0
4718	42	0
4719	35	0
4720	47	0
4721	46	0
4722	23	0
4723	42	0
4724	39	0
4725	48	0
4726	40	0
4727	32	0
4728	25	0
4729	45	0
4730	34	0
4731	37	0
4732	37	0
4733	59	0
4734	41	0
4735	43	0
4736	44	0
4737	39	0
4738	37	0
4739	36	0
4740	42	0
4741	31	0
4742	27	0
4743	44	0
4744	43	0
4745	39	0
4746	35	0
4747	46	0
4748	34	0
4749	38	0
4750	38	0
4751	27	0
4752	32	0
4753	32	0
4754	40	0
4755	41	0
4756	40	0
4757	41	0
4758	42	0
4759	42	0
4760	40	0
4761	43	0
4762	37	0
4763	50	0
4764	24	0
4765	35	0
4766	39	0
4767	37	0
4768	37	0
4769	42	0
4770	39	0
4771	37	0
4772	32	0
4773	37	0
4774	45	0
4775	35	0
4776	39	0
4777	40	0
4778	53	0
4779	37	0
4780	27	0
4781	43	0
4782	33	0
4783	45	0
4784	39	0
4785	47	0
4786	43	0
4787	36	0
4788	46	0
4789	47	0
4790	38	0
4791	37	0
4792	39	0
4793	45	0
4794	53	0
4795	37	0
4796	40	0
4797	48	0
4798	48	0
4799	48	0
4800	37	0
4801	39	0
4802	33	0
4803	40	0
4804	41	0
4805	31	0
4806	36	0
4807	51	0
4808	46	0
4809	38	0
4810	31	0
4811	50	0
4812	43	0
4813	42	0
4814	51	0
4815	36	0
4816	37	0
4817	32	0
4818	45	0
4819	43	0
4820	45	0
4821	37	0
4822	34	0
4823	44	0
4824	43	0
4825	42	0
4826	34	0
4827	38	0
4828	33	0
4829	35	0
4830	28	0
4831	35	0
4832	41	0
4833	39	0
4834	34	0
4835	40	0
4836	52	0
4837	43	0
4838	44	0
4839	40	0
4840	37	0
4841	43	0
4842	29	0
4843	44	0
4844	35	0
4845	45	0
4846	48	0
4847	30	0
4848	41	0
4849	40	0
4850	37	0
4851	35	0
4852	40	0
4853	40	0
4854	37	0
4855	39	0
4856	40	0
4857	32	0
4858	34	0
4859	38	0
4860	39	0
4861	23	0
4862	36	0
4863	33	0
4864	40	0
4865	31	0
4866	34	0
4867	46	0
4868	32	0
4869	41	0
4870	36	0
4871	30	0
4872	41	0
4873	36	0
4874	31	0
4875	26	0
4876	38	0
4877	34	0
4878	31	0
4879	37	0
4880	32	0
4881	37	0
4882	43	0
4883	26	0
4884	37	0
4885	36	0
4886	32	0
4887	35	0
4888	34	0
4889	30	0
4890	33	0
4891	35	0
4892	31	0
4893	35	0
4894	39	0
4895	38	0
4896	44	0
4897	31	0
4898	27	0
4899	37	0
4900	37	0
4901	36	0
4902	33	0
4903	22	0
4904	31	0
4905	42	0
4906	37	0
4907	38	0
4908	44	0
4909	36	0
4910	37	0
4911	36	0
4912	32	0
4913	38	0
4914	48	0
4915	39	0
4916	42	0
4917	33	0
4918	35	0
4919	31	0
4920	32	0
4921	32	0
4922	40	0
4923	37	0
4924	25	0
4925	36	0
4926	41	0
4927	36	0
4928	19	0
4929	31	0
4930	24	0
4931	30	0
4932	40	0
4933	43	0
4934	33	0
4935	34	0
4936	45	0
4937	32	0
4938	25	0
4939	31	0
4940	31	0
4941	37	0
4942	34	0
4943	36	0
4944	40	0
4945	25	0
4946	31	0
4947	36	0
4948	40	0
4949	29	0
4950	32	0
4951	40	0
4952	34	0
4953	34	0
4954	34	0
4955	46	0
4956	33	0
4957	29	0
4958	33	0
4959	41	0
4960	35	0
4961	28	0
4962	29	0
4963	36	0
4964	35	0
4965	29	0
4966	34	0
4967	44	0
4968	31	0
4969	30	0
4970	36	0
4971	33	0
4972	30	0
4973	34	0
4974	21	0
4975	35	0
4976	36	0
4977	29	0
4978	42	0
4979	33	0
4980	32	0
4981	25	0
4982	33	0
4983	27	0
4984	19	0
4985	38	0
4986	31	0
4987	32	0
4988	35	0
4989	27	0
4990	36	0
4991	34	0
4992	38	0
4993	25	0
4994	29	0
4995	28	0
4996	37	0
4997	36	0
4998	28	0
4999	35	0
5000	18426	0

