## htsjdk.samtools.metrics.StringHeader
# CollectHsMetrics BAIT_INTERVALS=[pool1_pool2_nochr_3c.sort.merged.padded20.hg19.210311.met.annotated.interval_list] TARGET_INTERVALS=[pool1_pool2_nochr_3c.sort.merged.padded20.hg19.210311.met.annotated.interval_list] INPUT=marked_duplicates_filtered_8.bam OUTPUT=hs_metrics_filtered_8.txt COVERAGE_CAP=5000 REFERENCE_SEQUENCE=/home/tomas/data/reference/hg19.with.mt.fasta    METRIC_ACCUMULATION_LEVEL=[ALL_READS] NEAR_DISTANCE=250 MINIMUM_MAPPING_QUALITY=20 MINIMUM_BASE_QUALITY=20 CLIP_OVERLAPPING_READS=true INCLUDE_INDELS=false SAMPLE_SIZE=10000 ALLELE_FRACTION=[0.001, 0.005, 0.01, 0.02, 0.05, 0.1, 0.2, 0.3, 0.5] VERBOSITY=INFO QUIET=false VALIDATION_STRINGENCY=STRICT COMPRESSION_LEVEL=5 MAX_RECORDS_IN_RAM=500000 CREATE_INDEX=false CREATE_MD5_FILE=false GA4GH_CLIENT_SECRETS=client_secrets.json USE_JDK_DEFLATER=false USE_JDK_INFLATER=false
## htsjdk.samtools.metrics.StringHeader
# Started on: Thu Feb 03 13:22:44 CET 2022

## METRICS CLASS	picard.analysis.directed.HsMetrics
BAIT_SET	BAIT_TERRITORY	BAIT_DESIGN_EFFICIENCY	ON_BAIT_BASES	NEAR_BAIT_BASES	OFF_BAIT_BASES	PCT_SELECTED_BASES	PCT_OFF_BAIT	ON_BAIT_VS_SELECTED	MEAN_BAIT_COVERAGE	PCT_USABLE_BASES_ON_BAIT	PCT_USABLE_BASES_ON_TARGET	FOLD_ENRICHMENT	HS_LIBRARY_SIZE	HS_PENALTY_10X	HS_PENALTY_20X	HS_PENALTY_30X	HS_PENALTY_40X	HS_PENALTY_50X	HS_PENALTY_100X	TARGET_TERRITORY	GENOME_SIZE	TOTAL_READS	PF_READS	PF_BASES	PF_UNIQUE_READS	PF_UQ_READS_ALIGNED	PF_BASES_ALIGNED	PF_UQ_BASES_ALIGNED	ON_TARGET_BASES	PCT_PF_READS	PCT_PF_UQ_READS	PCT_PF_UQ_READS_ALIGNED	MEAN_TARGET_COVERAGE	MEDIAN_TARGET_COVERAGE	MAX_TARGET_COVERAGE	MIN_TARGET_COVERAGE	ZERO_CVG_TARGETS_PCT	PCT_EXC_DUPE	PCT_EXC_ADAPTER	PCT_EXC_MAPQ	PCT_EXC_BASEQ	PCT_EXC_OVERLAP	PCT_EXC_OFF_TARGET	FOLD_80_BASE_PENALTY	PCT_TARGET_BASES_1X	PCT_TARGET_BASES_2X	PCT_TARGET_BASES_10X	PCT_TARGET_BASES_20X	PCT_TARGET_BASES_30X	PCT_TARGET_BASES_40X	PCT_TARGET_BASES_50X	PCT_TARGET_BASES_100X	PCT_TARGET_BASES_250X	PCT_TARGET_BASES_500X	PCT_TARGET_BASES_1000X	PCT_TARGET_BASES_2500X	PCT_TARGET_BASES_5000X	PCT_TARGET_BASES_10000X	PCT_TARGET_BASES_25000X	PCT_TARGET_BASES_50000X	PCT_TARGET_BASES_100000X	AT_DROPOUT	GC_DROPOUT	HET_SNP_SENSITIVITY	HET_SNP_Q	SAMPLE	LIBRARY	READ_GROUP
pool1_pool2_nochr_3c	2217428	1	6941436849	3602302955	4950169589	0.680509	0.319491	0.658347	3130.400107	0.446444	0.20657	625.456141	39763858	4.395656	4.407161	4.422501	4.435924	4.453181	4.517609	2217428	3095693983	113144050	113144050	15548270858	78389533	78374938	15493909393	10718416522	3211802282	1	0.692829	0.999814	1448.435882	1448	13662	0	0.001632	0.308217	0	0.019796	0.015267	0.118217	0.331228	1.31437	0.9997	0.999488	0.998813	0.998499	0.9982	0.997977	0.997757	0.996923	0.992345	0.974106	0.860448	0.023334	0.00083	0.000125	0	0	0	1.016685	3.401622	0.123602	1			

## HISTOGRAM	java.lang.Integer
coverage_or_base_quality	high_quality_coverage_count	unfiltered_baseq_count
0	666	0
1	470	0
2	340	0
3	383	0
4	145	0
5	126	0
6	92	0
7	137	0
8	162	0
9	111	0
10	77	0
11	70	0
12	73	0
13	80	0
14	71	77653756
15	82	0
16	79	0
17	67	0
18	53	0
19	44	0
20	41	0
21	68	15616163
22	56	0
23	74	0
24	69	0
25	59	0
26	76	0
27	88	79572807
28	69	0
29	63	0
30	64	0
31	41	0
32	48	314129691
33	51	0
34	55	0
35	36	0
36	66	2797324977
37	39	0
38	51	0
39	44	0
40	55	0
41	59	0
42	44	0
43	49	0
44	43	0
45	62	0
46	45	0
47	37	0
48	40	0
49	53	0
50	46	0
51	45	0
52	43	0
53	53	0
54	32	0
55	49	0
56	52	0
57	42	0
58	46	0
59	39	0
60	37	0
61	35	0
62	47	0
63	48	0
64	29	0
65	26	0
66	21	0
67	26	0
68	46	0
69	34	0
70	38	0
71	30	0
72	31	0
73	30	0
74	42	0
75	26	0
76	36	0
77	35	0
78	26	0
79	31	0
80	36	0
81	41	0
82	47	0
83	33	0
84	28	0
85	29	0
86	37	0
87	29	0
88	43	0
89	41	0
90	32	0
91	32	0
92	45	0
93	37	0
94	40	0
95	40	0
96	25	0
97	42	0
98	34	0
99	39	0
100	29	0
101	38	0
102	37	0
103	48	0
104	52	0
105	63	0
106	76	0
107	61	0
108	61	0
109	50	0
110	56	0
111	55	0
112	48	0
113	59	0
114	50	0
115	44	0
116	50	0
117	52	0
118	38	0
119	34	0
120	55	0
121	45	0
122	58	0
123	64	0
124	65	0
125	55	0
126	60	0
127	67	0
128	66	0
129	62	0
130	58	0
131	54	0
132	55	0
133	54	0
134	49	0
135	60	0
136	63	0
137	59	0
138	59	0
139	71	0
140	69	0
141	60	0
142	63	0
143	55	0
144	51	0
145	61	0
146	68	0
147	53	0
148	73	0
149	54	0
150	55	0
151	51	0
152	55	0
153	53	0
154	56	0
155	46	0
156	49	0
157	55	0
158	66	0
159	61	0
160	68	0
161	47	0
162	60	0
163	91	0
164	67	0
165	64	0
166	69	0
167	70	0
168	63	0
169	64	0
170	67	0
171	67	0
172	69	0
173	66	0
174	64	0
175	66	0
176	57	0
177	56	0
178	68	0
179	51	0
180	51	0
181	68	0
182	51	0
183	59	0
184	73	0
185	75	0
186	63	0
187	66	0
188	64	0
189	68	0
190	54	0
191	73	0
192	62	0
193	72	0
194	76	0
195	74	0
196	60	0
197	76	0
198	77	0
199	73	0
200	79	0
201	80	0
202	80	0
203	76	0
204	84	0
205	65	0
206	84	0
207	66	0
208	69	0
209	63	0
210	68	0
211	76	0
212	72	0
213	78	0
214	82	0
215	73	0
216	82	0
217	79	0
218	85	0
219	88	0
220	70	0
221	64	0
222	82	0
223	71	0
224	71	0
225	80	0
226	99	0
227	79	0
228	91	0
229	103	0
230	66	0
231	97	0
232	94	0
233	100	0
234	93	0
235	95	0
236	97	0
237	97	0
238	80	0
239	87	0
240	113	0
241	90	0
242	86	0
243	83	0
244	95	0
245	102	0
246	89	0
247	104	0
248	96	0
249	85	0
250	85	0
251	98	0
252	101	0
253	98	0
254	123	0
255	83	0
256	110	0
257	84	0
258	94	0
259	107	0
260	89	0
261	88	0
262	99	0
263	87	0
264	95	0
265	104	0
266	110	0
267	98	0
268	83	0
269	90	0
270	94	0
271	95	0
272	110	0
273	78	0
274	81	0
275	91	0
276	92	0
277	95	0
278	114	0
279	111	0
280	103	0
281	109	0
282	103	0
283	101	0
284	97	0
285	100	0
286	111	0
287	95	0
288	116	0
289	106	0
290	104	0
291	109	0
292	84	0
293	112	0
294	87	0
295	110	0
296	123	0
297	97	0
298	127	0
299	111	0
300	110	0
301	112	0
302	111	0
303	122	0
304	111	0
305	114	0
306	125	0
307	162	0
308	123	0
309	152	0
310	127	0
311	121	0
312	140	0
313	153	0
314	137	0
315	128	0
316	162	0
317	146	0
318	130	0
319	124	0
320	133	0
321	124	0
322	138	0
323	171	0
324	135	0
325	146	0
326	141	0
327	140	0
328	156	0
329	158	0
330	137	0
331	129	0
332	165	0
333	158	0
334	145	0
335	149	0
336	162	0
337	151	0
338	167	0
339	158	0
340	176	0
341	157	0
342	162	0
343	156	0
344	167	0
345	175	0
346	179	0
347	170	0
348	176	0
349	173	0
350	183	0
351	167	0
352	179	0
353	164	0
354	192	0
355	169	0
356	162	0
357	179	0
358	182	0
359	190	0
360	168	0
361	166	0
362	160	0
363	150	0
364	215	0
365	161	0
366	197	0
367	170	0
368	162	0
369	186	0
370	170	0
371	181	0
372	190	0
373	152	0
374	178	0
375	186	0
376	204	0
377	182	0
378	184	0
379	199	0
380	188	0
381	144	0
382	187	0
383	198	0
384	169	0
385	195	0
386	189	0
387	179	0
388	167	0
389	179	0
390	190	0
391	156	0
392	178	0
393	208	0
394	174	0
395	201	0
396	200	0
397	181	0
398	203	0
399	189	0
400	220	0
401	189	0
402	197	0
403	192	0
404	219	0
405	176	0
406	175	0
407	179	0
408	202	0
409	166	0
410	197	0
411	180	0
412	220	0
413	194	0
414	214	0
415	181	0
416	188	0
417	224	0
418	203	0
419	206	0
420	192	0
421	199	0
422	179	0
423	187	0
424	203	0
425	233	0
426	180	0
427	197	0
428	211	0
429	196	0
430	174	0
431	191	0
432	192	0
433	200	0
434	210	0
435	199	0
436	188	0
437	209	0
438	196	0
439	173	0
440	198	0
441	208	0
442	172	0
443	183	0
444	187	0
445	195	0
446	181	0
447	189	0
448	184	0
449	173	0
450	193	0
451	201	0
452	191	0
453	177	0
454	200	0
455	181	0
456	189	0
457	210	0
458	175	0
459	197	0
460	183	0
461	165	0
462	182	0
463	183	0
464	194	0
465	155	0
466	198	0
467	235	0
468	198	0
469	201	0
470	176	0
471	187	0
472	183	0
473	190	0
474	179	0
475	202	0
476	191	0
477	181	0
478	188	0
479	185	0
480	171	0
481	206	0
482	210	0
483	189	0
484	197	0
485	195	0
486	201	0
487	208	0
488	189	0
489	175	0
490	206	0
491	201	0
492	188	0
493	187	0
494	181	0
495	176	0
496	197	0
497	191	0
498	169	0
499	177	0
500	162	0
501	175	0
502	180	0
503	187	0
504	165	0
505	190	0
506	194	0
507	182	0
508	172	0
509	169	0
510	176	0
511	184	0
512	193	0
513	193	0
514	162	0
515	178	0
516	206	0
517	201	0
518	170	0
519	197	0
520	175	0
521	175	0
522	194	0
523	194	0
524	189	0
525	171	0
526	186	0
527	190	0
528	182	0
529	185	0
530	180	0
531	210	0
532	192	0
533	189	0
534	191	0
535	211	0
536	189	0
537	166	0
538	192	0
539	195	0
540	205	0
541	202	0
542	170	0
543	227	0
544	178	0
545	202	0
546	210	0
547	194	0
548	205	0
549	217	0
550	210	0
551	212	0
552	189	0
553	230	0
554	201	0
555	227	0
556	177	0
557	207	0
558	224	0
559	224	0
560	215	0
561	219	0
562	198	0
563	208	0
564	217	0
565	260	0
566	239	0
567	232	0
568	228	0
569	230	0
570	232	0
571	237	0
572	236	0
573	232	0
574	239	0
575	213	0
576	210	0
577	229	0
578	207	0
579	248	0
580	227	0
581	188	0
582	247	0
583	215	0
584	217	0
585	217	0
586	215	0
587	243	0
588	208	0
589	238	0
590	232	0
591	230	0
592	230	0
593	214	0
594	280	0
595	268	0
596	230	0
597	261	0
598	260	0
599	236	0
600	239	0
601	274	0
602	247	0
603	253	0
604	249	0
605	239	0
606	259	0
607	231	0
608	240	0
609	253	0
610	248	0
611	257	0
612	243	0
613	252	0
614	231	0
615	216	0
616	227	0
617	246	0
618	226	0
619	231	0
620	237	0
621	241	0
622	254	0
623	267	0
624	244	0
625	244	0
626	248	0
627	247	0
628	255	0
629	252	0
630	261	0
631	263	0
632	245	0
633	287	0
634	283	0
635	230	0
636	249	0
637	246	0
638	246	0
639	250	0
640	265	0
641	270	0
642	282	0
643	282	0
644	257	0
645	229	0
646	279	0
647	269	0
648	245	0
649	291	0
650	265	0
651	269	0
652	272	0
653	277	0
654	266	0
655	285	0
656	301	0
657	271	0
658	278	0
659	298	0
660	264	0
661	318	0
662	311	0
663	281	0
664	298	0
665	290	0
666	295	0
667	314	0
668	329	0
669	271	0
670	279	0
671	315	0
672	306	0
673	301	0
674	285	0
675	303	0
676	305	0
677	296	0
678	275	0
679	323	0
680	304	0
681	315	0
682	282	0
683	294	0
684	299	0
685	300	0
686	319	0
687	309	0
688	335	0
689	310	0
690	268	0
691	331	0
692	299	0
693	341	0
694	310	0
695	299	0
696	343	0
697	325	0
698	345	0
699	377	0
700	335	0
701	320	0
702	324	0
703	347	0
704	313	0
705	307	0
706	356	0
707	305	0
708	345	0
709	341	0
710	312	0
711	373	0
712	332	0
713	336	0
714	368	0
715	318	0
716	366	0
717	348	0
718	352	0
719	371	0
720	342	0
721	328	0
722	367	0
723	388	0
724	347	0
725	364	0
726	337	0
727	365	0
728	393	0
729	362	0
730	407	0
731	386	0
732	381	0
733	333	0
734	400	0
735	399	0
736	397	0
737	383	0
738	407	0
739	422	0
740	414	0
741	400	0
742	381	0
743	382	0
744	394	0
745	373	0
746	380	0
747	435	0
748	437	0
749	405	0
750	389	0
751	441	0
752	408	0
753	418	0
754	441	0
755	486	0
756	464	0
757	422	0
758	425	0
759	420	0
760	426	0
761	444	0
762	455	0
763	509	0
764	473	0
765	459	0
766	430	0
767	469	0
768	504	0
769	498	0
770	463	0
771	449	0
772	448	0
773	458	0
774	481	0
775	465	0
776	490	0
777	460	0
778	517	0
779	454	0
780	485	0
781	451	0
782	471	0
783	444	0
784	500	0
785	471	0
786	494	0
787	506	0
788	474	0
789	490	0
790	501	0
791	485	0
792	505	0
793	556	0
794	520	0
795	494	0
796	495	0
797	514	0
798	485	0
799	508	0
800	536	0
801	509	0
802	502	0
803	548	0
804	505	0
805	554	0
806	511	0
807	542	0
808	538	0
809	553	0
810	518	0
811	543	0
812	545	0
813	561	0
814	525	0
815	571	0
816	555	0
817	613	0
818	574	0
819	544	0
820	578	0
821	583	0
822	568	0
823	558	0
824	623	0
825	607	0
826	614	0
827	575	0
828	589	0
829	646	0
830	601	0
831	565	0
832	615	0
833	631	0
834	619	0
835	606	0
836	592	0
837	586	0
838	627	0
839	608	0
840	620	0
841	628	0
842	578	0
843	634	0
844	600	0
845	604	0
846	631	0
847	647	0
848	637	0
849	637	0
850	665	0
851	612	0
852	649	0
853	654	0
854	698	0
855	632	0
856	649	0
857	704	0
858	647	0
859	630	0
860	710	0
861	661	0
862	649	0
863	679	0
864	684	0
865	679	0
866	700	0
867	730	0
868	687	0
869	684	0
870	706	0
871	751	0
872	661	0
873	730	0
874	692	0
875	694	0
876	712	0
877	692	0
878	734	0
879	689	0
880	696	0
881	713	0
882	689	0
883	784	0
884	740	0
885	743	0
886	780	0
887	779	0
888	776	0
889	774	0
890	805	0
891	788	0
892	787	0
893	733	0
894	773	0
895	780	0
896	778	0
897	846	0
898	790	0
899	803	0
900	818	0
901	830	0
902	754	0
903	858	0
904	821	0
905	876	0
906	784	0
907	801	0
908	866	0
909	854	0
910	790	0
911	848	0
912	836	0
913	843	0
914	863	0
915	845	0
916	827	0
917	835	0
918	880	0
919	903	0
920	785	0
921	921	0
922	841	0
923	873	0
924	916	0
925	866	0
926	912	0
927	887	0
928	834	0
929	868	0
930	926	0
931	870	0
932	924	0
933	917	0
934	927	0
935	897	0
936	898	0
937	922	0
938	882	0
939	989	0
940	940	0
941	924	0
942	981	0
943	897	0
944	956	0
945	914	0
946	938	0
947	965	0
948	985	0
949	1014	0
950	990	0
951	1005	0
952	900	0
953	956	0
954	979	0
955	974	0
956	993	0
957	939	0
958	1040	0
959	1105	0
960	1018	0
961	1023	0
962	1028	0
963	946	0
964	969	0
965	1002	0
966	998	0
967	1019	0
968	1092	0
969	1050	0
970	999	0
971	1146	0
972	1042	0
973	1069	0
974	1032	0
975	1100	0
976	1044	0
977	1046	0
978	1033	0
979	1086	0
980	1052	0
981	1118	0
982	1077	0
983	1104	0
984	1100	0
985	1093	0
986	1117	0
987	1118	0
988	1075	0
989	1118	0
990	1182	0
991	1098	0
992	1101	0
993	1137	0
994	1125	0
995	1152	0
996	1133	0
997	1112	0
998	1174	0
999	1137	0
1000	1136	0
1001	1155	0
1002	1198	0
1003	1115	0
1004	1118	0
1005	1133	0
1006	1169	0
1007	1186	0
1008	1143	0
1009	1123	0
1010	1157	0
1011	1114	0
1012	1103	0
1013	1212	0
1014	1213	0
1015	1135	0
1016	1187	0
1017	1235	0
1018	1191	0
1019	1217	0
1020	1176	0
1021	1216	0
1022	1260	0
1023	1192	0
1024	1223	0
1025	1249	0
1026	1247	0
1027	1171	0
1028	1171	0
1029	1235	0
1030	1307	0
1031	1234	0
1032	1240	0
1033	1235	0
1034	1233	0
1035	1233	0
1036	1232	0
1037	1251	0
1038	1296	0
1039	1296	0
1040	1337	0
1041	1296	0
1042	1346	0
1043	1285	0
1044	1319	0
1045	1279	0
1046	1258	0
1047	1247	0
1048	1350	0
1049	1368	0
1050	1283	0
1051	1365	0
1052	1333	0
1053	1240	0
1054	1307	0
1055	1363	0
1056	1331	0
1057	1369	0
1058	1334	0
1059	1386	0
1060	1402	0
1061	1317	0
1062	1345	0
1063	1384	0
1064	1331	0
1065	1282	0
1066	1413	0
1067	1321	0
1068	1279	0
1069	1373	0
1070	1373	0
1071	1407	0
1072	1310	0
1073	1377	0
1074	1406	0
1075	1366	0
1076	1358	0
1077	1412	0
1078	1364	0
1079	1442	0
1080	1409	0
1081	1372	0
1082	1338	0
1083	1437	0
1084	1519	0
1085	1396	0
1086	1428	0
1087	1410	0
1088	1421	0
1089	1391	0
1090	1479	0
1091	1454	0
1092	1459	0
1093	1422	0
1094	1372	0
1095	1405	0
1096	1450	0
1097	1418	0
1098	1437	0
1099	1492	0
1100	1454	0
1101	1434	0
1102	1427	0
1103	1490	0
1104	1435	0
1105	1414	0
1106	1430	0
1107	1473	0
1108	1441	0
1109	1492	0
1110	1401	0
1111	1489	0
1112	1416	0
1113	1505	0
1114	1533	0
1115	1486	0
1116	1533	0
1117	1509	0
1118	1555	0
1119	1538	0
1120	1506	0
1121	1482	0
1122	1580	0
1123	1502	0
1124	1504	0
1125	1612	0
1126	1580	0
1127	1558	0
1128	1514	0
1129	1494	0
1130	1579	0
1131	1571	0
1132	1582	0
1133	1515	0
1134	1590	0
1135	1553	0
1136	1551	0
1137	1579	0
1138	1549	0
1139	1566	0
1140	1582	0
1141	1592	0
1142	1533	0
1143	1536	0
1144	1594	0
1145	1598	0
1146	1619	0
1147	1609	0
1148	1539	0
1149	1619	0
1150	1563	0
1151	1532	0
1152	1597	0
1153	1580	0
1154	1562	0
1155	1602	0
1156	1583	0
1157	1586	0
1158	1612	0
1159	1620	0
1160	1632	0
1161	1613	0
1162	1630	0
1163	1678	0
1164	1580	0
1165	1652	0
1166	1599	0
1167	1602	0
1168	1689	0
1169	1608	0
1170	1599	0
1171	1704	0
1172	1676	0
1173	1628	0
1174	1589	0
1175	1640	0
1176	1793	0
1177	1721	0
1178	1618	0
1179	1629	0
1180	1638	0
1181	1741	0
1182	1626	0
1183	1729	0
1184	1708	0
1185	1623	0
1186	1639	0
1187	1739	0
1188	1598	0
1189	1670	0
1190	1720	0
1191	1725	0
1192	1771	0
1193	1660	0
1194	1683	0
1195	1700	0
1196	1718	0
1197	1660	0
1198	1809	0
1199	1717	0
1200	1753	0
1201	1765	0
1202	1801	0
1203	1745	0
1204	1748	0
1205	1857	0
1206	1807	0
1207	1754	0
1208	1741	0
1209	1786	0
1210	1823	0
1211	1804	0
1212	1680	0
1213	1769	0
1214	1749	0
1215	1813	0
1216	1841	0
1217	1760	0
1218	1776	0
1219	1825	0
1220	1885	0
1221	1780	0
1222	1761	0
1223	1901	0
1224	1801	0
1225	1851	0
1226	1825	0
1227	1776	0
1228	1862	0
1229	1781	0
1230	1837	0
1231	1844	0
1232	1836	0
1233	1939	0
1234	1791	0
1235	1810	0
1236	1803	0
1237	1873	0
1238	1790	0
1239	1898	0
1240	1919	0
1241	1887	0
1242	1826	0
1243	1863	0
1244	1811	0
1245	1890	0
1246	1953	0
1247	1789	0
1248	1881	0
1249	1861	0
1250	1961	0
1251	1862	0
1252	1902	0
1253	1952	0
1254	1830	0
1255	1889	0
1256	1988	0
1257	1949	0
1258	1997	0
1259	1956	0
1260	1905	0
1261	1921	0
1262	1887	0
1263	1980	0
1264	1981	0
1265	1966	0
1266	1952	0
1267	1935	0
1268	1878	0
1269	1958	0
1270	1916	0
1271	1936	0
1272	2004	0
1273	1964	0
1274	1906	0
1275	1980	0
1276	1923	0
1277	1958	0
1278	1991	0
1279	1904	0
1280	2033	0
1281	2019	0
1282	1964	0
1283	2044	0
1284	2000	0
1285	1927	0
1286	2003	0
1287	1967	0
1288	2046	0
1289	2050	0
1290	1933	0
1291	2014	0
1292	2003	0
1293	2009	0
1294	1957	0
1295	2085	0
1296	2020	0
1297	1963	0
1298	1993	0
1299	1977	0
1300	2037	0
1301	2005	0
1302	2000	0
1303	2008	0
1304	2057	0
1305	2013	0
1306	2007	0
1307	2001	0
1308	2005	0
1309	2079	0
1310	2072	0
1311	1990	0
1312	2126	0
1313	2021	0
1314	2077	0
1315	2054	0
1316	2060	0
1317	1970	0
1318	2049	0
1319	2060	0
1320	2045	0
1321	2065	0
1322	2016	0
1323	1982	0
1324	2088	0
1325	2102	0
1326	2088	0
1327	2155	0
1328	2107	0
1329	2042	0
1330	2060	0
1331	2186	0
1332	2126	0
1333	2027	0
1334	2090	0
1335	2089	0
1336	2069	0
1337	2071	0
1338	2142	0
1339	2100	0
1340	2038	0
1341	2144	0
1342	2153	0
1343	2103	0
1344	2165	0
1345	2206	0
1346	2139	0
1347	2143	0
1348	2121	0
1349	2111	0
1350	2195	0
1351	2187	0
1352	2117	0
1353	2148	0
1354	2151	0
1355	2143	0
1356	2136	0
1357	2230	0
1358	2245	0
1359	2126	0
1360	2093	0
1361	2128	0
1362	2154	0
1363	2190	0
1364	2167	0
1365	2157	0
1366	2072	0
1367	2260	0
1368	2200	0
1369	2161	0
1370	2137	0
1371	2157	0
1372	2106	0
1373	2182	0
1374	2146	0
1375	2155	0
1376	2115	0
1377	2106	0
1378	2178	0
1379	2194	0
1380	2151	0
1381	2210	0
1382	2222	0
1383	2250	0
1384	2132	0
1385	2199	0
1386	2223	0
1387	2174	0
1388	2165	0
1389	2138	0
1390	2172	0
1391	2135	0
1392	2169	0
1393	2177	0
1394	2106	0
1395	2276	0
1396	2218	0
1397	2224	0
1398	2177	0
1399	2218	0
1400	2204	0
1401	2206	0
1402	2209	0
1403	2295	0
1404	2184	0
1405	2149	0
1406	2153	0
1407	2151	0
1408	2187	0
1409	2097	0
1410	2243	0
1411	2187	0
1412	2204	0
1413	2181	0
1414	2208	0
1415	2234	0
1416	2211	0
1417	2151	0
1418	2165	0
1419	2195	0
1420	2285	0
1421	2270	0
1422	2272	0
1423	2239	0
1424	2251	0
1425	2261	0
1426	2202	0
1427	2263	0
1428	2257	0
1429	2325	0
1430	2287	0
1431	2275	0
1432	2240	0
1433	2329	0
1434	2303	0
1435	2313	0
1436	2218	0
1437	2296	0
1438	2177	0
1439	2170	0
1440	2294	0
1441	2263	0
1442	2285	0
1443	2207	0
1444	2206	0
1445	2260	0
1446	2272	0
1447	2333	0
1448	2255	0
1449	2224	0
1450	2302	0
1451	2223	0
1452	2275	0
1453	2211	0
1454	2185	0
1455	2168	0
1456	2256	0
1457	2205	0
1458	2217	0
1459	2251	0
1460	2229	0
1461	2179	0
1462	2302	0
1463	2224	0
1464	2313	0
1465	2289	0
1466	2305	0
1467	2211	0
1468	2213	0
1469	2288	0
1470	2262	0
1471	2175	0
1472	2251	0
1473	2235	0
1474	2330	0
1475	2233	0
1476	2214	0
1477	2245	0
1478	2232	0
1479	2182	0
1480	2226	0
1481	2239	0
1482	2290	0
1483	2270	0
1484	2328	0
1485	2269	0
1486	2236	0
1487	2251	0
1488	2207	0
1489	2259	0
1490	2248	0
1491	2232	0
1492	2266	0
1493	2187	0
1494	2293	0
1495	2226	0
1496	2207	0
1497	2258	0
1498	2245	0
1499	2212	0
1500	2212	0
1501	2287	0
1502	2172	0
1503	2289	0
1504	2276	0
1505	2226	0
1506	2190	0
1507	2243	0
1508	2257	0
1509	2274	0
1510	2258	0
1511	2267	0
1512	2244	0
1513	2233	0
1514	2324	0
1515	2202	0
1516	2300	0
1517	2177	0
1518	2290	0
1519	2219	0
1520	2300	0
1521	2332	0
1522	2222	0
1523	2309	0
1524	2249	0
1525	2297	0
1526	2298	0
1527	2336	0
1528	2232	0
1529	2279	0
1530	2229	0
1531	2269	0
1532	2230	0
1533	2272	0
1534	2332	0
1535	2216	0
1536	2322	0
1537	2284	0
1538	2320	0
1539	2254	0
1540	2334	0
1541	2221	0
1542	2352	0
1543	2297	0
1544	2343	0
1545	2289	0
1546	2284	0
1547	2272	0
1548	2295	0
1549	2305	0
1550	2265	0
1551	2296	0
1552	2222	0
1553	2223	0
1554	2278	0
1555	2309	0
1556	2354	0
1557	2364	0
1558	2313	0
1559	2357	0
1560	2380	0
1561	2242	0
1562	2360	0
1563	2234	0
1564	2203	0
1565	2359	0
1566	2295	0
1567	2313	0
1568	2298	0
1569	2331	0
1570	2355	0
1571	2287	0
1572	2380	0
1573	2302	0
1574	2354	0
1575	2334	0
1576	2329	0
1577	2361	0
1578	2273	0
1579	2356	0
1580	2331	0
1581	2331	0
1582	2367	0
1583	2370	0
1584	2379	0
1585	2378	0
1586	2317	0
1587	2253	0
1588	2332	0
1589	2342	0
1590	2400	0
1591	2383	0
1592	2335	0
1593	2322	0
1594	2343	0
1595	2330	0
1596	2366	0
1597	2263	0
1598	2357	0
1599	2397	0
1600	2349	0
1601	2352	0
1602	2363	0
1603	2396	0
1604	2272	0
1605	2356	0
1606	2283	0
1607	2296	0
1608	2318	0
1609	2280	0
1610	2333	0
1611	2291	0
1612	2409	0
1613	2332	0
1614	2226	0
1615	2315	0
1616	2277	0
1617	2272	0
1618	2275	0
1619	2371	0
1620	2327	0
1621	2286	0
1622	2329	0
1623	2272	0
1624	2325	0
1625	2367	0
1626	2231	0
1627	2216	0
1628	2278	0
1629	2311	0
1630	2292	0
1631	2240	0
1632	2225	0
1633	2216	0
1634	2235	0
1635	2239	0
1636	2171	0
1637	2214	0
1638	2250	0
1639	2264	0
1640	2273	0
1641	2172	0
1642	2228	0
1643	2140	0
1644	2162	0
1645	2144	0
1646	2238	0
1647	2225	0
1648	2238	0
1649	2165	0
1650	2175	0
1651	2149	0
1652	2187	0
1653	2156	0
1654	2145	0
1655	2160	0
1656	2204	0
1657	2222	0
1658	2123	0
1659	2080	0
1660	2249	0
1661	2063	0
1662	2137	0
1663	2187	0
1664	2064	0
1665	2068	0
1666	2059	0
1667	2099	0
1668	2122	0
1669	2059	0
1670	2103	0
1671	2029	0
1672	2021	0
1673	1931	0
1674	2021	0
1675	2055	0
1676	1974	0
1677	1990	0
1678	1989	0
1679	2133	0
1680	1994	0
1681	2000	0
1682	2051	0
1683	2036	0
1684	1951	0
1685	1904	0
1686	1916	0
1687	1941	0
1688	1889	0
1689	1851	0
1690	1950	0
1691	1905	0
1692	1944	0
1693	1856	0
1694	1917	0
1695	1922	0
1696	1861	0
1697	1899	0
1698	1876	0
1699	1934	0
1700	1909	0
1701	1854	0
1702	1812	0
1703	1821	0
1704	1906	0
1705	1781	0
1706	1852	0
1707	1794	0
1708	1855	0
1709	1797	0
1710	1782	0
1711	1822	0
1712	1800	0
1713	1796	0
1714	1791	0
1715	1732	0
1716	1783	0
1717	1846	0
1718	1739	0
1719	1790	0
1720	1815	0
1721	1828	0
1722	1770	0
1723	1783	0
1724	1771	0
1725	1772	0
1726	1761	0
1727	1769	0
1728	1732	0
1729	1750	0
1730	1793	0
1731	1704	0
1732	1711	0
1733	1721	0
1734	1707	0
1735	1731	0
1736	1675	0
1737	1713	0
1738	1758	0
1739	1696	0
1740	1686	0
1741	1706	0
1742	1693	0
1743	1724	0
1744	1627	0
1745	1718	0
1746	1673	0
1747	1659	0
1748	1621	0
1749	1694	0
1750	1701	0
1751	1646	0
1752	1669	0
1753	1619	0
1754	1594	0
1755	1592	0
1756	1642	0
1757	1582	0
1758	1618	0
1759	1671	0
1760	1604	0
1761	1678	0
1762	1674	0
1763	1575	0
1764	1641	0
1765	1595	0
1766	1601	0
1767	1664	0
1768	1604	0
1769	1538	0
1770	1637	0
1771	1606	0
1772	1574	0
1773	1641	0
1774	1535	0
1775	1596	0
1776	1591	0
1777	1529	0
1778	1576	0
1779	1595	0
1780	1571	0
1781	1533	0
1782	1566	0
1783	1524	0
1784	1512	0
1785	1529	0
1786	1430	0
1787	1519	0
1788	1560	0
1789	1457	0
1790	1592	0
1791	1628	0
1792	1485	0
1793	1490	0
1794	1539	0
1795	1486	0
1796	1457	0
1797	1484	0
1798	1504	0
1799	1428	0
1800	1495	0
1801	1442	0
1802	1521	0
1803	1433	0
1804	1462	0
1805	1468	0
1806	1486	0
1807	1399	0
1808	1340	0
1809	1461	0
1810	1444	0
1811	1376	0
1812	1433	0
1813	1438	0
1814	1425	0
1815	1458	0
1816	1380	0
1817	1396	0
1818	1342	0
1819	1370	0
1820	1378	0
1821	1355	0
1822	1335	0
1823	1369	0
1824	1338	0
1825	1275	0
1826	1305	0
1827	1396	0
1828	1326	0
1829	1272	0
1830	1375	0
1831	1381	0
1832	1280	0
1833	1286	0
1834	1321	0
1835	1194	0
1836	1270	0
1837	1257	0
1838	1258	0
1839	1203	0
1840	1309	0
1841	1215	0
1842	1319	0
1843	1242	0
1844	1232	0
1845	1265	0
1846	1202	0
1847	1281	0
1848	1230	0
1849	1185	0
1850	1198	0
1851	1215	0
1852	1278	0
1853	1209	0
1854	1177	0
1855	1201	0
1856	1193	0
1857	1221	0
1858	1239	0
1859	1199	0
1860	1176	0
1861	1237	0
1862	1130	0
1863	1138	0
1864	1172	0
1865	1181	0
1866	1132	0
1867	1181	0
1868	1193	0
1869	1230	0
1870	1148	0
1871	1109	0
1872	1111	0
1873	1158	0
1874	1116	0
1875	1151	0
1876	1182	0
1877	1081	0
1878	1149	0
1879	1078	0
1880	1102	0
1881	1139	0
1882	1100	0
1883	1117	0
1884	1062	0
1885	1094	0
1886	1092	0
1887	1067	0
1888	1064	0
1889	1031	0
1890	1024	0
1891	1062	0
1892	1036	0
1893	1055	0
1894	1033	0
1895	1018	0
1896	1009	0
1897	1040	0
1898	999	0
1899	1056	0
1900	1015	0
1901	952	0
1902	955	0
1903	1010	0
1904	964	0
1905	961	0
1906	961	0
1907	981	0
1908	943	0
1909	932	0
1910	940	0
1911	855	0
1912	995	0
1913	964	0
1914	918	0
1915	964	0
1916	922	0
1917	935	0
1918	942	0
1919	955	0
1920	887	0
1921	969	0
1922	876	0
1923	886	0
1924	874	0
1925	885	0
1926	863	0
1927	877	0
1928	860	0
1929	921	0
1930	827	0
1931	855	0
1932	910	0
1933	875	0
1934	910	0
1935	904	0
1936	845	0
1937	908	0
1938	816	0
1939	849	0
1940	865	0
1941	865	0
1942	895	0
1943	843	0
1944	857	0
1945	841	0
1946	872	0
1947	860	0
1948	802	0
1949	886	0
1950	869	0
1951	807	0
1952	826	0
1953	777	0
1954	769	0
1955	811	0
1956	764	0
1957	745	0
1958	797	0
1959	779	0
1960	779	0
1961	788	0
1962	751	0
1963	766	0
1964	773	0
1965	765	0
1966	790	0
1967	757	0
1968	702	0
1969	750	0
1970	807	0
1971	679	0
1972	688	0
1973	722	0
1974	726	0
1975	720	0
1976	717	0
1977	689	0
1978	671	0
1979	740	0
1980	703	0
1981	696	0
1982	677	0
1983	680	0
1984	653	0
1985	697	0
1986	731	0
1987	685	0
1988	622	0
1989	697	0
1990	648	0
1991	701	0
1992	662	0
1993	680	0
1994	704	0
1995	679	0
1996	668	0
1997	689	0
1998	689	0
1999	678	0
2000	676	0
2001	649	0
2002	607	0
2003	618	0
2004	635	0
2005	597	0
2006	645	0
2007	616	0
2008	583	0
2009	614	0
2010	609	0
2011	584	0
2012	578	0
2013	640	0
2014	604	0
2015	590	0
2016	591	0
2017	580	0
2018	599	0
2019	597	0
2020	578	0
2021	567	0
2022	591	0
2023	563	0
2024	572	0
2025	617	0
2026	527	0
2027	546	0
2028	556	0
2029	519	0
2030	577	0
2031	567	0
2032	570	0
2033	558	0
2034	516	0
2035	520	0
2036	541	0
2037	511	0
2038	533	0
2039	524	0
2040	513	0
2041	486	0
2042	506	0
2043	543	0
2044	536	0
2045	541	0
2046	467	0
2047	469	0
2048	465	0
2049	454	0
2050	491	0
2051	487	0
2052	468	0
2053	518	0
2054	485	0
2055	450	0
2056	419	0
2057	489	0
2058	418	0
2059	455	0
2060	463	0
2061	472	0
2062	464	0
2063	437	0
2064	439	0
2065	482	0
2066	424	0
2067	471	0
2068	480	0
2069	465	0
2070	411	0
2071	446	0
2072	399	0
2073	404	0
2074	435	0
2075	433	0
2076	393	0
2077	451	0
2078	414	0
2079	347	0
2080	385	0
2081	371	0
2082	419	0
2083	359	0
2084	414	0
2085	404	0
2086	386	0
2087	363	0
2088	363	0
2089	375	0
2090	396	0
2091	382	0
2092	352	0
2093	355	0
2094	361	0
2095	363	0
2096	347	0
2097	345	0
2098	333	0
2099	306	0
2100	360	0
2101	336	0
2102	351	0
2103	352	0
2104	393	0
2105	346	0
2106	357	0
2107	341	0
2108	376	0
2109	311	0
2110	341	0
2111	359	0
2112	351	0
2113	297	0
2114	366	0
2115	320	0
2116	346	0
2117	318	0
2118	326	0
2119	316	0
2120	344	0
2121	317	0
2122	285	0
2123	361	0
2124	339	0
2125	336	0
2126	323	0
2127	289	0
2128	304	0
2129	312	0
2130	297	0
2131	291	0
2132	316	0
2133	307	0
2134	290	0
2135	285	0
2136	286	0
2137	314	0
2138	303	0
2139	266	0
2140	318	0
2141	318	0
2142	309	0
2143	304	0
2144	306	0
2145	269	0
2146	284	0
2147	284	0
2148	270	0
2149	294	0
2150	271	0
2151	267	0
2152	284	0
2153	274	0
2154	262	0
2155	281	0
2156	290	0
2157	284	0
2158	270	0
2159	277	0
2160	289	0
2161	283	0
2162	268	0
2163	264	0
2164	269	0
2165	260	0
2166	235	0
2167	276	0
2168	267	0
2169	298	0
2170	268	0
2171	277	0
2172	241	0
2173	271	0
2174	263	0
2175	228	0
2176	274	0
2177	265	0
2178	240	0
2179	280	0
2180	261	0
2181	251	0
2182	290	0
2183	248	0
2184	279	0
2185	257	0
2186	256	0
2187	232	0
2188	249	0
2189	248	0
2190	244	0
2191	255	0
2192	226	0
2193	263	0
2194	270	0
2195	227	0
2196	233	0
2197	226	0
2198	242	0
2199	232	0
2200	247	0
2201	230	0
2202	246	0
2203	253	0
2204	210	0
2205	240	0
2206	244	0
2207	219	0
2208	263	0
2209	260	0
2210	239	0
2211	239	0
2212	247	0
2213	238	0
2214	250	0
2215	229	0
2216	244	0
2217	211	0
2218	210	0
2219	248	0
2220	225	0
2221	228	0
2222	235	0
2223	231	0
2224	233	0
2225	232	0
2226	256	0
2227	229	0
2228	206	0
2229	229	0
2230	214	0
2231	223	0
2232	224	0
2233	229	0
2234	189	0
2235	231	0
2236	208	0
2237	222	0
2238	198	0
2239	184	0
2240	215	0
2241	212	0
2242	195	0
2243	211	0
2244	214	0
2245	238	0
2246	232	0
2247	212	0
2248	175	0
2249	210	0
2250	167	0
2251	201	0
2252	210	0
2253	195	0
2254	205	0
2255	184	0
2256	190	0
2257	188	0
2258	195	0
2259	196	0
2260	191	0
2261	219	0
2262	185	0
2263	195	0
2264	183	0
2265	182	0
2266	189	0
2267	175	0
2268	180	0
2269	174	0
2270	161	0
2271	197	0
2272	226	0
2273	177	0
2274	158	0
2275	190	0
2276	189	0
2277	182	0
2278	157	0
2279	179	0
2280	149	0
2281	159	0
2282	186	0
2283	186	0
2284	187	0
2285	191	0
2286	179	0
2287	199	0
2288	170	0
2289	166	0
2290	177	0
2291	141	0
2292	186	0
2293	178	0
2294	161	0
2295	188	0
2296	176	0
2297	170	0
2298	170	0
2299	166	0
2300	177	0
2301	183	0
2302	192	0
2303	188	0
2304	174	0
2305	149	0
2306	172	0
2307	174	0
2308	176	0
2309	176	0
2310	208	0
2311	199	0
2312	169	0
2313	170	0
2314	151	0
2315	192	0
2316	181	0
2317	177	0
2318	194	0
2319	189	0
2320	165	0
2321	150	0
2322	134	0
2323	189	0
2324	193	0
2325	187	0
2326	186	0
2327	176	0
2328	165	0
2329	173	0
2330	151	0
2331	188	0
2332	158	0
2333	160	0
2334	171	0
2335	155	0
2336	177	0
2337	173	0
2338	166	0
2339	167	0
2340	191	0
2341	153	0
2342	143	0
2343	144	0
2344	158	0
2345	154	0
2346	160	0
2347	179	0
2348	161	0
2349	161	0
2350	140	0
2351	150	0
2352	161	0
2353	163	0
2354	161	0
2355	177	0
2356	157	0
2357	148	0
2358	143	0
2359	154	0
2360	124	0
2361	153	0
2362	129	0
2363	154	0
2364	131	0
2365	136	0
2366	133	0
2367	144	0
2368	146	0
2369	132	0
2370	145	0
2371	164	0
2372	112	0
2373	118	0
2374	156	0
2375	167	0
2376	131	0
2377	143	0
2378	119	0
2379	149	0
2380	129	0
2381	135	0
2382	123	0
2383	133	0
2384	148	0
2385	142	0
2386	136	0
2387	144	0
2388	105	0
2389	153	0
2390	127	0
2391	115	0
2392	148	0
2393	129	0
2394	135	0
2395	125	0
2396	148	0
2397	116	0
2398	132	0
2399	131	0
2400	121	0
2401	138	0
2402	130	0
2403	129	0
2404	129	0
2405	108	0
2406	115	0
2407	120	0
2408	140	0
2409	127	0
2410	136	0
2411	120	0
2412	127	0
2413	97	0
2414	118	0
2415	109	0
2416	143	0
2417	141	0
2418	131	0
2419	110	0
2420	132	0
2421	123	0
2422	128	0
2423	115	0
2424	122	0
2425	113	0
2426	121	0
2427	134	0
2428	131	0
2429	120	0
2430	122	0
2431	123	0
2432	117	0
2433	130	0
2434	118	0
2435	112	0
2436	129	0
2437	127	0
2438	145	0
2439	104	0
2440	121	0
2441	129	0
2442	117	0
2443	123	0
2444	134	0
2445	107	0
2446	113	0
2447	100	0
2448	104	0
2449	119	0
2450	100	0
2451	127	0
2452	103	0
2453	108	0
2454	113	0
2455	107	0
2456	127	0
2457	117	0
2458	108	0
2459	111	0
2460	100	0
2461	116	0
2462	120	0
2463	118	0
2464	110	0
2465	110	0
2466	122	0
2467	92	0
2468	102	0
2469	98	0
2470	111	0
2471	118	0
2472	119	0
2473	91	0
2474	87	0
2475	128	0
2476	108	0
2477	107	0
2478	105	0
2479	93	0
2480	90	0
2481	98	0
2482	100	0
2483	108	0
2484	112	0
2485	105	0
2486	97	0
2487	84	0
2488	100	0
2489	88	0
2490	94	0
2491	115	0
2492	107	0
2493	90	0
2494	86	0
2495	101	0
2496	116	0
2497	95	0
2498	89	0
2499	117	0
2500	92	0
2501	98	0
2502	81	0
2503	104	0
2504	94	0
2505	103	0
2506	109	0
2507	101	0
2508	116	0
2509	107	0
2510	105	0
2511	82	0
2512	107	0
2513	83	0
2514	99	0
2515	91	0
2516	123	0
2517	84	0
2518	98	0
2519	96	0
2520	101	0
2521	88	0
2522	89	0
2523	92	0
2524	100	0
2525	112	0
2526	116	0
2527	120	0
2528	102	0
2529	98	0
2530	131	0
2531	109	0
2532	92	0
2533	112	0
2534	103	0
2535	116	0
2536	105	0
2537	93	0
2538	100	0
2539	109	0
2540	106	0
2541	100	0
2542	91	0
2543	110	0
2544	101	0
2545	101	0
2546	83	0
2547	103	0
2548	68	0
2549	82	0
2550	86	0
2551	98	0
2552	101	0
2553	103	0
2554	89	0
2555	90	0
2556	86	0
2557	97	0
2558	83	0
2559	97	0
2560	87	0
2561	82	0
2562	73	0
2563	70	0
2564	76	0
2565	97	0
2566	73	0
2567	79	0
2568	78	0
2569	77	0
2570	82	0
2571	80	0
2572	80	0
2573	76	0
2574	82	0
2575	86	0
2576	95	0
2577	84	0
2578	67	0
2579	94	0
2580	82	0
2581	88	0
2582	78	0
2583	92	0
2584	82	0
2585	83	0
2586	64	0
2587	81	0
2588	84	0
2589	92	0
2590	82	0
2591	76	0
2592	75	0
2593	85	0
2594	96	0
2595	80	0
2596	76	0
2597	77	0
2598	85	0
2599	89	0
2600	94	0
2601	74	0
2602	88	0
2603	73	0
2604	70	0
2605	71	0
2606	82	0
2607	62	0
2608	84	0
2609	83	0
2610	75	0
2611	76	0
2612	76	0
2613	81	0
2614	75	0
2615	72	0
2616	79	0
2617	79	0
2618	69	0
2619	93	0
2620	92	0
2621	89	0
2622	81	0
2623	80	0
2624	78	0
2625	77	0
2626	81	0
2627	73	0
2628	97	0
2629	104	0
2630	82	0
2631	71	0
2632	74	0
2633	79	0
2634	74	0
2635	67	0
2636	73	0
2637	69	0
2638	85	0
2639	81	0
2640	67	0
2641	89	0
2642	78	0
2643	91	0
2644	85	0
2645	92	0
2646	75	0
2647	87	0
2648	79	0
2649	79	0
2650	82	0
2651	76	0
2652	90	0
2653	83	0
2654	85	0
2655	92	0
2656	83	0
2657	86	0
2658	82	0
2659	79	0
2660	85	0
2661	64	0
2662	83	0
2663	76	0
2664	72	0
2665	89	0
2666	107	0
2667	76	0
2668	69	0
2669	86	0
2670	72	0
2671	90	0
2672	85	0
2673	73	0
2674	80	0
2675	80	0
2676	91	0
2677	77	0
2678	83	0
2679	68	0
2680	76	0
2681	74	0
2682	75	0
2683	82	0
2684	87	0
2685	75	0
2686	81	0
2687	84	0
2688	91	0
2689	67	0
2690	76	0
2691	89	0
2692	96	0
2693	84	0
2694	83	0
2695	94	0
2696	76	0
2697	87	0
2698	75	0
2699	70	0
2700	93	0
2701	96	0
2702	85	0
2703	74	0
2704	96	0
2705	78	0
2706	85	0
2707	90	0
2708	85	0
2709	98	0
2710	98	0
2711	100	0
2712	98	0
2713	75	0
2714	76	0
2715	82	0
2716	65	0
2717	86	0
2718	94	0
2719	76	0
2720	82	0
2721	98	0
2722	95	0
2723	74	0
2724	81	0
2725	85	0
2726	79	0
2727	73	0
2728	89	0
2729	69	0
2730	89	0
2731	84	0
2732	77	0
2733	80	0
2734	67	0
2735	80	0
2736	86	0
2737	84	0
2738	75	0
2739	97	0
2740	100	0
2741	75	0
2742	78	0
2743	92	0
2744	71	0
2745	76	0
2746	86	0
2747	72	0
2748	87	0
2749	75	0
2750	80	0
2751	88	0
2752	76	0
2753	88	0
2754	89	0
2755	78	0
2756	78	0
2757	74	0
2758	89	0
2759	82	0
2760	86	0
2761	103	0
2762	85	0
2763	77	0
2764	81	0
2765	84	0
2766	87	0
2767	85	0
2768	70	0
2769	81	0
2770	85	0
2771	88	0
2772	80	0
2773	73	0
2774	82	0
2775	86	0
2776	80	0
2777	74	0
2778	89	0
2779	78	0
2780	91	0
2781	85	0
2782	80	0
2783	74	0
2784	66	0
2785	72	0
2786	79	0
2787	83	0
2788	75	0
2789	71	0
2790	69	0
2791	82	0
2792	76	0
2793	93	0
2794	68	0
2795	75	0
2796	61	0
2797	72	0
2798	65	0
2799	71	0
2800	81	0
2801	55	0
2802	80	0
2803	53	0
2804	84	0
2805	78	0
2806	88	0
2807	74	0
2808	84	0
2809	64	0
2810	68	0
2811	83	0
2812	62	0
2813	87	0
2814	63	0
2815	69	0
2816	81	0
2817	77	0
2818	65	0
2819	77	0
2820	72	0
2821	60	0
2822	72	0
2823	79	0
2824	82	0
2825	65	0
2826	63	0
2827	63	0
2828	66	0
2829	74	0
2830	79	0
2831	72	0
2832	58	0
2833	70	0
2834	63	0
2835	59	0
2836	69	0
2837	74	0
2838	61	0
2839	71	0
2840	59	0
2841	62	0
2842	65	0
2843	80	0
2844	65	0
2845	69	0
2846	67	0
2847	79	0
2848	53	0
2849	68	0
2850	60	0
2851	64	0
2852	65	0
2853	72	0
2854	65	0
2855	51	0
2856	46	0
2857	53	0
2858	58	0
2859	52	0
2860	67	0
2861	73	0
2862	53	0
2863	56	0
2864	50	0
2865	62	0
2866	66	0
2867	62	0
2868	53	0
2869	63	0
2870	54	0
2871	64	0
2872	72	0
2873	56	0
2874	63	0
2875	52	0
2876	63	0
2877	70	0
2878	56	0
2879	71	0
2880	60	0
2881	74	0
2882	75	0
2883	51	0
2884	54	0
2885	76	0
2886	60	0
2887	67	0
2888	53	0
2889	58	0
2890	59	0
2891	51	0
2892	86	0
2893	49	0
2894	50	0
2895	58	0
2896	59	0
2897	62	0
2898	62	0
2899	58	0
2900	77	0
2901	72	0
2902	55	0
2903	69	0
2904	65	0
2905	66	0
2906	53	0
2907	57	0
2908	51	0
2909	69	0
2910	67	0
2911	52	0
2912	59	0
2913	52	0
2914	74	0
2915	70	0
2916	58	0
2917	49	0
2918	55	0
2919	62	0
2920	51	0
2921	60	0
2922	69	0
2923	56	0
2924	54	0
2925	58	0
2926	49	0
2927	58	0
2928	50	0
2929	60	0
2930	46	0
2931	47	0
2932	64	0
2933	47	0
2934	52	0
2935	43	0
2936	47	0
2937	56	0
2938	64	0
2939	43	0
2940	55	0
2941	44	0
2942	67	0
2943	52	0
2944	52	0
2945	49	0
2946	54	0
2947	54	0
2948	66	0
2949	52	0
2950	50	0
2951	48	0
2952	57	0
2953	70	0
2954	41	0
2955	67	0
2956	57	0
2957	48	0
2958	51	0
2959	43	0
2960	57	0
2961	52	0
2962	58	0
2963	42	0
2964	49	0
2965	52	0
2966	51	0
2967	51	0
2968	41	0
2969	36	0
2970	41	0
2971	57	0
2972	56	0
2973	49	0
2974	40	0
2975	60	0
2976	43	0
2977	43	0
2978	47	0
2979	47	0
2980	42	0
2981	53	0
2982	43	0
2983	53	0
2984	38	0
2985	44	0
2986	51	0
2987	47	0
2988	52	0
2989	46	0
2990	58	0
2991	45	0
2992	38	0
2993	45	0
2994	71	0
2995	43	0
2996	35	0
2997	41	0
2998	53	0
2999	46	0
3000	42	0
3001	49	0
3002	46	0
3003	50	0
3004	48	0
3005	47	0
3006	46	0
3007	46	0
3008	54	0
3009	44	0
3010	40	0
3011	41	0
3012	43	0
3013	37	0
3014	55	0
3015	49	0
3016	41	0
3017	50	0
3018	53	0
3019	43	0
3020	48	0
3021	51	0
3022	50	0
3023	44	0
3024	48	0
3025	66	0
3026	47	0
3027	44	0
3028	35	0
3029	58	0
3030	51	0
3031	39	0
3032	53	0
3033	45	0
3034	61	0
3035	44	0
3036	50	0
3037	44	0
3038	49	0
3039	50	0
3040	45	0
3041	52	0
3042	51	0
3043	39	0
3044	32	0
3045	38	0
3046	41	0
3047	48	0
3048	45	0
3049	47	0
3050	49	0
3051	43	0
3052	43	0
3053	45	0
3054	38	0
3055	42	0
3056	42	0
3057	47	0
3058	42	0
3059	45	0
3060	48	0
3061	52	0
3062	39	0
3063	40	0
3064	45	0
3065	47	0
3066	42	0
3067	48	0
3068	52	0
3069	40	0
3070	33	0
3071	40	0
3072	37	0
3073	46	0
3074	43	0
3075	42	0
3076	56	0
3077	44	0
3078	47	0
3079	50	0
3080	53	0
3081	49	0
3082	49	0
3083	45	0
3084	34	0
3085	45	0
3086	49	0
3087	43	0
3088	39	0
3089	51	0
3090	48	0
3091	51	0
3092	38	0
3093	57	0
3094	30	0
3095	40	0
3096	52	0
3097	39	0
3098	38	0
3099	36	0
3100	51	0
3101	42	0
3102	49	0
3103	40	0
3104	36	0
3105	37	0
3106	45	0
3107	38	0
3108	49	0
3109	47	0
3110	46	0
3111	46	0
3112	46	0
3113	47	0
3114	47	0
3115	50	0
3116	28	0
3117	46	0
3118	41	0
3119	45	0
3120	41	0
3121	42	0
3122	46	0
3123	43	0
3124	48	0
3125	49	0
3126	46	0
3127	53	0
3128	48	0
3129	44	0
3130	39	0
3131	41	0
3132	43	0
3133	35	0
3134	34	0
3135	35	0
3136	40	0
3137	42	0
3138	42	0
3139	38	0
3140	39	0
3141	40	0
3142	41	0
3143	39	0
3144	31	0
3145	39	0
3146	29	0
3147	35	0
3148	33	0
3149	23	0
3150	39	0
3151	40	0
3152	43	0
3153	43	0
3154	33	0
3155	32	0
3156	30	0
3157	24	0
3158	35	0
3159	34	0
3160	36	0
3161	35	0
3162	41	0
3163	26	0
3164	34	0
3165	34	0
3166	34	0
3167	33	0
3168	31	0
3169	26	0
3170	27	0
3171	29	0
3172	27	0
3173	32	0
3174	39	0
3175	25	0
3176	25	0
3177	33	0
3178	20	0
3179	29	0
3180	29	0
3181	24	0
3182	24	0
3183	42	0
3184	21	0
3185	36	0
3186	24	0
3187	28	0
3188	30	0
3189	32	0
3190	23	0
3191	25	0
3192	24	0
3193	31	0
3194	38	0
3195	25	0
3196	33	0
3197	12	0
3198	30	0
3199	21	0
3200	23	0
3201	19	0
3202	25	0
3203	26	0
3204	18	0
3205	22	0
3206	21	0
3207	19	0
3208	19	0
3209	22	0
3210	21	0
3211	21	0
3212	21	0
3213	19	0
3214	18	0
3215	24	0
3216	29	0
3217	26	0
3218	25	0
3219	27	0
3220	31	0
3221	36	0
3222	32	0
3223	27	0
3224	20	0
3225	22	0
3226	16	0
3227	28	0
3228	34	0
3229	25	0
3230	25	0
3231	26	0
3232	27	0
3233	20	0
3234	28	0
3235	27	0
3236	20	0
3237	19	0
3238	22	0
3239	21	0
3240	20	0
3241	24	0
3242	21	0
3243	23	0
3244	24	0
3245	27	0
3246	23	0
3247	26	0
3248	20	0
3249	19	0
3250	22	0
3251	15	0
3252	19	0
3253	15	0
3254	15	0
3255	33	0
3256	9	0
3257	18	0
3258	25	0
3259	15	0
3260	16	0
3261	26	0
3262	23	0
3263	23	0
3264	21	0
3265	21	0
3266	14	0
3267	18	0
3268	13	0
3269	18	0
3270	28	0
3271	31	0
3272	19	0
3273	24	0
3274	22	0
3275	14	0
3276	17	0
3277	23	0
3278	17	0
3279	16	0
3280	21	0
3281	23	0
3282	12	0
3283	17	0
3284	16	0
3285	15	0
3286	20	0
3287	17	0
3288	17	0
3289	13	0
3290	15	0
3291	14	0
3292	11	0
3293	26	0
3294	13	0
3295	16	0
3296	19	0
3297	15	0
3298	11	0
3299	8	0
3300	18	0
3301	7	0
3302	20	0
3303	18	0
3304	14	0
3305	19	0
3306	16	0
3307	17	0
3308	14	0
3309	19	0
3310	14	0
3311	9	0
3312	21	0
3313	17	0
3314	7	0
3315	14	0
3316	14	0
3317	10	0
3318	8	0
3319	13	0
3320	10	0
3321	12	0
3322	9	0
3323	17	0
3324	14	0
3325	11	0
3326	20	0
3327	10	0
3328	18	0
3329	14	0
3330	9	0
3331	11	0
3332	15	0
3333	13	0
3334	10	0
3335	11	0
3336	11	0
3337	6	0
3338	12	0
3339	4	0
3340	11	0
3341	10	0
3342	12	0
3343	8	0
3344	9	0
3345	10	0
3346	10	0
3347	5	0
3348	8	0
3349	7	0
3350	12	0
3351	3	0
3352	9	0
3353	7	0
3354	10	0
3355	13	0
3356	8	0
3357	7	0
3358	9	0
3359	6	0
3360	8	0
3361	6	0
3362	5	0
3363	8	0
3364	5	0
3365	9	0
3366	11	0
3367	8	0
3368	3	0
3369	7	0
3370	5	0
3371	12	0
3372	6	0
3373	4	0
3374	3	0
3375	8	0
3376	11	0
3377	7	0
3378	11	0
3379	6	0
3380	4	0
3381	7	0
3382	1	0
3383	8	0
3384	3	0
3385	9	0
3386	12	0
3387	5	0
3388	10	0
3389	7	0
3390	7	0
3391	6	0
3392	4	0
3393	9	0
3394	12	0
3395	9	0
3396	6	0
3397	8	0
3398	8	0
3399	5	0
3400	7	0
3401	5	0
3402	2	0
3403	5	0
3404	4	0
3405	3	0
3406	8	0
3407	5	0
3408	5	0
3409	5	0
3410	5	0
3411	4	0
3412	4	0
3413	5	0
3414	1	0
3415	4	0
3416	5	0
3417	2	0
3418	2	0
3419	5	0
3420	2	0
3421	5	0
3422	2	0
3423	6	0
3424	4	0
3425	5	0
3426	9	0
3427	6	0
3428	5	0
3429	4	0
3430	3	0
3431	2	0
3432	3	0
3433	1	0
3434	5	0
3435	4	0
3436	4	0
3437	6	0
3438	4	0
3439	2	0
3440	4	0
3441	3	0
3442	5	0
3443	6	0
3444	6	0
3445	3	0
3446	3	0
3447	3	0
3448	3	0
3449	5	0
3450	2	0
3451	7	0
3452	3	0
3453	5	0
3454	4	0
3455	2	0
3456	4	0
3457	4	0
3458	5	0
3459	0	0
3460	6	0
3461	4	0
3462	1	0
3463	3	0
3464	3	0
3465	5	0
3466	2	0
3467	2	0
3468	3	0
3469	5	0
3470	5	0
3471	5	0
3472	2	0
3473	3	0
3474	1	0
3475	4	0
3476	3	0
3477	6	0
3478	2	0
3479	3	0
3480	0	0
3481	3	0
3482	4	0
3483	2	0
3484	1	0
3485	1	0
3486	3	0
3487	2	0
3488	4	0
3489	3	0
3490	3	0
3491	1	0
3492	4	0
3493	0	0
3494	3	0
3495	4	0
3496	2	0
3497	4	0
3498	3	0
3499	4	0
3500	4	0
3501	3	0
3502	1	0
3503	0	0
3504	1	0
3505	2	0
3506	3	0
3507	2	0
3508	3	0
3509	2	0
3510	3	0
3511	1	0
3512	1	0
3513	1	0
3514	1	0
3515	1	0
3516	1	0
3517	4	0
3518	2	0
3519	2	0
3520	3	0
3521	4	0
3522	0	0
3523	1	0
3524	1	0
3525	1	0
3526	2	0
3527	2	0
3528	1	0
3529	1	0
3530	0	0
3531	0	0
3532	0	0
3533	3	0
3534	1	0
3535	0	0
3536	0	0
3537	2	0
3538	1	0
3539	1	0
3540	0	0
3541	1	0
3542	0	0
3543	1	0
3544	0	0
3545	0	0
3546	2	0
3547	0	0
3548	1	0
3549	0	0
3550	1	0
3551	1	0
3552	1	0
3553	0	0
3554	1	0
3555	2	0
3556	1	0
3557	0	0
3558	0	0
3559	3	0
3560	1	0
3561	0	0
3562	2	0
3563	0	0
3564	2	0
3565	0	0
3566	0	0
3567	0	0
3568	2	0
3569	1	0
3570	1	0
3571	1	0
3572	0	0
3573	2	0
3574	1	0
3575	2	0
3576	1	0
3577	0	0
3578	3	0
3579	0	0
3580	1	0
3581	0	0
3582	0	0
3583	0	0
3584	2	0
3585	2	0
3586	2	0
3587	0	0
3588	1	0
3589	2	0
3590	0	0
3591	3	0
3592	0	0
3593	0	0
3594	3	0
3595	3	0
3596	2	0
3597	1	0
3598	1	0
3599	1	0
3600	2	0
3601	0	0
3602	0	0
3603	0	0
3604	3	0
3605	2	0
3606	1	0
3607	2	0
3608	1	0
3609	1	0
3610	2	0
3611	0	0
3612	0	0
3613	1	0
3614	1	0
3615	1	0
3616	3	0
3617	3	0
3618	1	0
3619	0	0
3620	0	0
3621	2	0
3622	2	0
3623	0	0
3624	2	0
3625	2	0
3626	0	0
3627	1	0
3628	1	0
3629	1	0
3630	1	0
3631	0	0
3632	1	0
3633	1	0
3634	0	0
3635	1	0
3636	0	0
3637	1	0
3638	1	0
3639	0	0
3640	0	0
3641	0	0
3642	2	0
3643	1	0
3644	0	0
3645	0	0
3646	0	0
3647	0	0
3648	4	0
3649	0	0
3650	1	0
3651	0	0
3652	0	0
3653	0	0
3654	0	0
3655	1	0
3656	1	0
3657	2	0
3658	0	0
3659	1	0
3660	0	0
3661	0	0
3662	1	0
3663	1	0
3664	1	0
3665	0	0
3666	0	0
3667	1	0
3668	0	0
3669	0	0
3670	0	0
3671	1	0
3672	1	0
3673	1	0
3674	2	0
3675	0	0
3676	1	0
3677	1	0
3678	0	0
3679	1	0
3680	1	0
3681	0	0
3682	0	0
3683	1	0
3684	1	0
3685	0	0
3686	2	0
3687	0	0
3688	0	0
3689	0	0
3690	0	0
3691	0	0
3692	0	0
3693	1	0
3694	0	0
3695	0	0
3696	1	0
3697	1	0
3698	0	0
3699	0	0
3700	1	0
3701	2	0
3702	1	0
3703	1	0
3704	1	0
3705	0	0
3706	0	0
3707	0	0
3708	1	0
3709	0	0
3710	0	0
3711	0	0
3712	0	0
3713	0	0
3714	1	0
3715	1	0
3716	2	0
3717	0	0
3718	1	0
3719	0	0
3720	1	0
3721	1	0
3722	2	0
3723	0	0
3724	0	0
3725	1	0
3726	0	0
3727	0	0
3728	0	0
3729	1	0
3730	0	0
3731	1	0
3732	0	0
3733	1	0
3734	0	0
3735	1	0
3736	0	0
3737	1	0
3738	0	0
3739	0	0
3740	0	0
3741	0	0
3742	0	0
3743	0	0
3744	2	0
3745	1	0
3746	0	0
3747	0	0
3748	0	0
3749	0	0
3750	0	0
3751	0	0
3752	0	0
3753	1	0
3754	3	0
3755	0	0
3756	1	0
3757	3	0
3758	1	0
3759	0	0
3760	0	0
3761	0	0
3762	0	0
3763	1	0
3764	0	0
3765	2	0
3766	0	0
3767	1	0
3768	0	0
3769	0	0
3770	0	0
3771	1	0
3772	0	0
3773	2	0
3774	0	0
3775	2	0
3776	0	0
3777	0	0
3778	1	0
3779	3	0
3780	0	0
3781	2	0
3782	1	0
3783	1	0
3784	0	0
3785	0	0
3786	0	0
3787	0	0
3788	0	0
3789	0	0
3790	1	0
3791	1	0
3792	1	0
3793	1	0
3794	0	0
3795	0	0
3796	4	0
3797	0	0
3798	0	0
3799	0	0
3800	0	0
3801	1	0
3802	1	0
3803	1	0
3804	2	0
3805	1	0
3806	1	0
3807	1	0
3808	1	0
3809	1	0
3810	0	0
3811	1	0
3812	1	0
3813	1	0
3814	1	0
3815	0	0
3816	0	0
3817	1	0
3818	1	0
3819	0	0
3820	0	0
3821	0	0
3822	1	0
3823	0	0
3824	1	0
3825	3	0
3826	0	0
3827	1	0
3828	2	0
3829	0	0
3830	0	0
3831	0	0
3832	2	0
3833	2	0
3834	1	0
3835	0	0
3836	1	0
3837	2	0
3838	2	0
3839	0	0
3840	2	0
3841	3	0
3842	3	0
3843	2	0
3844	1	0
3845	1	0
3846	0	0
3847	2	0
3848	0	0
3849	1	0
3850	1	0
3851	0	0
3852	3	0
3853	1	0
3854	2	0
3855	2	0
3856	1	0
3857	0	0
3858	3	0
3859	1	0
3860	3	0
3861	1	0
3862	1	0
3863	1	0
3864	0	0
3865	0	0
3866	2	0
3867	1	0
3868	0	0
3869	0	0
3870	1	0
3871	1	0
3872	1	0
3873	2	0
3874	1	0
3875	1	0
3876	2	0
3877	1	0
3878	1	0
3879	1	0
3880	0	0
3881	1	0
3882	1	0
3883	1	0
3884	1	0
3885	0	0
3886	0	0
3887	0	0
3888	1	0
3889	0	0
3890	3	0
3891	1	0
3892	4	0
3893	2	0
3894	0	0
3895	0	0
3896	2	0
3897	1	0
3898	0	0
3899	3	0
3900	2	0
3901	0	0
3902	0	0
3903	1	0
3904	2	0
3905	0	0
3906	4	0
3907	1	0
3908	0	0
3909	0	0
3910	0	0
3911	0	0
3912	1	0
3913	0	0
3914	0	0
3915	0	0
3916	0	0
3917	1	0
3918	1	0
3919	0	0
3920	2	0
3921	3	0
3922	0	0
3923	1	0
3924	2	0
3925	1	0
3926	1	0
3927	1	0
3928	2	0
3929	0	0
3930	0	0
3931	1	0
3932	1	0
3933	0	0
3934	2	0
3935	0	0
3936	2	0
3937	0	0
3938	0	0
3939	0	0
3940	2	0
3941	1	0
3942	0	0
3943	3	0
3944	3	0
3945	1	0
3946	3	0
3947	2	0
3948	1	0
3949	0	0
3950	1	0
3951	2	0
3952	2	0
3953	2	0
3954	2	0
3955	0	0
3956	1	0
3957	0	0
3958	0	0
3959	2	0
3960	2	0
3961	0	0
3962	1	0
3963	3	0
3964	0	0
3965	1	0
3966	1	0
3967	0	0
3968	0	0
3969	1	0
3970	1	0
3971	2	0
3972	0	0
3973	0	0
3974	0	0
3975	1	0
3976	0	0
3977	0	0
3978	0	0
3979	0	0
3980	2	0
3981	2	0
3982	2	0
3983	3	0
3984	0	0
3985	1	0
3986	1	0
3987	0	0
3988	1	0
3989	0	0
3990	0	0
3991	1	0
3992	3	0
3993	0	0
3994	0	0
3995	1	0
3996	2	0
3997	0	0
3998	0	0
3999	2	0
4000	0	0
4001	1	0
4002	1	0
4003	1	0
4004	1	0
4005	0	0
4006	2	0
4007	3	0
4008	0	0
4009	1	0
4010	1	0
4011	2	0
4012	0	0
4013	2	0
4014	0	0
4015	0	0
4016	3	0
4017	1	0
4018	0	0
4019	0	0
4020	1	0
4021	0	0
4022	0	0
4023	0	0
4024	0	0
4025	1	0
4026	0	0
4027	0	0
4028	1	0
4029	3	0
4030	1	0
4031	0	0
4032	0	0
4033	1	0
4034	1	0
4035	0	0
4036	0	0
4037	0	0
4038	0	0
4039	0	0
4040	0	0
4041	0	0
4042	0	0
4043	0	0
4044	1	0
4045	0	0
4046	1	0
4047	1	0
4048	1	0
4049	1	0
4050	2	0
4051	0	0
4052	0	0
4053	4	0
4054	0	0
4055	0	0
4056	1	0
4057	1	0
4058	0	0
4059	0	0
4060	1	0
4061	2	0
4062	0	0
4063	0	0
4064	0	0
4065	0	0
4066	0	0
4067	1	0
4068	0	0
4069	0	0
4070	1	0
4071	0	0
4072	2	0
4073	0	0
4074	0	0
4075	1	0
4076	1	0
4077	0	0
4078	0	0
4079	0	0
4080	1	0
4081	2	0
4082	1	0
4083	0	0
4084	1	0
4085	0	0
4086	0	0
4087	0	0
4088	0	0
4089	1	0
4090	0	0
4091	1	0
4092	0	0
4093	0	0
4094	0	0
4095	1	0
4096	0	0
4097	0	0
4098	2	0
4099	1	0
4100	0	0
4101	0	0
4102	0	0
4103	0	0
4104	0	0
4105	1	0
4106	0	0
4107	0	0
4108	0	0
4109	0	0
4110	1	0
4111	0	0
4112	1	0
4113	0	0
4114	2	0
4115	0	0
4116	2	0
4117	0	0
4118	1	0
4119	0	0
4120	0	0
4121	0	0
4122	0	0
4123	3	0
4124	1	0
4125	0	0
4126	0	0
4127	0	0
4128	1	0
4129	3	0
4130	0	0
4131	1	0
4132	1	0
4133	0	0
4134	0	0
4135	0	0
4136	0	0
4137	1	0
4138	1	0
4139	0	0
4140	1	0
4141	1	0
4142	0	0
4143	0	0
4144	1	0
4145	0	0
4146	0	0
4147	0	0
4148	3	0
4149	2	0
4150	0	0
4151	0	0
4152	0	0
4153	0	0
4154	1	0
4155	0	0
4156	0	0
4157	0	0
4158	0	0
4159	0	0
4160	0	0
4161	1	0
4162	1	0
4163	1	0
4164	0	0
4165	1	0
4166	1	0
4167	1	0
4168	0	0
4169	1	0
4170	0	0
4171	0	0
4172	1	0
4173	1	0
4174	1	0
4175	0	0
4176	1	0
4177	0	0
4178	1	0
4179	1	0
4180	0	0
4181	0	0
4182	1	0
4183	0	0
4184	0	0
4185	0	0
4186	1	0
4187	0	0
4188	1	0
4189	0	0
4190	0	0
4191	0	0
4192	0	0
4193	0	0
4194	0	0
4195	0	0
4196	1	0
4197	0	0
4198	0	0
4199	0	0
4200	0	0
4201	0	0
4202	0	0
4203	0	0
4204	1	0
4205	2	0
4206	0	0
4207	0	0
4208	1	0
4209	0	0
4210	0	0
4211	0	0
4212	0	0
4213	2	0
4214	1	0
4215	0	0
4216	2	0
4217	0	0
4218	1	0
4219	0	0
4220	0	0
4221	0	0
4222	0	0
4223	1	0
4224	0	0
4225	0	0
4226	0	0
4227	1	0
4228	1	0
4229	1	0
4230	0	0
4231	1	0
4232	0	0
4233	1	0
4234	1	0
4235	0	0
4236	0	0
4237	0	0
4238	1	0
4239	1	0
4240	0	0
4241	2	0
4242	0	0
4243	0	0
4244	2	0
4245	0	0
4246	0	0
4247	1	0
4248	0	0
4249	0	0
4250	0	0
4251	1	0
4252	0	0
4253	0	0
4254	0	0
4255	1	0
4256	0	0
4257	0	0
4258	0	0
4259	0	0
4260	0	0
4261	1	0
4262	0	0
4263	0	0
4264	1	0
4265	0	0
4266	1	0
4267	0	0
4268	1	0
4269	2	0
4270	1	0
4271	0	0
4272	1	0
4273	2	0
4274	1	0
4275	2	0
4276	1	0
4277	1	0
4278	0	0
4279	1	0
4280	0	0
4281	0	0
4282	0	0
4283	0	0
4284	2	0
4285	1	0
4286	0	0
4287	1	0
4288	1	0
4289	0	0
4290	1	0
4291	1	0
4292	0	0
4293	1	0
4294	0	0
4295	0	0
4296	0	0
4297	1	0
4298	2	0
4299	0	0
4300	0	0
4301	0	0
4302	1	0
4303	0	0
4304	1	0
4305	0	0
4306	0	0
4307	0	0
4308	3	0
4309	0	0
4310	0	0
4311	0	0
4312	1	0
4313	0	0
4314	1	0
4315	0	0
4316	1	0
4317	1	0
4318	0	0
4319	1	0
4320	0	0
4321	0	0
4322	1	0
4323	3	0
4324	0	0
4325	1	0
4326	0	0
4327	0	0
4328	0	0
4329	1	0
4330	0	0
4331	2	0
4332	0	0
4333	2	0
4334	1	0
4335	1	0
4336	1	0
4337	0	0
4338	3	0
4339	2	0
4340	2	0
4341	1	0
4342	0	0
4343	1	0
4344	1	0
4345	1	0
4346	1	0
4347	0	0
4348	0	0
4349	1	0
4350	0	0
4351	3	0
4352	1	0
4353	1	0
4354	0	0
4355	2	0
4356	2	0
4357	0	0
4358	1	0
4359	0	0
4360	1	0
4361	1	0
4362	0	0
4363	0	0
4364	0	0
4365	0	0
4366	1	0
4367	0	0
4368	0	0
4369	0	0
4370	0	0
4371	0	0
4372	2	0
4373	1	0
4374	2	0
4375	1	0
4376	1	0
4377	1	0
4378	0	0
4379	2	0
4380	1	0
4381	0	0
4382	1	0
4383	1	0
4384	0	0
4385	0	0
4386	2	0
4387	0	0
4388	1	0
4389	0	0
4390	0	0
4391	0	0
4392	1	0
4393	0	0
4394	0	0
4395	0	0
4396	1	0
4397	0	0
4398	1	0
4399	2	0
4400	0	0
4401	1	0
4402	0	0
4403	0	0
4404	0	0
4405	1	0
4406	2	0
4407	0	0
4408	0	0
4409	0	0
4410	2	0
4411	1	0
4412	0	0
4413	1	0
4414	0	0
4415	3	0
4416	0	0
4417	1	0
4418	2	0
4419	0	0
4420	0	0
4421	0	0
4422	0	0
4423	0	0
4424	2	0
4425	2	0
4426	1	0
4427	1	0
4428	0	0
4429	0	0
4430	0	0
4431	1	0
4432	0	0
4433	2	0
4434	2	0
4435	0	0
4436	2	0
4437	0	0
4438	0	0
4439	0	0
4440	0	0
4441	1	0
4442	2	0
4443	1	0
4444	2	0
4445	1	0
4446	1	0
4447	0	0
4448	1	0
4449	1	0
4450	0	0
4451	2	0
4452	1	0
4453	1	0
4454	0	0
4455	2	0
4456	2	0
4457	1	0
4458	0	0
4459	2	0
4460	2	0
4461	2	0
4462	0	0
4463	1	0
4464	2	0
4465	0	0
4466	0	0
4467	0	0
4468	0	0
4469	1	0
4470	0	0
4471	2	0
4472	2	0
4473	0	0
4474	0	0
4475	1	0
4476	3	0
4477	1	0
4478	2	0
4479	1	0
4480	1	0
4481	1	0
4482	1	0
4483	1	0
4484	0	0
4485	3	0
4486	0	0
4487	1	0
4488	0	0
4489	1	0
4490	0	0
4491	0	0
4492	1	0
4493	0	0
4494	0	0
4495	0	0
4496	0	0
4497	0	0
4498	0	0
4499	0	0
4500	0	0
4501	0	0
4502	0	0
4503	2	0
4504	1	0
4505	1	0
4506	0	0
4507	0	0
4508	1	0
4509	1	0
4510	0	0
4511	0	0
4512	0	0
4513	1	0
4514	1	0
4515	0	0
4516	1	0
4517	0	0
4518	1	0
4519	2	0
4520	3	0
4521	0	0
4522	1	0
4523	1	0
4524	0	0
4525	1	0
4526	1	0
4527	2	0
4528	1	0
4529	0	0
4530	1	0
4531	1	0
4532	2	0
4533	1	0
4534	1	0
4535	1	0
4536	2	0
4537	1	0
4538	0	0
4539	0	0
4540	0	0
4541	1	0
4542	0	0
4543	0	0
4544	0	0
4545	2	0
4546	1	0
4547	1	0
4548	1	0
4549	0	0
4550	0	0
4551	0	0
4552	1	0
4553	1	0
4554	1	0
4555	2	0
4556	1	0
4557	1	0
4558	0	0
4559	0	0
4560	1	0
4561	1	0
4562	1	0
4563	2	0
4564	0	0
4565	1	0
4566	0	0
4567	1	0
4568	1	0
4569	1	0
4570	0	0
4571	1	0
4572	0	0
4573	0	0
4574	1	0
4575	0	0
4576	1	0
4577	0	0
4578	0	0
4579	1	0
4580	1	0
4581	0	0
4582	1	0
4583	1	0
4584	1	0
4585	1	0
4586	0	0
4587	0	0
4588	2	0
4589	1	0
4590	2	0
4591	0	0
4592	1	0
4593	0	0
4594	0	0
4595	0	0
4596	1	0
4597	0	0
4598	0	0
4599	1	0
4600	0	0
4601	1	0
4602	1	0
4603	0	0
4604	0	0
4605	0	0
4606	2	0
4607	1	0
4608	0	0
4609	2	0
4610	3	0
4611	0	0
4612	1	0
4613	0	0
4614	1	0
4615	0	0
4616	0	0
4617	2	0
4618	0	0
4619	1	0
4620	1	0
4621	0	0
4622	1	0
4623	0	0
4624	1	0
4625	1	0
4626	3	0
4627	0	0
4628	0	0
4629	0	0
4630	0	0
4631	1	0
4632	1	0
4633	1	0
4634	0	0
4635	0	0
4636	0	0
4637	0	0
4638	1	0
4639	0	0
4640	2	0
4641	0	0
4642	1	0
4643	0	0
4644	1	0
4645	2	0
4646	0	0
4647	1	0
4648	1	0
4649	1	0
4650	0	0
4651	0	0
4652	2	0
4653	1	0
4654	2	0
4655	1	0
4656	1	0
4657	0	0
4658	0	0
4659	1	0
4660	2	0
4661	1	0
4662	0	0
4663	0	0
4664	0	0
4665	1	0
4666	0	0
4667	0	0
4668	1	0
4669	0	0
4670	2	0
4671	2	0
4672	1	0
4673	0	0
4674	1	0
4675	1	0
4676	0	0
4677	0	0
4678	1	0
4679	0	0
4680	0	0
4681	0	0
4682	0	0
4683	0	0
4684	0	0
4685	1	0
4686	0	0
4687	0	0
4688	0	0
4689	1	0
4690	0	0
4691	2	0
4692	0	0
4693	0	0
4694	0	0
4695	1	0
4696	1	0
4697	0	0
4698	0	0
4699	1	0
4700	1	0
4701	1	0
4702	1	0
4703	0	0
4704	0	0
4705	0	0
4706	0	0
4707	0	0
4708	0	0
4709	0	0
4710	1	0
4711	2	0
4712	0	0
4713	0	0
4714	0	0
4715	0	0
4716	1	0
4717	1	0
4718	0	0
4719	1	0
4720	1	0
4721	0	0
4722	0	0
4723	2	0
4724	2	0
4725	2	0
4726	2	0
4727	0	0
4728	0	0
4729	0	0
4730	3	0
4731	0	0
4732	0	0
4733	0	0
4734	0	0
4735	0	0
4736	1	0
4737	0	0
4738	0	0
4739	1	0
4740	0	0
4741	1	0
4742	0	0
4743	0	0
4744	0	0
4745	1	0
4746	0	0
4747	0	0
4748	1	0
4749	0	0
4750	1	0
4751	1	0
4752	1	0
4753	0	0
4754	0	0
4755	0	0
4756	1	0
4757	0	0
4758	1	0
4759	1	0
4760	2	0
4761	0	0
4762	1	0
4763	1	0
4764	0	0
4765	0	0
4766	0	0
4767	0	0
4768	1	0
4769	1	0
4770	1	0
4771	0	0
4772	0	0
4773	0	0
4774	1	0
4775	0	0
4776	0	0
4777	0	0
4778	0	0
4779	1	0
4780	2	0
4781	0	0
4782	0	0
4783	0	0
4784	1	0
4785	1	0
4786	0	0
4787	1	0
4788	0	0
4789	0	0
4790	0	0
4791	0	0
4792	0	0
4793	1	0
4794	0	0
4795	2	0
4796	0	0
4797	0	0
4798	1	0
4799	0	0
4800	0	0
4801	1	0
4802	1	0
4803	3	0
4804	1	0
4805	0	0
4806	1	0
4807	0	0
4808	0	0
4809	0	0
4810	0	0
4811	0	0
4812	1	0
4813	1	0
4814	1	0
4815	0	0
4816	0	0
4817	0	0
4818	0	0
4819	1	0
4820	0	0
4821	1	0
4822	0	0
4823	0	0
4824	1	0
4825	0	0
4826	0	0
4827	1	0
4828	0	0
4829	0	0
4830	0	0
4831	0	0
4832	0	0
4833	1	0
4834	0	0
4835	1	0
4836	2	0
4837	0	0
4838	1	0
4839	0	0
4840	1	0
4841	0	0
4842	0	0
4843	0	0
4844	0	0
4845	0	0
4846	1	0
4847	1	0
4848	1	0
4849	0	0
4850	0	0
4851	0	0
4852	0	0
4853	1	0
4854	2	0
4855	1	0
4856	0	0
4857	1	0
4858	1	0
4859	0	0
4860	0	0
4861	0	0
4862	1	0
4863	1	0
4864	1	0
4865	0	0
4866	1	0
4867	0	0
4868	0	0
4869	0	0
4870	0	0
4871	2	0
4872	1	0
4873	0	0
4874	1	0
4875	0	0
4876	0	0
4877	1	0
4878	0	0
4879	1	0
4880	0	0
4881	0	0
4882	0	0
4883	0	0
4884	1	0
4885	2	0
4886	0	0
4887	2	0
4888	1	0
4889	0	0
4890	0	0
4891	1	0
4892	2	0
4893	2	0
4894	0	0
4895	0	0
4896	1	0
4897	0	0
4898	1	0
4899	0	0
4900	0	0
4901	1	0
4902	3	0
4903	1	0
4904	2	0
4905	0	0
4906	1	0
4907	0	0
4908	0	0
4909	1	0
4910	1	0
4911	0	0
4912	1	0
4913	0	0
4914	2	0
4915	2	0
4916	2	0
4917	1	0
4918	0	0
4919	0	0
4920	1	0
4921	0	0
4922	0	0
4923	0	0
4924	1	0
4925	0	0
4926	0	0
4927	0	0
4928	0	0
4929	0	0
4930	0	0
4931	0	0
4932	1	0
4933	1	0
4934	0	0
4935	1	0
4936	0	0
4937	0	0
4938	2	0
4939	1	0
4940	1	0
4941	2	0
4942	1	0
4943	0	0
4944	0	0
4945	0	0
4946	0	0
4947	1	0
4948	2	0
4949	0	0
4950	1	0
4951	0	0
4952	0	0
4953	0	0
4954	1	0
4955	0	0
4956	1	0
4957	1	0
4958	0	0
4959	1	0
4960	1	0
4961	0	0
4962	1	0
4963	1	0
4964	0	0
4965	0	0
4966	1	0
4967	0	0
4968	2	0
4969	0	0
4970	0	0
4971	2	0
4972	1	0
4973	0	0
4974	0	0
4975	1	0
4976	1	0
4977	0	0
4978	1	0
4979	0	0
4980	0	0
4981	1	0
4982	0	0
4983	0	0
4984	0	0
4985	0	0
4986	0	0
4987	0	0
4988	2	0
4989	1	0
4990	0	0
4991	1	0
4992	0	0
4993	0	0
4994	0	0
4995	0	0
4996	1	0
4997	1	0
4998	0	0
4999	0	0
5000	1841	0

