## htsjdk.samtools.metrics.StringHeader
# CollectHsMetrics BAIT_INTERVALS=[pool1_pool2_nochr_3c.sort.merged.padded20.hg19.210311.met.annotated.interval_list] TARGET_INTERVALS=[pool1_pool2_nochr_3c.sort.merged.padded20.hg19.210311.met.annotated.interval_list] INPUT=marked_duplicates_filteredout_8.bam OUTPUT=hs_metrics_filteredout_8.txt COVERAGE_CAP=5000 REFERENCE_SEQUENCE=/home/tomas/data/reference/hg19.with.mt.fasta    METRIC_ACCUMULATION_LEVEL=[ALL_READS] NEAR_DISTANCE=250 MINIMUM_MAPPING_QUALITY=20 MINIMUM_BASE_QUALITY=20 CLIP_OVERLAPPING_READS=true INCLUDE_INDELS=false SAMPLE_SIZE=10000 ALLELE_FRACTION=[0.001, 0.005, 0.01, 0.02, 0.05, 0.1, 0.2, 0.3, 0.5] VERBOSITY=INFO QUIET=false VALIDATION_STRINGENCY=STRICT COMPRESSION_LEVEL=5 MAX_RECORDS_IN_RAM=500000 CREATE_INDEX=false CREATE_MD5_FILE=false GA4GH_CLIENT_SECRETS=client_secrets.json USE_JDK_DEFLATER=false USE_JDK_INFLATER=false
## htsjdk.samtools.metrics.StringHeader
# Started on: Thu Feb 03 13:44:12 CET 2022

## METRICS CLASS	picard.analysis.directed.HsMetrics
BAIT_SET	BAIT_TERRITORY	BAIT_DESIGN_EFFICIENCY	ON_BAIT_BASES	NEAR_BAIT_BASES	OFF_BAIT_BASES	PCT_SELECTED_BASES	PCT_OFF_BAIT	ON_BAIT_VS_SELECTED	MEAN_BAIT_COVERAGE	PCT_USABLE_BASES_ON_BAIT	PCT_USABLE_BASES_ON_TARGET	FOLD_ENRICHMENT	HS_LIBRARY_SIZE	HS_PENALTY_10X	HS_PENALTY_20X	HS_PENALTY_30X	HS_PENALTY_40X	HS_PENALTY_50X	HS_PENALTY_100X	TARGET_TERRITORY	GENOME_SIZE	TOTAL_READS	PF_READS	PF_BASES	PF_UNIQUE_READS	PF_UQ_READS_ALIGNED	PF_BASES_ALIGNED	PF_UQ_BASES_ALIGNED	ON_TARGET_BASES	PCT_PF_READS	PCT_PF_UQ_READS	PCT_PF_UQ_READS_ALIGNED	MEAN_TARGET_COVERAGE	MEDIAN_TARGET_COVERAGE	MAX_TARGET_COVERAGE	MIN_TARGET_COVERAGE	ZERO_CVG_TARGETS_PCT	PCT_EXC_DUPE	PCT_EXC_ADAPTER	PCT_EXC_MAPQ	PCT_EXC_BASEQ	PCT_EXC_OVERLAP	PCT_EXC_OFF_TARGET	FOLD_80_BASE_PENALTY	PCT_TARGET_BASES_1X	PCT_TARGET_BASES_2X	PCT_TARGET_BASES_10X	PCT_TARGET_BASES_20X	PCT_TARGET_BASES_30X	PCT_TARGET_BASES_40X	PCT_TARGET_BASES_50X	PCT_TARGET_BASES_100X	PCT_TARGET_BASES_250X	PCT_TARGET_BASES_500X	PCT_TARGET_BASES_1000X	PCT_TARGET_BASES_2500X	PCT_TARGET_BASES_5000X	PCT_TARGET_BASES_10000X	PCT_TARGET_BASES_25000X	PCT_TARGET_BASES_50000X	PCT_TARGET_BASES_100000X	AT_DROPOUT	GC_DROPOUT	HET_SNP_SENSITIVITY	HET_SNP_Q	SAMPLE	LIBRARY	READ_GROUP
pool1_pool2_nochr_3c	2217428	1	60380802	46713519	189566552	0.360999	0.639001	0.56381	27.230107	0.19753	0.081159	284.149635	322169	-1	-1	-1	-1	-1	-1	2217428	3095693983	2150988	2150988	305678717	1399119	1398435	296660873	193692694	24808474	1	0.650454	0.999511	11.18795	2	20213	0	0.152647	0.347091	0	0.029677	0.056294	0.078462	0.404969	11.18795	0.837986	0.613047	0.136031	0.081064	0.05735	0.043137	0.034193	0.016645	0.005588	0.002019	0.000646	0.000188	0.00008	0.000067	0	0	0	12.977062	12.022009	0.516592	3			

## HISTOGRAM	java.lang.Integer
coverage_or_base_quality	high_quality_coverage_count	unfiltered_baseq_count
0	359254	0
1	498786	0
2	417268	0
3	266450	0
4	150235	0
5	85072	0
6	52222	0
7	36158	0
8	27737	0
9	22607	0
10	19136	0
11	17026	0
12	14972	0
13	13451	0
14	11719	3257114
15	10391	0
16	9954	0
17	8915	0
18	8510	0
19	7811	0
20	6885	0
21	6194	346813
22	5948	0
23	5513	0
24	5314	0
25	4983	0
26	4879	0
27	4602	1213122
28	4333	0
29	3934	0
30	3894	0
31	3663	0
32	3590	3023994
33	3389	0
34	3196	0
35	3027	0
36	2834	18596782
37	2761	0
38	2644	0
39	2518	0
40	2338	0
41	2219	0
42	2111	0
43	2095	0
44	2036	0
45	1929	0
46	1843	0
47	1797	0
48	1794	0
49	1670	0
50	1566	0
51	1469	0
52	1414	0
53	1356	0
54	1281	0
55	1299	0
56	1267	0
57	1150	0
58	1098	0
59	1043	0
60	1037	0
61	1075	0
62	997	0
63	954	0
64	963	0
65	864	0
66	845	0
67	831	0
68	802	0
69	811	0
70	739	0
71	815	0
72	710	0
73	626	0
74	659	0
75	672	0
76	687	0
77	637	0
78	590	0
79	574	0
80	557	0
81	622	0
82	616	0
83	555	0
84	500	0
85	521	0
86	550	0
87	476	0
88	498	0
89	531	0
90	519	0
91	500	0
92	516	0
93	488	0
94	450	0
95	463	0
96	442	0
97	452	0
98	408	0
99	416	0
100	423	0
101	415	0
102	428	0
103	414	0
104	402	0
105	377	0
106	400	0
107	342	0
108	336	0
109	348	0
110	369	0
111	330	0
112	335	0
113	307	0
114	296	0
115	312	0
116	283	0
117	294	0
118	286	0
119	353	0
120	311	0
121	299	0
122	282	0
123	253	0
124	290	0
125	258	0
126	281	0
127	249	0
128	224	0
129	233	0
130	226	0
131	214	0
132	232	0
133	199	0
134	226	0
135	210	0
136	233	0
137	217	0
138	209	0
139	198	0
140	200	0
141	211	0
142	209	0
143	187	0
144	157	0
145	181	0
146	154	0
147	175	0
148	161	0
149	146	0
150	174	0
151	167	0
152	156	0
153	203	0
154	166	0
155	167	0
156	178	0
157	186	0
158	171	0
159	203	0
160	185	0
161	167	0
162	172	0
163	164	0
164	128	0
165	139	0
166	148	0
167	126	0
168	136	0
169	131	0
170	124	0
171	142	0
172	127	0
173	137	0
174	117	0
175	116	0
176	97	0
177	96	0
178	109	0
179	111	0
180	101	0
181	103	0
182	106	0
183	117	0
184	134	0
185	111	0
186	110	0
187	123	0
188	127	0
189	100	0
190	117	0
191	128	0
192	118	0
193	128	0
194	99	0
195	130	0
196	117	0
197	145	0
198	101	0
199	102	0
200	112	0
201	118	0
202	119	0
203	105	0
204	102	0
205	100	0
206	78	0
207	103	0
208	108	0
209	101	0
210	96	0
211	100	0
212	91	0
213	92	0
214	85	0
215	87	0
216	76	0
217	74	0
218	73	0
219	93	0
220	83	0
221	72	0
222	61	0
223	80	0
224	48	0
225	60	0
226	73	0
227	79	0
228	61	0
229	64	0
230	79	0
231	64	0
232	73	0
233	74	0
234	80	0
235	82	0
236	73	0
237	71	0
238	77	0
239	65	0
240	60	0
241	77	0
242	76	0
243	74	0
244	80	0
245	61	0
246	85	0
247	63	0
248	95	0
249	82	0
250	83	0
251	71	0
252	92	0
253	97	0
254	78	0
255	72	0
256	65	0
257	68	0
258	65	0
259	57	0
260	57	0
261	54	0
262	59	0
263	56	0
264	63	0
265	52	0
266	59	0
267	66	0
268	59	0
269	67	0
270	57	0
271	55	0
272	73	0
273	60	0
274	62	0
275	57	0
276	57	0
277	65	0
278	56	0
279	38	0
280	61	0
281	56	0
282	53	0
283	53	0
284	49	0
285	55	0
286	61	0
287	47	0
288	48	0
289	61	0
290	45	0
291	37	0
292	45	0
293	54	0
294	54	0
295	48	0
296	45	0
297	43	0
298	52	0
299	57	0
300	56	0
301	45	0
302	59	0
303	44	0
304	44	0
305	39	0
306	35	0
307	34	0
308	42	0
309	39	0
310	37	0
311	49	0
312	37	0
313	36	0
314	44	0
315	35	0
316	41	0
317	33	0
318	41	0
319	40	0
320	40	0
321	36	0
322	29	0
323	34	0
324	33	0
325	42	0
326	32	0
327	44	0
328	37	0
329	43	0
330	37	0
331	34	0
332	28	0
333	37	0
334	28	0
335	22	0
336	22	0
337	23	0
338	40	0
339	34	0
340	33	0
341	39	0
342	30	0
343	31	0
344	38	0
345	29	0
346	29	0
347	30	0
348	21	0
349	33	0
350	30	0
351	26	0
352	24	0
353	28	0
354	28	0
355	24	0
356	26	0
357	29	0
358	23	0
359	34	0
360	29	0
361	28	0
362	19	0
363	39	0
364	24	0
365	28	0
366	24	0
367	28	0
368	26	0
369	19	0
370	33	0
371	24	0
372	34	0
373	40	0
374	31	0
375	25	0
376	25	0
377	22	0
378	26	0
379	32	0
380	26	0
381	31	0
382	20	0
383	19	0
384	29	0
385	27	0
386	20	0
387	32	0
388	23	0
389	26	0
390	19	0
391	27	0
392	22	0
393	20	0
394	32	0
395	27	0
396	25	0
397	25	0
398	21	0
399	28	0
400	24	0
401	31	0
402	23	0
403	23	0
404	21	0
405	23	0
406	28	0
407	36	0
408	26	0
409	26	0
410	22	0
411	17	0
412	27	0
413	30	0
414	18	0
415	21	0
416	13	0
417	24	0
418	17	0
419	24	0
420	19	0
421	20	0
422	24	0
423	18	0
424	33	0
425	21	0
426	26	0
427	29	0
428	29	0
429	25	0
430	18	0
431	23	0
432	16	0
433	22	0
434	19	0
435	10	0
436	29	0
437	26	0
438	22	0
439	21	0
440	15	0
441	16	0
442	14	0
443	15	0
444	17	0
445	18	0
446	13	0
447	18	0
448	12	0
449	19	0
450	15	0
451	14	0
452	21	0
453	16	0
454	9	0
455	19	0
456	15	0
457	16	0
458	18	0
459	15	0
460	19	0
461	23	0
462	13	0
463	21	0
464	15	0
465	16	0
466	12	0
467	7	0
468	10	0
469	13	0
470	14	0
471	14	0
472	6	0
473	22	0
474	13	0
475	17	0
476	24	0
477	18	0
478	17	0
479	5	0
480	16	0
481	13	0
482	8	0
483	11	0
484	23	0
485	16	0
486	16	0
487	16	0
488	17	0
489	16	0
490	8	0
491	12	0
492	13	0
493	11	0
494	14	0
495	14	0
496	15	0
497	10	0
498	20	0
499	16	0
500	15	0
501	10	0
502	7	0
503	10	0
504	17	0
505	7	0
506	12	0
507	15	0
508	25	0
509	10	0
510	12	0
511	12	0
512	11	0
513	21	0
514	10	0
515	14	0
516	20	0
517	12	0
518	6	0
519	12	0
520	7	0
521	5	0
522	9	0
523	21	0
524	9	0
525	12	0
526	10	0
527	13	0
528	13	0
529	24	0
530	15	0
531	17	0
532	13	0
533	10	0
534	16	0
535	18	0
536	10	0
537	9	0
538	16	0
539	13	0
540	13	0
541	16	0
542	10	0
543	18	0
544	11	0
545	10	0
546	10	0
547	14	0
548	9	0
549	11	0
550	12	0
551	12	0
552	14	0
553	12	0
554	16	0
555	20	0
556	14	0
557	13	0
558	19	0
559	12	0
560	16	0
561	18	0
562	12	0
563	15	0
564	21	0
565	10	0
566	16	0
567	14	0
568	7	0
569	21	0
570	16	0
571	17	0
572	12	0
573	6	0
574	5	0
575	12	0
576	6	0
577	9	0
578	6	0
579	8	0
580	17	0
581	14	0
582	10	0
583	11	0
584	6	0
585	15	0
586	8	0
587	7	0
588	7	0
589	8	0
590	7	0
591	3	0
592	16	0
593	8	0
594	13	0
595	7	0
596	9	0
597	6	0
598	5	0
599	13	0
600	11	0
601	6	0
602	10	0
603	9	0
604	12	0
605	12	0
606	6	0
607	8	0
608	6	0
609	9	0
610	12	0
611	13	0
612	11	0
613	9	0
614	12	0
615	11	0
616	3	0
617	8	0
618	9	0
619	11	0
620	11	0
621	11	0
622	8	0
623	4	0
624	6	0
625	5	0
626	12	0
627	8	0
628	5	0
629	16	0
630	8	0
631	3	0
632	7	0
633	8	0
634	3	0
635	5	0
636	10	0
637	7	0
638	7	0
639	3	0
640	8	0
641	8	0
642	7	0
643	6	0
644	8	0
645	5	0
646	8	0
647	4	0
648	8	0
649	2	0
650	5	0
651	7	0
652	5	0
653	10	0
654	7	0
655	6	0
656	8	0
657	6	0
658	2	0
659	6	0
660	6	0
661	3	0
662	8	0
663	6	0
664	5	0
665	9	0
666	6	0
667	10	0
668	12	0
669	9	0
670	9	0
671	7	0
672	7	0
673	5	0
674	5	0
675	10	0
676	8	0
677	6	0
678	8	0
679	2	0
680	5	0
681	7	0
682	10	0
683	14	0
684	10	0
685	12	0
686	6	0
687	12	0
688	9	0
689	10	0
690	4	0
691	8	0
692	9	0
693	4	0
694	7	0
695	8	0
696	11	0
697	7	0
698	6	0
699	12	0
700	8	0
701	6	0
702	6	0
703	3	0
704	7	0
705	5	0
706	9	0
707	12	0
708	12	0
709	9	0
710	15	0
711	13	0
712	10	0
713	6	0
714	5	0
715	4	0
716	7	0
717	0	0
718	2	0
719	6	0
720	6	0
721	6	0
722	5	0
723	6	0
724	5	0
725	7	0
726	9	0
727	7	0
728	5	0
729	3	0
730	1	0
731	1	0
732	6	0
733	7	0
734	8	0
735	5	0
736	1	0
737	0	0
738	7	0
739	7	0
740	4	0
741	4	0
742	5	0
743	3	0
744	6	0
745	5	0
746	1	0
747	5	0
748	7	0
749	5	0
750	6	0
751	7	0
752	12	0
753	5	0
754	7	0
755	5	0
756	2	0
757	2	0
758	3	0
759	6	0
760	5	0
761	4	0
762	5	0
763	6	0
764	7	0
765	5	0
766	2	0
767	7	0
768	3	0
769	3	0
770	5	0
771	3	0
772	4	0
773	4	0
774	8	0
775	4	0
776	7	0
777	3	0
778	3	0
779	6	0
780	6	0
781	3	0
782	1	0
783	3	0
784	6	0
785	10	0
786	8	0
787	4	0
788	2	0
789	6	0
790	6	0
791	2	0
792	4	0
793	5	0
794	4	0
795	7	0
796	5	0
797	3	0
798	6	0
799	5	0
800	4	0
801	5	0
802	4	0
803	5	0
804	3	0
805	1	0
806	3	0
807	1	0
808	4	0
809	2	0
810	2	0
811	2	0
812	4	0
813	1	0
814	3	0
815	1	0
816	4	0
817	0	0
818	2	0
819	3	0
820	2	0
821	2	0
822	1	0
823	3	0
824	3	0
825	3	0
826	4	0
827	5	0
828	0	0
829	4	0
830	6	0
831	7	0
832	4	0
833	5	0
834	5	0
835	3	0
836	3	0
837	2	0
838	3	0
839	3	0
840	1	0
841	1	0
842	2	0
843	7	0
844	4	0
845	2	0
846	0	0
847	3	0
848	3	0
849	3	0
850	2	0
851	0	0
852	1	0
853	4	0
854	1	0
855	5	0
856	2	0
857	3	0
858	4	0
859	2	0
860	3	0
861	2	0
862	1	0
863	4	0
864	3	0
865	1	0
866	6	0
867	1	0
868	2	0
869	3	0
870	3	0
871	5	0
872	2	0
873	0	0
874	3	0
875	4	0
876	7	0
877	5	0
878	1	0
879	6	0
880	4	0
881	3	0
882	5	0
883	4	0
884	2	0
885	5	0
886	6	0
887	3	0
888	2	0
889	4	0
890	2	0
891	5	0
892	0	0
893	4	0
894	4	0
895	4	0
896	4	0
897	2	0
898	2	0
899	2	0
900	2	0
901	4	0
902	1	0
903	3	0
904	2	0
905	2	0
906	1	0
907	2	0
908	4	0
909	2	0
910	1	0
911	2	0
912	1	0
913	1	0
914	6	0
915	1	0
916	4	0
917	2	0
918	2	0
919	2	0
920	3	0
921	0	0
922	4	0
923	2	0
924	1	0
925	2	0
926	1	0
927	2	0
928	3	0
929	1	0
930	0	0
931	0	0
932	1	0
933	3	0
934	4	0
935	0	0
936	4	0
937	6	0
938	3	0
939	1	0
940	2	0
941	1	0
942	2	0
943	1	0
944	1	0
945	3	0
946	1	0
947	2	0
948	0	0
949	0	0
950	1	0
951	3	0
952	2	0
953	1	0
954	5	0
955	3	0
956	3	0
957	3	0
958	1	0
959	1	0
960	1	0
961	4	0
962	2	0
963	3	0
964	1	0
965	1	0
966	2	0
967	6	0
968	2	0
969	2	0
970	1	0
971	1	0
972	4	0
973	1	0
974	1	0
975	5	0
976	0	0
977	3	0
978	1	0
979	1	0
980	5	0
981	3	0
982	3	0
983	3	0
984	2	0
985	2	0
986	3	0
987	3	0
988	5	0
989	2	0
990	0	0
991	4	0
992	2	0
993	2	0
994	1	0
995	4	0
996	3	0
997	1	0
998	0	0
999	1	0
1000	3	0
1001	3	0
1002	2	0
1003	3	0
1004	2	0
1005	5	0
1006	3	0
1007	0	0
1008	1	0
1009	2	0
1010	4	0
1011	0	0
1012	4	0
1013	1	0
1014	1	0
1015	0	0
1016	2	0
1017	0	0
1018	2	0
1019	3	0
1020	2	0
1021	1	0
1022	4	0
1023	1	0
1024	1	0
1025	1	0
1026	4	0
1027	2	0
1028	0	0
1029	0	0
1030	2	0
1031	1	0
1032	1	0
1033	1	0
1034	4	0
1035	1	0
1036	2	0
1037	3	0
1038	5	0
1039	2	0
1040	2	0
1041	1	0
1042	3	0
1043	0	0
1044	0	0
1045	2	0
1046	2	0
1047	4	0
1048	2	0
1049	4	0
1050	2	0
1051	1	0
1052	2	0
1053	2	0
1054	1	0
1055	2	0
1056	3	0
1057	3	0
1058	1	0
1059	1	0
1060	1	0
1061	2	0
1062	3	0
1063	3	0
1064	2	0
1065	0	0
1066	1	0
1067	0	0
1068	0	0
1069	1	0
1070	2	0
1071	2	0
1072	1	0
1073	3	0
1074	3	0
1075	1	0
1076	3	0
1077	3	0
1078	4	0
1079	3	0
1080	4	0
1081	5	0
1082	0	0
1083	2	0
1084	4	0
1085	0	0
1086	1	0
1087	3	0
1088	2	0
1089	3	0
1090	6	0
1091	3	0
1092	1	0
1093	2	0
1094	2	0
1095	1	0
1096	3	0
1097	3	0
1098	1	0
1099	3	0
1100	6	0
1101	2	0
1102	2	0
1103	3	0
1104	3	0
1105	0	0
1106	1	0
1107	2	0
1108	4	0
1109	4	0
1110	0	0
1111	2	0
1112	1	0
1113	6	0
1114	4	0
1115	2	0
1116	1	0
1117	3	0
1118	5	0
1119	3	0
1120	2	0
1121	1	0
1122	1	0
1123	4	0
1124	4	0
1125	2	0
1126	5	0
1127	2	0
1128	0	0
1129	6	0
1130	5	0
1131	2	0
1132	4	0
1133	2	0
1134	3	0
1135	2	0
1136	4	0
1137	3	0
1138	0	0
1139	2	0
1140	2	0
1141	2	0
1142	3	0
1143	2	0
1144	2	0
1145	1	0
1146	1	0
1147	1	0
1148	1	0
1149	0	0
1150	2	0
1151	3	0
1152	2	0
1153	2	0
1154	1	0
1155	3	0
1156	2	0
1157	2	0
1158	0	0
1159	2	0
1160	1	0
1161	1	0
1162	2	0
1163	4	0
1164	4	0
1165	1	0
1166	5	0
1167	2	0
1168	5	0
1169	3	0
1170	0	0
1171	4	0
1172	3	0
1173	0	0
1174	3	0
1175	0	0
1176	2	0
1177	1	0
1178	3	0
1179	0	0
1180	4	0
1181	0	0
1182	2	0
1183	1	0
1184	4	0
1185	3	0
1186	0	0
1187	2	0
1188	3	0
1189	2	0
1190	1	0
1191	2	0
1192	2	0
1193	2	0
1194	4	0
1195	0	0
1196	3	0
1197	2	0
1198	4	0
1199	1	0
1200	1	0
1201	3	0
1202	1	0
1203	1	0
1204	1	0
1205	2	0
1206	0	0
1207	1	0
1208	3	0
1209	0	0
1210	1	0
1211	0	0
1212	2	0
1213	0	0
1214	0	0
1215	0	0
1216	1	0
1217	0	0
1218	0	0
1219	0	0
1220	3	0
1221	0	0
1222	1	0
1223	0	0
1224	1	0
1225	3	0
1226	2	0
1227	1	0
1228	0	0
1229	2	0
1230	2	0
1231	3	0
1232	0	0
1233	1	0
1234	2	0
1235	2	0
1236	2	0
1237	0	0
1238	1	0
1239	2	0
1240	2	0
1241	3	0
1242	1	0
1243	2	0
1244	1	0
1245	4	0
1246	1	0
1247	1	0
1248	2	0
1249	2	0
1250	1	0
1251	2	0
1252	2	0
1253	0	0
1254	0	0
1255	0	0
1256	2	0
1257	3	0
1258	3	0
1259	3	0
1260	0	0
1261	0	0
1262	2	0
1263	1	0
1264	1	0
1265	1	0
1266	0	0
1267	0	0
1268	0	0
1269	2	0
1270	4	0
1271	0	0
1272	1	0
1273	1	0
1274	1	0
1275	1	0
1276	1	0
1277	3	0
1278	3	0
1279	2	0
1280	4	0
1281	0	0
1282	1	0
1283	3	0
1284	3	0
1285	0	0
1286	2	0
1287	2	0
1288	0	0
1289	3	0
1290	3	0
1291	1	0
1292	2	0
1293	1	0
1294	1	0
1295	0	0
1296	4	0
1297	4	0
1298	1	0
1299	2	0
1300	1	0
1301	1	0
1302	1	0
1303	3	0
1304	2	0
1305	1	0
1306	2	0
1307	3	0
1308	4	0
1309	3	0
1310	3	0
1311	2	0
1312	4	0
1313	4	0
1314	0	0
1315	4	0
1316	3	0
1317	2	0
1318	5	0
1319	2	0
1320	1	0
1321	3	0
1322	1	0
1323	3	0
1324	1	0
1325	4	0
1326	1	0
1327	1	0
1328	2	0
1329	1	0
1330	3	0
1331	2	0
1332	2	0
1333	0	0
1334	0	0
1335	0	0
1336	0	0
1337	2	0
1338	1	0
1339	1	0
1340	0	0
1341	1	0
1342	0	0
1343	0	0
1344	0	0
1345	0	0
1346	0	0
1347	1	0
1348	1	0
1349	0	0
1350	0	0
1351	1	0
1352	1	0
1353	0	0
1354	0	0
1355	1	0
1356	0	0
1357	0	0
1358	0	0
1359	0	0
1360	0	0
1361	1	0
1362	0	0
1363	0	0
1364	0	0
1365	0	0
1366	0	0
1367	0	0
1368	0	0
1369	0	0
1370	0	0
1371	0	0
1372	0	0
1373	0	0
1374	2	0
1375	1	0
1376	0	0
1377	0	0
1378	0	0
1379	0	0
1380	0	0
1381	0	0
1382	1	0
1383	0	0
1384	0	0
1385	0	0
1386	0	0
1387	0	0
1388	0	0
1389	1	0
1390	0	0
1391	2	0
1392	2	0
1393	0	0
1394	0	0
1395	0	0
1396	0	0
1397	0	0
1398	0	0
1399	0	0
1400	0	0
1401	1	0
1402	1	0
1403	0	0
1404	0	0
1405	2	0
1406	0	0
1407	0	0
1408	0	0
1409	0	0
1410	0	0
1411	0	0
1412	0	0
1413	0	0
1414	0	0
1415	1	0
1416	0	0
1417	0	0
1418	2	0
1419	0	0
1420	0	0
1421	1	0
1422	0	0
1423	0	0
1424	0	0
1425	0	0
1426	0	0
1427	0	0
1428	0	0
1429	1	0
1430	0	0
1431	0	0
1432	0	0
1433	1	0
1434	0	0
1435	0	0
1436	0	0
1437	1	0
1438	2	0
1439	1	0
1440	1	0
1441	0	0
1442	0	0
1443	0	0
1444	2	0
1445	2	0
1446	0	0
1447	0	0
1448	0	0
1449	0	0
1450	0	0
1451	0	0
1452	0	0
1453	2	0
1454	0	0
1455	0	0
1456	0	0
1457	0	0
1458	0	0
1459	0	0
1460	1	0
1461	0	0
1462	0	0
1463	0	0
1464	2	0
1465	0	0
1466	1	0
1467	0	0
1468	0	0
1469	0	0
1470	1	0
1471	1	0
1472	0	0
1473	0	0
1474	0	0
1475	1	0
1476	0	0
1477	0	0
1478	0	0
1479	0	0
1480	0	0
1481	0	0
1482	0	0
1483	0	0
1484	0	0
1485	0	0
1486	0	0
1487	0	0
1488	1	0
1489	0	0
1490	0	0
1491	2	0
1492	0	0
1493	0	0
1494	1	0
1495	1	0
1496	1	0
1497	0	0
1498	0	0
1499	0	0
1500	0	0
1501	0	0
1502	2	0
1503	1	0
1504	1	0
1505	1	0
1506	0	0
1507	0	0
1508	1	0
1509	0	0
1510	1	0
1511	1	0
1512	0	0
1513	0	0
1514	2	0
1515	0	0
1516	1	0
1517	1	0
1518	1	0
1519	0	0
1520	0	0
1521	1	0
1522	0	0
1523	0	0
1524	0	0
1525	0	0
1526	1	0
1527	0	0
1528	2	0
1529	1	0
1530	0	0
1531	2	0
1532	1	0
1533	1	0
1534	0	0
1535	1	0
1536	0	0
1537	1	0
1538	0	0
1539	1	0
1540	0	0
1541	0	0
1542	0	0
1543	1	0
1544	0	0
1545	0	0
1546	0	0
1547	1	0
1548	0	0
1549	0	0
1550	0	0
1551	1	0
1552	1	0
1553	0	0
1554	2	0
1555	0	0
1556	0	0
1557	0	0
1558	0	0
1559	1	0
1560	0	0
1561	0	0
1562	1	0
1563	0	0
1564	0	0
1565	2	0
1566	2	0
1567	0	0
1568	1	0
1569	0	0
1570	0	0
1571	1	0
1572	0	0
1573	0	0
1574	2	0
1575	1	0
1576	1	0
1577	0	0
1578	0	0
1579	0	0
1580	1	0
1581	0	0
1582	0	0
1583	0	0
1584	2	0
1585	0	0
1586	1	0
1587	0	0
1588	0	0
1589	0	0
1590	0	0
1591	1	0
1592	1	0
1593	0	0
1594	0	0
1595	1	0
1596	0	0
1597	0	0
1598	0	0
1599	0	0
1600	0	0
1601	0	0
1602	0	0
1603	1	0
1604	0	0
1605	0	0
1606	0	0
1607	2	0
1608	2	0
1609	0	0
1610	0	0
1611	0	0
1612	0	0
1613	0	0
1614	0	0
1615	0	0
1616	0	0
1617	0	0
1618	0	0
1619	0	0
1620	1	0
1621	0	0
1622	3	0
1623	0	0
1624	0	0
1625	0	0
1626	0	0
1627	0	0
1628	0	0
1629	0	0
1630	0	0
1631	1	0
1632	1	0
1633	1	0
1634	1	0
1635	1	0
1636	2	0
1637	2	0
1638	1	0
1639	0	0
1640	1	0
1641	2	0
1642	1	0
1643	0	0
1644	1	0
1645	0	0
1646	1	0
1647	0	0
1648	2	0
1649	1	0
1650	1	0
1651	1	0
1652	1	0
1653	0	0
1654	0	0
1655	2	0
1656	1	0
1657	0	0
1658	1	0
1659	1	0
1660	0	0
1661	0	0
1662	0	0
1663	0	0
1664	0	0
1665	0	0
1666	0	0
1667	1	0
1668	0	0
1669	0	0
1670	0	0
1671	0	0
1672	1	0
1673	0	0
1674	2	0
1675	0	0
1676	0	0
1677	0	0
1678	0	0
1679	0	0
1680	0	0
1681	1	0
1682	1	0
1683	0	0
1684	0	0
1685	0	0
1686	0	0
1687	1	0
1688	0	0
1689	0	0
1690	0	0
1691	1	0
1692	0	0
1693	0	0
1694	1	0
1695	1	0
1696	1	0
1697	0	0
1698	0	0
1699	0	0
1700	0	0
1701	0	0
1702	1	0
1703	1	0
1704	0	0
1705	0	0
1706	0	0
1707	0	0
1708	0	0
1709	0	0
1710	1	0
1711	1	0
1712	1	0
1713	1	0
1714	1	0
1715	0	0
1716	0	0
1717	0	0
1718	0	0
1719	0	0
1720	0	0
1721	2	0
1722	0	0
1723	0	0
1724	0	0
1725	1	0
1726	0	0
1727	1	0
1728	1	0
1729	0	0
1730	0	0
1731	0	0
1732	1	0
1733	0	0
1734	1	0
1735	0	0
1736	0	0
1737	0	0
1738	0	0
1739	0	0
1740	0	0
1741	1	0
1742	0	0
1743	0	0
1744	0	0
1745	0	0
1746	0	0
1747	0	0
1748	2	0
1749	1	0
1750	0	0
1751	0	0
1752	1	0
1753	1	0
1754	0	0
1755	1	0
1756	0	0
1757	0	0
1758	1	0
1759	0	0
1760	0	0
1761	1	0
1762	0	0
1763	0	0
1764	1	0
1765	0	0
1766	0	0
1767	0	0
1768	0	0
1769	0	0
1770	1	0
1771	1	0
1772	1	0
1773	0	0
1774	1	0
1775	1	0
1776	0	0
1777	0	0
1778	1	0
1779	0	0
1780	0	0
1781	0	0
1782	0	0
1783	1	0
1784	1	0
1785	0	0
1786	1	0
1787	0	0
1788	1	0
1789	1	0
1790	0	0
1791	0	0
1792	0	0
1793	0	0
1794	0	0
1795	1	0
1796	0	0
1797	1	0
1798	1	0
1799	0	0
1800	0	0
1801	0	0
1802	0	0
1803	0	0
1804	1	0
1805	0	0
1806	0	0
1807	0	0
1808	1	0
1809	1	0
1810	1	0
1811	2	0
1812	0	0
1813	0	0
1814	0	0
1815	0	0
1816	1	0
1817	0	0
1818	0	0
1819	0	0
1820	1	0
1821	0	0
1822	0	0
1823	1	0
1824	1	0
1825	0	0
1826	1	0
1827	0	0
1828	1	0
1829	0	0
1830	0	0
1831	2	0
1832	0	0
1833	0	0
1834	0	0
1835	0	0
1836	1	0
1837	0	0
1838	0	0
1839	2	0
1840	0	0
1841	0	0
1842	0	0
1843	0	0
1844	1	0
1845	0	0
1846	1	0
1847	0	0
1848	1	0
1849	1	0
1850	1	0
1851	0	0
1852	1	0
1853	0	0
1854	0	0
1855	0	0
1856	0	0
1857	0	0
1858	2	0
1859	1	0
1860	2	0
1861	1	0
1862	0	0
1863	1	0
1864	0	0
1865	1	0
1866	0	0
1867	0	0
1868	0	0
1869	0	0
1870	1	0
1871	0	0
1872	1	0
1873	0	0
1874	0	0
1875	1	0
1876	0	0
1877	0	0
1878	0	0
1879	1	0
1880	1	0
1881	0	0
1882	2	0
1883	0	0
1884	1	0
1885	1	0
1886	1	0
1887	1	0
1888	0	0
1889	1	0
1890	1	0
1891	2	0
1892	1	0
1893	0	0
1894	2	0
1895	0	0
1896	0	0
1897	1	0
1898	0	0
1899	2	0
1900	0	0
1901	2	0
1902	0	0
1903	0	0
1904	0	0
1905	1	0
1906	1	0
1907	1	0
1908	1	0
1909	0	0
1910	0	0
1911	0	0
1912	2	0
1913	3	0
1914	1	0
1915	0	0
1916	2	0
1917	0	0
1918	1	0
1919	0	0
1920	1	0
1921	1	0
1922	3	0
1923	0	0
1924	0	0
1925	1	0
1926	1	0
1927	0	0
1928	0	0
1929	0	0
1930	1	0
1931	1	0
1932	0	0
1933	0	0
1934	0	0
1935	0	0
1936	0	0
1937	0	0
1938	0	0
1939	0	0
1940	0	0
1941	0	0
1942	0	0
1943	0	0
1944	1	0
1945	0	0
1946	1	0
1947	0	0
1948	0	0
1949	0	0
1950	0	0
1951	1	0
1952	0	0
1953	0	0
1954	0	0
1955	0	0
1956	0	0
1957	1	0
1958	0	0
1959	0	0
1960	0	0
1961	0	0
1962	0	0
1963	0	0
1964	0	0
1965	0	0
1966	0	0
1967	0	0
1968	0	0
1969	0	0
1970	0	0
1971	0	0
1972	0	0
1973	0	0
1974	0	0
1975	1	0
1976	0	0
1977	0	0
1978	0	0
1979	0	0
1980	0	0
1981	0	0
1982	1	0
1983	0	0
1984	0	0
1985	0	0
1986	0	0
1987	0	0
1988	0	0
1989	0	0
1990	0	0
1991	0	0
1992	0	0
1993	0	0
1994	0	0
1995	0	0
1996	0	0
1997	0	0
1998	1	0
1999	0	0
2000	0	0
2001	0	0
2002	0	0
2003	1	0
2004	0	0
2005	0	0
2006	1	0
2007	0	0
2008	0	0
2009	1	0
2010	1	0
2011	1	0
2012	0	0
2013	0	0
2014	0	0
2015	0	0
2016	0	0
2017	0	0
2018	1	0
2019	2	0
2020	0	0
2021	0	0
2022	0	0
2023	0	0
2024	0	0
2025	0	0
2026	0	0
2027	0	0
2028	0	0
2029	0	0
2030	0	0
2031	0	0
2032	0	0
2033	0	0
2034	0	0
2035	0	0
2036	1	0
2037	0	0
2038	0	0
2039	0	0
2040	0	0
2041	0	0
2042	0	0
2043	0	0
2044	0	0
2045	0	0
2046	2	0
2047	0	0
2048	0	0
2049	0	0
2050	0	0
2051	0	0
2052	0	0
2053	1	0
2054	0	0
2055	1	0
2056	0	0
2057	0	0
2058	1	0
2059	1	0
2060	0	0
2061	0	0
2062	0	0
2063	0	0
2064	0	0
2065	0	0
2066	0	0
2067	0	0
2068	0	0
2069	0	0
2070	1	0
2071	0	0
2072	0	0
2073	0	0
2074	0	0
2075	1	0
2076	1	0
2077	1	0
2078	0	0
2079	0	0
2080	0	0
2081	0	0
2082	0	0
2083	1	0
2084	0	0
2085	0	0
2086	0	0
2087	0	0
2088	0	0
2089	0	0
2090	0	0
2091	0	0
2092	0	0
2093	2	0
2094	0	0
2095	0	0
2096	0	0
2097	1	0
2098	1	0
2099	0	0
2100	0	0
2101	0	0
2102	0	0
2103	0	0
2104	1	0
2105	0	0
2106	0	0
2107	0	0
2108	0	0
2109	0	0
2110	1	0
2111	0	0
2112	1	0
2113	0	0
2114	0	0
2115	1	0
2116	0	0
2117	0	0
2118	1	0
2119	0	0
2120	0	0
2121	0	0
2122	1	0
2123	0	0
2124	0	0
2125	0	0
2126	0	0
2127	0	0
2128	0	0
2129	0	0
2130	0	0
2131	0	0
2132	0	0
2133	0	0
2134	0	0
2135	0	0
2136	0	0
2137	0	0
2138	0	0
2139	1	0
2140	0	0
2141	1	0
2142	0	0
2143	0	0
2144	1	0
2145	0	0
2146	0	0
2147	0	0
2148	1	0
2149	0	0
2150	1	0
2151	0	0
2152	0	0
2153	0	0
2154	0	0
2155	0	0
2156	0	0
2157	0	0
2158	0	0
2159	0	0
2160	0	0
2161	0	0
2162	0	0
2163	0	0
2164	0	0
2165	0	0
2166	0	0
2167	0	0
2168	0	0
2169	0	0
2170	0	0
2171	0	0
2172	0	0
2173	1	0
2174	1	0
2175	1	0
2176	0	0
2177	0	0
2178	0	0
2179	0	0
2180	0	0
2181	0	0
2182	0	0
2183	0	0
2184	0	0
2185	0	0
2186	1	0
2187	0	0
2188	0	0
2189	0	0
2190	1	0
2191	0	0
2192	0	0
2193	0	0
2194	0	0
2195	0	0
2196	0	0
2197	0	0
2198	1	0
2199	0	0
2200	1	0
2201	0	0
2202	0	0
2203	0	0
2204	0	0
2205	0	0
2206	1	0
2207	0	0
2208	0	0
2209	0	0
2210	0	0
2211	0	0
2212	0	0
2213	0	0
2214	0	0
2215	0	0
2216	0	0
2217	0	0
2218	0	0
2219	1	0
2220	0	0
2221	0	0
2222	0	0
2223	0	0
2224	0	0
2225	0	0
2226	0	0
2227	0	0
2228	0	0
2229	0	0
2230	0	0
2231	0	0
2232	1	0
2233	1	0
2234	0	0
2235	0	0
2236	0	0
2237	1	0
2238	0	0
2239	2	0
2240	0	0
2241	0	0
2242	0	0
2243	0	0
2244	1	0
2245	1	0
2246	0	0
2247	0	0
2248	0	0
2249	0	0
2250	0	0
2251	0	0
2252	0	0
2253	0	0
2254	0	0
2255	0	0
2256	0	0
2257	0	0
2258	0	0
2259	1	0
2260	0	0
2261	0	0
2262	0	0
2263	0	0
2264	0	0
2265	0	0
2266	0	0
2267	0	0
2268	0	0
2269	0	0
2270	0	0
2271	0	0
2272	0	0
2273	0	0
2274	0	0
2275	0	0
2276	1	0
2277	0	0
2278	0	0
2279	1	0
2280	0	0
2281	0	0
2282	0	0
2283	0	0
2284	0	0
2285	0	0
2286	0	0
2287	0	0
2288	0	0
2289	1	0
2290	0	0
2291	0	0
2292	0	0
2293	0	0
2294	0	0
2295	0	0
2296	0	0
2297	0	0
2298	0	0
2299	0	0
2300	0	0
2301	1	0
2302	0	0
2303	0	0
2304	0	0
2305	0	0
2306	2	0
2307	0	0
2308	0	0
2309	0	0
2310	0	0
2311	0	0
2312	0	0
2313	0	0
2314	1	0
2315	0	0
2316	0	0
2317	0	0
2318	0	0
2319	0	0
2320	0	0
2321	0	0
2322	0	0
2323	1	0
2324	0	0
2325	0	0
2326	0	0
2327	1	0
2328	0	0
2329	1	0
2330	0	0
2331	0	0
2332	2	0
2333	2	0
2334	0	0
2335	0	0
2336	0	0
2337	0	0
2338	0	0
2339	0	0
2340	1	0
2341	0	0
2342	1	0
2343	0	0
2344	0	0
2345	0	0
2346	0	0
2347	0	0
2348	1	0
2349	0	0
2350	0	0
2351	0	0
2352	0	0
2353	0	0
2354	0	0
2355	0	0
2356	0	0
2357	0	0
2358	0	0
2359	1	0
2360	0	0
2361	1	0
2362	0	0
2363	0	0
2364	0	0
2365	0	0
2366	0	0
2367	0	0
2368	0	0
2369	0	0
2370	0	0
2371	1	0
2372	0	0
2373	1	0
2374	0	0
2375	0	0
2376	0	0
2377	0	0
2378	0	0
2379	0	0
2380	0	0
2381	1	0
2382	0	0
2383	1	0
2384	0	0
2385	0	0
2386	0	0
2387	0	0
2388	0	0
2389	0	0
2390	0	0
2391	0	0
2392	0	0
2393	0	0
2394	0	0
2395	1	0
2396	0	0
2397	0	0
2398	0	0
2399	2	0
2400	1	0
2401	0	0
2402	0	0
2403	0	0
2404	0	0
2405	0	0
2406	0	0
2407	0	0
2408	0	0
2409	0	0
2410	2	0
2411	0	0
2412	0	0
2413	0	0
2414	0	0
2415	0	0
2416	0	0
2417	0	0
2418	0	0
2419	0	0
2420	0	0
2421	0	0
2422	0	0
2423	0	0
2424	0	0
2425	0	0
2426	0	0
2427	0	0
2428	0	0
2429	1	0
2430	1	0
2431	2	0
2432	0	0
2433	0	0
2434	0	0
2435	0	0
2436	0	0
2437	0	0
2438	0	0
2439	0	0
2440	0	0
2441	0	0
2442	0	0
2443	1	0
2444	0	0
2445	0	0
2446	0	0
2447	0	0
2448	0	0
2449	0	0
2450	0	0
2451	0	0
2452	0	0
2453	0	0
2454	1	0
2455	0	0
2456	0	0
2457	0	0
2458	0	0
2459	0	0
2460	1	0
2461	0	0
2462	0	0
2463	0	0
2464	0	0
2465	0	0
2466	1	0
2467	0	0
2468	0	0
2469	0	0
2470	0	0
2471	0	0
2472	0	0
2473	0	0
2474	0	0
2475	1	0
2476	1	0
2477	0	0
2478	1	0
2479	0	0
2480	0	0
2481	0	0
2482	0	0
2483	0	0
2484	1	0
2485	0	0
2486	0	0
2487	0	0
2488	0	0
2489	1	0
2490	0	0
2491	0	0
2492	0	0
2493	1	0
2494	1	0
2495	0	0
2496	0	0
2497	0	0
2498	0	0
2499	1	0
2500	0	0
2501	0	0
2502	2	0
2503	0	0
2504	0	0
2505	0	0
2506	0	0
2507	0	0
2508	1	0
2509	0	0
2510	0	0
2511	0	0
2512	1	0
2513	1	0
2514	0	0
2515	1	0
2516	0	0
2517	0	0
2518	0	0
2519	0	0
2520	0	0
2521	0	0
2522	0	0
2523	0	0
2524	1	0
2525	0	0
2526	0	0
2527	0	0
2528	1	0
2529	1	0
2530	0	0
2531	0	0
2532	0	0
2533	0	0
2534	0	0
2535	0	0
2536	0	0
2537	0	0
2538	0	0
2539	1	0
2540	0	0
2541	0	0
2542	1	0
2543	0	0
2544	0	0
2545	0	0
2546	0	0
2547	0	0
2548	0	0
2549	0	0
2550	0	0
2551	0	0
2552	0	0
2553	0	0
2554	0	0
2555	0	0
2556	0	0
2557	0	0
2558	0	0
2559	0	0
2560	0	0
2561	1	0
2562	1	0
2563	0	0
2564	1	0
2565	0	0
2566	0	0
2567	0	0
2568	0	0
2569	0	0
2570	1	0
2571	0	0
2572	0	0
2573	0	0
2574	1	0
2575	0	0
2576	1	0
2577	0	0
2578	0	0
2579	1	0
2580	0	0
2581	0	0
2582	1	0
2583	0	0
2584	0	0
2585	2	0
2586	0	0
2587	0	0
2588	2	0
2589	1	0
2590	0	0
2591	2	0
2592	0	0
2593	0	0
2594	0	0
2595	1	0
2596	0	0
2597	1	0
2598	0	0
2599	0	0
2600	0	0
2601	0	0
2602	0	0
2603	0	0
2604	1	0
2605	0	0
2606	0	0
2607	0	0
2608	2	0
2609	2	0
2610	0	0
2611	0	0
2612	0	0
2613	1	0
2614	0	0
2615	0	0
2616	0	0
2617	0	0
2618	0	0
2619	0	0
2620	1	0
2621	0	0
2622	1	0
2623	0	0
2624	1	0
2625	1	0
2626	1	0
2627	0	0
2628	0	0
2629	0	0
2630	0	0
2631	1	0
2632	0	0
2633	0	0
2634	1	0
2635	0	0
2636	2	0
2637	0	0
2638	0	0
2639	1	0
2640	0	0
2641	0	0
2642	0	0
2643	1	0
2644	1	0
2645	1	0
2646	1	0
2647	0	0
2648	0	0
2649	0	0
2650	0	0
2651	0	0
2652	0	0
2653	0	0
2654	1	0
2655	0	0
2656	1	0
2657	0	0
2658	0	0
2659	1	0
2660	0	0
2661	0	0
2662	0	0
2663	0	0
2664	0	0
2665	0	0
2666	1	0
2667	0	0
2668	1	0
2669	1	0
2670	1	0
2671	0	0
2672	0	0
2673	0	0
2674	0	0
2675	0	0
2676	3	0
2677	1	0
2678	0	0
2679	0	0
2680	0	0
2681	1	0
2682	0	0
2683	0	0
2684	0	0
2685	3	0
2686	2	0
2687	0	0
2688	0	0
2689	1	0
2690	1	0
2691	1	0
2692	1	0
2693	0	0
2694	0	0
2695	2	0
2696	0	0
2697	0	0
2698	0	0
2699	0	0
2700	1	0
2701	1	0
2702	1	0
2703	2	0
2704	0	0
2705	0	0
2706	0	0
2707	1	0
2708	2	0
2709	0	0
2710	0	0
2711	0	0
2712	2	0
2713	0	0
2714	0	0
2715	0	0
2716	1	0
2717	1	0
2718	0	0
2719	0	0
2720	0	0
2721	0	0
2722	1	0
2723	0	0
2724	2	0
2725	0	0
2726	0	0
2727	1	0
2728	0	0
2729	0	0
2730	0	0
2731	0	0
2732	1	0
2733	0	0
2734	0	0
2735	0	0
2736	0	0
2737	0	0
2738	0	0
2739	0	0
2740	0	0
2741	0	0
2742	1	0
2743	0	0
2744	0	0
2745	0	0
2746	0	0
2747	0	0
2748	1	0
2749	1	0
2750	1	0
2751	0	0
2752	1	0
2753	0	0
2754	0	0
2755	0	0
2756	0	0
2757	0	0
2758	0	0
2759	0	0
2760	0	0
2761	0	0
2762	0	0
2763	0	0
2764	0	0
2765	0	0
2766	1	0
2767	0	0
2768	0	0
2769	0	0
2770	0	0
2771	0	0
2772	0	0
2773	0	0
2774	0	0
2775	0	0
2776	0	0
2777	0	0
2778	1	0
2779	0	0
2780	0	0
2781	0	0
2782	0	0
2783	0	0
2784	0	0
2785	0	0
2786	0	0
2787	0	0
2788	0	0
2789	0	0
2790	0	0
2791	0	0
2792	0	0
2793	0	0
2794	0	0
2795	0	0
2796	0	0
2797	0	0
2798	0	0
2799	0	0
2800	0	0
2801	0	0
2802	0	0
2803	0	0
2804	0	0
2805	0	0
2806	0	0
2807	1	0
2808	0	0
2809	0	0
2810	0	0
2811	0	0
2812	0	0
2813	0	0
2814	1	0
2815	1	0
2816	1	0
2817	0	0
2818	0	0
2819	0	0
2820	0	0
2821	0	0
2822	1	0
2823	0	0
2824	0	0
2825	1	0
2826	1	0
2827	0	0
2828	0	0
2829	0	0
2830	0	0
2831	0	0
2832	0	0
2833	0	0
2834	0	0
2835	0	0
2836	1	0
2837	0	0
2838	1	0
2839	0	0
2840	0	0
2841	0	0
2842	0	0
2843	0	0
2844	0	0
2845	0	0
2846	0	0
2847	0	0
2848	0	0
2849	0	0
2850	0	0
2851	0	0
2852	0	0
2853	0	0
2854	0	0
2855	1	0
2856	0	0
2857	0	0
2858	0	0
2859	2	0
2860	0	0
2861	0	0
2862	0	0
2863	0	0
2864	0	0
2865	0	0
2866	1	0
2867	0	0
2868	0	0
2869	1	0
2870	0	0
2871	0	0
2872	1	0
2873	0	0
2874	0	0
2875	0	0
2876	0	0
2877	0	0
2878	0	0
2879	0	0
2880	0	0
2881	0	0
2882	0	0
2883	0	0
2884	0	0
2885	0	0
2886	0	0
2887	0	0
2888	0	0
2889	0	0
2890	0	0
2891	0	0
2892	0	0
2893	1	0
2894	0	0
2895	0	0
2896	0	0
2897	0	0
2898	0	0
2899	1	0
2900	0	0
2901	0	0
2902	0	0
2903	1	0
2904	0	0
2905	0	0
2906	1	0
2907	0	0
2908	0	0
2909	0	0
2910	0	0
2911	0	0
2912	0	0
2913	0	0
2914	0	0
2915	0	0
2916	0	0
2917	0	0
2918	0	0
2919	0	0
2920	0	0
2921	0	0
2922	0	0
2923	0	0
2924	1	0
2925	0	0
2926	0	0
2927	0	0
2928	0	0
2929	0	0
2930	0	0
2931	1	0
2932	0	0
2933	1	0
2934	0	0
2935	0	0
2936	0	0
2937	0	0
2938	0	0
2939	0	0
2940	0	0
2941	1	0
2942	0	0
2943	0	0
2944	0	0
2945	0	0
2946	0	0
2947	0	0
2948	0	0
2949	0	0
2950	2	0
2951	0	0
2952	1	0
2953	0	0
2954	0	0
2955	0	0
2956	0	0
2957	0	0
2958	0	0
2959	0	0
2960	0	0
2961	0	0
2962	0	0
2963	0	0
2964	0	0
2965	0	0
2966	0	0
2967	0	0
2968	0	0
2969	0	0
2970	0	0
2971	0	0
2972	0	0
2973	0	0
2974	0	0
2975	0	0
2976	0	0
2977	0	0
2978	0	0
2979	0	0
2980	1	0
2981	0	0
2982	0	0
2983	1	0
2984	0	0
2985	0	0
2986	0	0
2987	0	0
2988	0	0
2989	0	0
2990	0	0
2991	0	0
2992	0	0
2993	0	0
2994	0	0
2995	1	0
2996	1	0
2997	0	0
2998	0	0
2999	0	0
3000	0	0
3001	0	0
3002	0	0
3003	0	0
3004	0	0
3005	0	0
3006	0	0
3007	0	0
3008	1	0
3009	0	0
3010	0	0
3011	0	0
3012	1	0
3013	0	0
3014	0	0
3015	0	0
3016	0	0
3017	0	0
3018	0	0
3019	0	0
3020	0	0
3021	0	0
3022	0	0
3023	1	0
3024	0	0
3025	0	0
3026	0	0
3027	0	0
3028	0	0
3029	0	0
3030	0	0
3031	0	0
3032	0	0
3033	0	0
3034	1	0
3035	1	0
3036	0	0
3037	0	0
3038	0	0
3039	0	0
3040	0	0
3041	0	0
3042	0	0
3043	0	0
3044	0	0
3045	0	0
3046	1	0
3047	0	0
3048	0	0
3049	0	0
3050	0	0
3051	0	0
3052	0	0
3053	0	0
3054	0	0
3055	0	0
3056	0	0
3057	0	0
3058	1	0
3059	0	0
3060	0	0
3061	0	0
3062	0	0
3063	1	0
3064	0	0
3065	1	0
3066	0	0
3067	0	0
3068	0	0
3069	0	0
3070	0	0
3071	0	0
3072	0	0
3073	0	0
3074	0	0
3075	0	0
3076	0	0
3077	0	0
3078	0	0
3079	1	0
3080	0	0
3081	0	0
3082	0	0
3083	0	0
3084	0	0
3085	1	0
3086	0	0
3087	0	0
3088	0	0
3089	0	0
3090	0	0
3091	0	0
3092	0	0
3093	0	0
3094	0	0
3095	0	0
3096	0	0
3097	0	0
3098	0	0
3099	1	0
3100	0	0
3101	0	0
3102	0	0
3103	0	0
3104	1	0
3105	0	0
3106	0	0
3107	0	0
3108	0	0
3109	0	0
3110	0	0
3111	0	0
3112	0	0
3113	0	0
3114	0	0
3115	0	0
3116	0	0
3117	0	0
3118	0	0
3119	1	0
3120	0	0
3121	0	0
3122	1	0
3123	1	0
3124	0	0
3125	0	0
3126	0	0
3127	0	0
3128	0	0
3129	0	0
3130	0	0
3131	0	0
3132	0	0
3133	1	0
3134	0	0
3135	0	0
3136	0	0
3137	0	0
3138	0	0
3139	0	0
3140	0	0
3141	1	0
3142	0	0
3143	0	0
3144	0	0
3145	1	0
3146	0	0
3147	1	0
3148	0	0
3149	0	0
3150	0	0
3151	0	0
3152	0	0
3153	0	0
3154	0	0
3155	0	0
3156	0	0
3157	0	0
3158	1	0
3159	0	0
3160	0	0
3161	0	0
3162	0	0
3163	0	0
3164	0	0
3165	1	0
3166	0	0
3167	0	0
3168	0	0
3169	0	0
3170	0	0
3171	0	0
3172	0	0
3173	1	0
3174	0	0
3175	0	0
3176	0	0
3177	0	0
3178	0	0
3179	0	0
3180	1	0
3181	0	0
3182	0	0
3183	0	0
3184	0	0
3185	0	0
3186	0	0
3187	0	0
3188	0	0
3189	0	0
3190	0	0
3191	0	0
3192	1	0
3193	0	0
3194	0	0
3195	0	0
3196	0	0
3197	0	0
3198	0	0
3199	0	0
3200	0	0
3201	0	0
3202	1	0
3203	0	0
3204	0	0
3205	0	0
3206	1	0
3207	0	0
3208	1	0
3209	0	0
3210	0	0
3211	0	0
3212	0	0
3213	0	0
3214	1	0
3215	0	0
3216	0	0
3217	0	0
3218	1	0
3219	0	0
3220	0	0
3221	0	0
3222	0	0
3223	0	0
3224	0	0
3225	0	0
3226	1	0
3227	0	0
3228	0	0
3229	0	0
3230	0	0
3231	0	0
3232	0	0
3233	0	0
3234	1	0
3235	0	0
3236	0	0
3237	0	0
3238	0	0
3239	0	0
3240	0	0
3241	1	0
3242	0	0
3243	0	0
3244	2	0
3245	0	0
3246	0	0
3247	0	0
3248	0	0
3249	1	0
3250	1	0
3251	0	0
3252	0	0
3253	0	0
3254	0	0
3255	0	0
3256	0	0
3257	1	0
3258	0	0
3259	0	0
3260	0	0
3261	0	0
3262	0	0
3263	0	0
3264	1	0
3265	0	0
3266	1	0
3267	0	0
3268	0	0
3269	1	0
3270	0	0
3271	1	0
3272	0	0
3273	1	0
3274	0	0
3275	0	0
3276	0	0
3277	1	0
3278	0	0
3279	0	0
3280	0	0
3281	0	0
3282	0	0
3283	1	0
3284	0	0
3285	0	0
3286	0	0
3287	0	0
3288	0	0
3289	0	0
3290	0	0
3291	0	0
3292	0	0
3293	0	0
3294	1	0
3295	0	0
3296	0	0
3297	1	0
3298	0	0
3299	0	0
3300	0	0
3301	0	0
3302	0	0
3303	0	0
3304	0	0
3305	0	0
3306	1	0
3307	0	0
3308	0	0
3309	0	0
3310	0	0
3311	0	0
3312	0	0
3313	1	0
3314	0	0
3315	1	0
3316	0	0
3317	0	0
3318	0	0
3319	0	0
3320	0	0
3321	0	0
3322	0	0
3323	1	0
3324	0	0
3325	0	0
3326	1	0
3327	0	0
3328	1	0
3329	0	0
3330	0	0
3331	0	0
3332	0	0
3333	0	0
3334	1	0
3335	0	0
3336	0	0
3337	0	0
3338	0	0
3339	0	0
3340	0	0
3341	0	0
3342	0	0
3343	1	0
3344	0	0
3345	0	0
3346	1	0
3347	0	0
3348	1	0
3349	0	0
3350	1	0
3351	1	0
3352	0	0
3353	0	0
3354	0	0
3355	1	0
3356	1	0
3357	1	0
3358	1	0
3359	0	0
3360	0	0
3361	1	0
3362	0	0
3363	1	0
3364	1	0
3365	0	0
3366	0	0
3367	0	0
3368	0	0
3369	0	0
3370	1	0
3371	0	0
3372	0	0
3373	0	0
3374	0	0
3375	0	0
3376	0	0
3377	0	0
3378	0	0
3379	2	0
3380	0	0
3381	0	0
3382	0	0
3383	1	0
3384	0	0
3385	0	0
3386	1	0
3387	0	0
3388	0	0
3389	0	0
3390	0	0
3391	1	0
3392	1	0
3393	0	0
3394	0	0
3395	0	0
3396	0	0
3397	0	0
3398	0	0
3399	0	0
3400	2	0
3401	2	0
3402	1	0
3403	1	0
3404	1	0
3405	0	0
3406	1	0
3407	0	0
3408	0	0
3409	0	0
3410	0	0
3411	0	0
3412	1	0
3413	0	0
3414	1	0
3415	1	0
3416	0	0
3417	0	0
3418	1	0
3419	0	0
3420	1	0
3421	0	0
3422	0	0
3423	0	0
3424	0	0
3425	0	0
3426	0	0
3427	0	0
3428	0	0
3429	0	0
3430	0	0
3431	1	0
3432	0	0
3433	0	0
3434	0	0
3435	0	0
3436	0	0
3437	0	0
3438	0	0
3439	0	0
3440	0	0
3441	0	0
3442	0	0
3443	0	0
3444	0	0
3445	0	0
3446	1	0
3447	0	0
3448	0	0
3449	0	0
3450	0	0
3451	0	0
3452	0	0
3453	0	0
3454	0	0
3455	0	0
3456	0	0
3457	0	0
3458	0	0
3459	2	0
3460	0	0
3461	0	0
3462	0	0
3463	0	0
3464	0	0
3465	0	0
3466	0	0
3467	0	0
3468	0	0
3469	0	0
3470	0	0
3471	0	0
3472	0	0
3473	0	0
3474	0	0
3475	0	0
3476	0	0
3477	1	0
3478	0	0
3479	0	0
3480	0	0
3481	0	0
3482	0	0
3483	0	0
3484	0	0
3485	0	0
3486	0	0
3487	0	0
3488	0	0
3489	0	0
3490	0	0
3491	0	0
3492	0	0
3493	0	0
3494	0	0
3495	0	0
3496	0	0
3497	0	0
3498	0	0
3499	0	0
3500	0	0
3501	0	0
3502	1	0
3503	0	0
3504	0	0
3505	0	0
3506	0	0
3507	0	0
3508	0	0
3509	0	0
3510	0	0
3511	0	0
3512	0	0
3513	0	0
3514	0	0
3515	0	0
3516	0	0
3517	0	0
3518	0	0
3519	0	0
3520	0	0
3521	0	0
3522	0	0
3523	0	0
3524	0	0
3525	0	0
3526	0	0
3527	0	0
3528	0	0
3529	0	0
3530	0	0
3531	0	0
3532	1	0
3533	0	0
3534	0	0
3535	0	0
3536	0	0
3537	0	0
3538	0	0
3539	0	0
3540	0	0
3541	0	0
3542	0	0
3543	0	0
3544	0	0
3545	0	0
3546	0	0
3547	0	0
3548	0	0
3549	0	0
3550	0	0
3551	0	0
3552	0	0
3553	0	0
3554	0	0
3555	0	0
3556	0	0
3557	0	0
3558	0	0
3559	0	0
3560	0	0
3561	0	0
3562	0	0
3563	0	0
3564	0	0
3565	0	0
3566	0	0
3567	0	0
3568	0	0
3569	0	0
3570	0	0
3571	0	0
3572	0	0
3573	0	0
3574	0	0
3575	0	0
3576	0	0
3577	0	0
3578	0	0
3579	0	0
3580	0	0
3581	0	0
3582	0	0
3583	0	0
3584	0	0
3585	0	0
3586	0	0
3587	0	0
3588	0	0
3589	0	0
3590	0	0
3591	0	0
3592	0	0
3593	0	0
3594	0	0
3595	0	0
3596	0	0
3597	0	0
3598	0	0
3599	0	0
3600	0	0
3601	0	0
3602	0	0
3603	0	0
3604	0	0
3605	0	0
3606	0	0
3607	0	0
3608	0	0
3609	0	0
3610	0	0
3611	0	0
3612	0	0
3613	0	0
3614	0	0
3615	0	0
3616	0	0
3617	0	0
3618	0	0
3619	0	0
3620	0	0
3621	0	0
3622	0	0
3623	0	0
3624	0	0
3625	0	0
3626	0	0
3627	0	0
3628	0	0
3629	0	0
3630	0	0
3631	0	0
3632	0	0
3633	0	0
3634	0	0
3635	0	0
3636	0	0
3637	0	0
3638	0	0
3639	0	0
3640	0	0
3641	0	0
3642	0	0
3643	0	0
3644	0	0
3645	0	0
3646	0	0
3647	0	0
3648	0	0
3649	0	0
3650	0	0
3651	0	0
3652	0	0
3653	0	0
3654	0	0
3655	0	0
3656	0	0
3657	0	0
3658	0	0
3659	0	0
3660	0	0
3661	0	0
3662	0	0
3663	0	0
3664	0	0
3665	0	0
3666	0	0
3667	0	0
3668	0	0
3669	0	0
3670	0	0
3671	0	0
3672	0	0
3673	0	0
3674	0	0
3675	0	0
3676	0	0
3677	0	0
3678	0	0
3679	0	0
3680	0	0
3681	0	0
3682	0	0
3683	0	0
3684	0	0
3685	0	0
3686	0	0
3687	0	0
3688	0	0
3689	0	0
3690	0	0
3691	0	0
3692	0	0
3693	0	0
3694	0	0
3695	0	0
3696	0	0
3697	0	0
3698	1	0
3699	0	0
3700	0	0
3701	0	0
3702	0	0
3703	0	0
3704	0	0
3705	0	0
3706	0	0
3707	0	0
3708	0	0
3709	0	0
3710	0	0
3711	0	0
3712	0	0
3713	0	0
3714	0	0
3715	0	0
3716	0	0
3717	0	0
3718	0	0
3719	0	0
3720	0	0
3721	0	0
3722	0	0
3723	0	0
3724	0	0
3725	0	0
3726	0	0
3727	0	0
3728	0	0
3729	0	0
3730	0	0
3731	0	0
3732	0	0
3733	0	0
3734	0	0
3735	0	0
3736	0	0
3737	0	0
3738	0	0
3739	0	0
3740	0	0
3741	0	0
3742	0	0
3743	0	0
3744	0	0
3745	0	0
3746	0	0
3747	0	0
3748	0	0
3749	0	0
3750	0	0
3751	0	0
3752	0	0
3753	0	0
3754	0	0
3755	0	0
3756	0	0
3757	0	0
3758	0	0
3759	0	0
3760	0	0
3761	0	0
3762	0	0
3763	0	0
3764	0	0
3765	0	0
3766	0	0
3767	0	0
3768	0	0
3769	0	0
3770	0	0
3771	0	0
3772	0	0
3773	0	0
3774	0	0
3775	0	0
3776	0	0
3777	0	0
3778	0	0
3779	0	0
3780	0	0
3781	0	0
3782	0	0
3783	0	0
3784	0	0
3785	0	0
3786	0	0
3787	0	0
3788	0	0
3789	0	0
3790	0	0
3791	0	0
3792	0	0
3793	0	0
3794	0	0
3795	0	0
3796	0	0
3797	0	0
3798	0	0
3799	0	0
3800	0	0
3801	0	0
3802	0	0
3803	0	0
3804	0	0
3805	0	0
3806	0	0
3807	0	0
3808	0	0
3809	0	0
3810	0	0
3811	0	0
3812	0	0
3813	0	0
3814	0	0
3815	0	0
3816	0	0
3817	0	0
3818	0	0
3819	0	0
3820	0	0
3821	0	0
3822	0	0
3823	0	0
3824	0	0
3825	0	0
3826	0	0
3827	0	0
3828	0	0
3829	0	0
3830	0	0
3831	0	0
3832	0	0
3833	0	0
3834	0	0
3835	0	0
3836	0	0
3837	0	0
3838	0	0
3839	0	0
3840	0	0
3841	0	0
3842	0	0
3843	0	0
3844	0	0
3845	0	0
3846	0	0
3847	0	0
3848	0	0
3849	0	0
3850	0	0
3851	0	0
3852	0	0
3853	0	0
3854	0	0
3855	0	0
3856	0	0
3857	0	0
3858	0	0
3859	0	0
3860	0	0
3861	0	0
3862	0	0
3863	0	0
3864	0	0
3865	0	0
3866	0	0
3867	0	0
3868	0	0
3869	0	0
3870	0	0
3871	0	0
3872	0	0
3873	0	0
3874	0	0
3875	0	0
3876	0	0
3877	0	0
3878	0	0
3879	0	0
3880	0	0
3881	0	0
3882	0	0
3883	1	0
3884	0	0
3885	0	0
3886	0	0
3887	0	0
3888	0	0
3889	0	0
3890	0	0
3891	0	0
3892	0	0
3893	0	0
3894	0	0
3895	0	0
3896	0	0
3897	0	0
3898	0	0
3899	0	0
3900	0	0
3901	0	0
3902	0	0
3903	0	0
3904	0	0
3905	0	0
3906	0	0
3907	0	0
3908	0	0
3909	0	0
3910	0	0
3911	0	0
3912	0	0
3913	0	0
3914	0	0
3915	0	0
3916	0	0
3917	0	0
3918	1	0
3919	0	0
3920	0	0
3921	0	0
3922	0	0
3923	0	0
3924	0	0
3925	0	0
3926	0	0
3927	0	0
3928	0	0
3929	0	0
3930	0	0
3931	0	0
3932	0	0
3933	1	0
3934	0	0
3935	0	0
3936	0	0
3937	0	0
3938	0	0
3939	0	0
3940	0	0
3941	0	0
3942	0	0
3943	0	0
3944	0	0
3945	0	0
3946	0	0
3947	0	0
3948	0	0
3949	0	0
3950	0	0
3951	0	0
3952	0	0
3953	0	0
3954	0	0
3955	0	0
3956	0	0
3957	0	0
3958	0	0
3959	0	0
3960	0	0
3961	0	0
3962	0	0
3963	0	0
3964	0	0
3965	0	0
3966	0	0
3967	0	0
3968	0	0
3969	0	0
3970	0	0
3971	0	0
3972	0	0
3973	0	0
3974	0	0
3975	0	0
3976	0	0
3977	0	0
3978	0	0
3979	0	0
3980	0	0
3981	0	0
3982	0	0
3983	0	0
3984	0	0
3985	0	0
3986	0	0
3987	0	0
3988	0	0
3989	0	0
3990	0	0
3991	0	0
3992	0	0
3993	0	0
3994	0	0
3995	0	0
3996	0	0
3997	0	0
3998	0	0
3999	0	0
4000	0	0
4001	0	0
4002	0	0
4003	0	0
4004	0	0
4005	0	0
4006	0	0
4007	0	0
4008	0	0
4009	0	0
4010	0	0
4011	0	0
4012	0	0
4013	0	0
4014	0	0
4015	0	0
4016	0	0
4017	0	0
4018	0	0
4019	0	0
4020	0	0
4021	0	0
4022	0	0
4023	0	0
4024	0	0
4025	0	0
4026	0	0
4027	0	0
4028	0	0
4029	0	0
4030	0	0
4031	0	0
4032	0	0
4033	0	0
4034	0	0
4035	0	0
4036	0	0
4037	0	0
4038	0	0
4039	0	0
4040	0	0
4041	0	0
4042	0	0
4043	0	0
4044	0	0
4045	0	0
4046	0	0
4047	0	0
4048	0	0
4049	0	0
4050	0	0
4051	0	0
4052	0	0
4053	0	0
4054	0	0
4055	0	0
4056	0	0
4057	0	0
4058	0	0
4059	0	0
4060	0	0
4061	0	0
4062	0	0
4063	0	0
4064	0	0
4065	1	0
4066	0	0
4067	0	0
4068	0	0
4069	0	0
4070	0	0
4071	0	0
4072	0	0
4073	0	0
4074	0	0
4075	0	0
4076	0	0
4077	0	0
4078	0	0
4079	0	0
4080	0	0
4081	0	0
4082	0	0
4083	0	0
4084	0	0
4085	0	0
4086	0	0
4087	0	0
4088	0	0
4089	0	0
4090	0	0
4091	0	0
4092	0	0
4093	0	0
4094	0	0
4095	0	0
4096	0	0
4097	0	0
4098	0	0
4099	0	0
4100	0	0
4101	0	0
4102	0	0
4103	0	0
4104	0	0
4105	0	0
4106	0	0
4107	0	0
4108	0	0
4109	0	0
4110	0	0
4111	0	0
4112	0	0
4113	0	0
4114	0	0
4115	0	0
4116	0	0
4117	0	0
4118	0	0
4119	0	0
4120	0	0
4121	0	0
4122	0	0
4123	0	0
4124	0	0
4125	0	0
4126	0	0
4127	0	0
4128	0	0
4129	0	0
4130	0	0
4131	0	0
4132	0	0
4133	0	0
4134	0	0
4135	0	0
4136	0	0
4137	0	0
4138	0	0
4139	0	0
4140	0	0
4141	0	0
4142	0	0
4143	0	0
4144	0	0
4145	0	0
4146	0	0
4147	0	0
4148	0	0
4149	0	0
4150	0	0
4151	0	0
4152	0	0
4153	0	0
4154	0	0
4155	0	0
4156	0	0
4157	0	0
4158	0	0
4159	0	0
4160	0	0
4161	0	0
4162	0	0
4163	0	0
4164	0	0
4165	0	0
4166	0	0
4167	0	0
4168	0	0
4169	0	0
4170	0	0
4171	0	0
4172	0	0
4173	0	0
4174	0	0
4175	0	0
4176	0	0
4177	0	0
4178	0	0
4179	0	0
4180	0	0
4181	0	0
4182	0	0
4183	0	0
4184	0	0
4185	0	0
4186	0	0
4187	0	0
4188	0	0
4189	0	0
4190	0	0
4191	0	0
4192	0	0
4193	0	0
4194	0	0
4195	0	0
4196	0	0
4197	0	0
4198	0	0
4199	0	0
4200	0	0
4201	0	0
4202	0	0
4203	0	0
4204	0	0
4205	0	0
4206	0	0
4207	0	0
4208	0	0
4209	0	0
4210	0	0
4211	0	0
4212	0	0
4213	0	0
4214	0	0
4215	0	0
4216	0	0
4217	0	0
4218	0	0
4219	0	0
4220	0	0
4221	0	0
4222	0	0
4223	0	0
4224	0	0
4225	0	0
4226	0	0
4227	0	0
4228	0	0
4229	0	0
4230	0	0
4231	0	0
4232	0	0
4233	0	0
4234	0	0
4235	0	0
4236	0	0
4237	0	0
4238	0	0
4239	0	0
4240	0	0
4241	0	0
4242	0	0
4243	0	0
4244	0	0
4245	0	0
4246	0	0
4247	0	0
4248	0	0
4249	0	0
4250	1	0
4251	0	0
4252	0	0
4253	0	0
4254	0	0
4255	0	0
4256	0	0
4257	0	0
4258	0	0
4259	0	0
4260	0	0
4261	0	0
4262	0	0
4263	0	0
4264	0	0
4265	0	0
4266	0	0
4267	0	0
4268	0	0
4269	0	0
4270	1	0
4271	0	0
4272	0	0
4273	0	0
4274	0	0
4275	0	0
4276	0	0
4277	0	0
4278	0	0
4279	0	0
4280	0	0
4281	0	0
4282	0	0
4283	0	0
4284	0	0
4285	0	0
4286	0	0
4287	0	0
4288	0	0
4289	0	0
4290	0	0
4291	0	0
4292	0	0
4293	0	0
4294	0	0
4295	0	0
4296	0	0
4297	1	0
4298	0	0
4299	0	0
4300	0	0
4301	0	0
4302	0	0
4303	0	0
4304	0	0
4305	0	0
4306	0	0
4307	0	0
4308	0	0
4309	0	0
4310	0	0
4311	0	0
4312	0	0
4313	0	0
4314	0	0
4315	0	0
4316	0	0
4317	0	0
4318	0	0
4319	0	0
4320	0	0
4321	0	0
4322	0	0
4323	0	0
4324	0	0
4325	0	0
4326	0	0
4327	0	0
4328	0	0
4329	0	0
4330	0	0
4331	0	0
4332	0	0
4333	0	0
4334	0	0
4335	0	0
4336	0	0
4337	0	0
4338	0	0
4339	0	0
4340	0	0
4341	0	0
4342	0	0
4343	0	0
4344	0	0
4345	0	0
4346	0	0
4347	0	0
4348	0	0
4349	0	0
4350	0	0
4351	0	0
4352	0	0
4353	0	0
4354	0	0
4355	0	0
4356	0	0
4357	0	0
4358	0	0
4359	0	0
4360	0	0
4361	0	0
4362	0	0
4363	0	0
4364	0	0
4365	0	0
4366	0	0
4367	0	0
4368	0	0
4369	0	0
4370	0	0
4371	0	0
4372	0	0
4373	0	0
4374	0	0
4375	0	0
4376	0	0
4377	0	0
4378	0	0
4379	0	0
4380	0	0
4381	0	0
4382	0	0
4383	0	0
4384	0	0
4385	0	0
4386	0	0
4387	0	0
4388	0	0
4389	0	0
4390	1	0
4391	0	0
4392	0	0
4393	0	0
4394	0	0
4395	0	0
4396	0	0
4397	0	0
4398	0	0
4399	0	0
4400	0	0
4401	0	0
4402	0	0
4403	0	0
4404	0	0
4405	0	0
4406	0	0
4407	0	0
4408	0	0
4409	0	0
4410	0	0
4411	0	0
4412	0	0
4413	0	0
4414	0	0
4415	0	0
4416	0	0
4417	0	0
4418	0	0
4419	0	0
4420	0	0
4421	0	0
4422	0	0
4423	0	0
4424	0	0
4425	0	0
4426	0	0
4427	0	0
4428	0	0
4429	0	0
4430	0	0
4431	0	0
4432	0	0
4433	0	0
4434	0	0
4435	1	0
4436	0	0
4437	0	0
4438	0	0
4439	0	0
4440	0	0
4441	0	0
4442	0	0
4443	0	0
4444	0	0
4445	0	0
4446	0	0
4447	0	0
4448	0	0
4449	0	0
4450	0	0
4451	0	0
4452	0	0
4453	0	0
4454	0	0
4455	0	0
4456	0	0
4457	0	0
4458	0	0
4459	0	0
4460	0	0
4461	0	0
4462	0	0
4463	0	0
4464	0	0
4465	0	0
4466	0	0
4467	0	0
4468	0	0
4469	0	0
4470	0	0
4471	0	0
4472	0	0
4473	0	0
4474	0	0
4475	0	0
4476	0	0
4477	0	0
4478	0	0
4479	0	0
4480	0	0
4481	0	0
4482	0	0
4483	0	0
4484	0	0
4485	0	0
4486	0	0
4487	0	0
4488	0	0
4489	0	0
4490	0	0
4491	0	0
4492	0	0
4493	0	0
4494	0	0
4495	0	0
4496	0	0
4497	0	0
4498	0	0
4499	0	0
4500	0	0
4501	0	0
4502	0	0
4503	0	0
4504	0	0
4505	0	0
4506	0	0
4507	0	0
4508	0	0
4509	0	0
4510	0	0
4511	0	0
4512	0	0
4513	0	0
4514	0	0
4515	0	0
4516	0	0
4517	0	0
4518	0	0
4519	0	0
4520	0	0
4521	0	0
4522	0	0
4523	0	0
4524	0	0
4525	0	0
4526	0	0
4527	0	0
4528	0	0
4529	0	0
4530	0	0
4531	0	0
4532	1	0
4533	0	0
4534	0	0
4535	0	0
4536	0	0
4537	0	0
4538	0	0
4539	0	0
4540	0	0
4541	0	0
4542	0	0
4543	0	0
4544	0	0
4545	0	0
4546	0	0
4547	0	0
4548	0	0
4549	0	0
4550	0	0
4551	0	0
4552	0	0
4553	0	0
4554	0	0
4555	0	0
4556	0	0
4557	0	0
4558	0	0
4559	0	0
4560	0	0
4561	0	0
4562	0	0
4563	0	0
4564	0	0
4565	0	0
4566	0	0
4567	0	0
4568	0	0
4569	0	0
4570	0	0
4571	0	0
4572	0	0
4573	0	0
4574	0	0
4575	0	0
4576	0	0
4577	0	0
4578	0	0
4579	0	0
4580	0	0
4581	0	0
4582	0	0
4583	0	0
4584	0	0
4585	0	0
4586	0	0
4587	0	0
4588	0	0
4589	0	0
4590	0	0
4591	0	0
4592	0	0
4593	0	0
4594	0	0
4595	0	0
4596	0	0
4597	0	0
4598	0	0
4599	0	0
4600	0	0
4601	0	0
4602	0	0
4603	0	0
4604	0	0
4605	0	0
4606	0	0
4607	0	0
4608	0	0
4609	0	0
4610	0	0
4611	0	0
4612	0	0
4613	0	0
4614	0	0
4615	0	0
4616	0	0
4617	0	0
4618	0	0
4619	0	0
4620	0	0
4621	0	0
4622	0	0
4623	0	0
4624	0	0
4625	0	0
4626	0	0
4627	0	0
4628	0	0
4629	0	0
4630	0	0
4631	0	0
4632	0	0
4633	0	0
4634	0	0
4635	0	0
4636	0	0
4637	0	0
4638	0	0
4639	0	0
4640	0	0
4641	0	0
4642	0	0
4643	0	0
4644	0	0
4645	0	0
4646	0	0
4647	0	0
4648	0	0
4649	0	0
4650	0	0
4651	0	0
4652	0	0
4653	0	0
4654	0	0
4655	0	0
4656	0	0
4657	0	0
4658	0	0
4659	0	0
4660	0	0
4661	0	0
4662	0	0
4663	0	0
4664	0	0
4665	0	0
4666	0	0
4667	0	0
4668	0	0
4669	0	0
4670	0	0
4671	0	0
4672	0	0
4673	0	0
4674	0	0
4675	0	0
4676	0	0
4677	0	0
4678	0	0
4679	0	0
4680	0	0
4681	0	0
4682	0	0
4683	0	0
4684	0	0
4685	0	0
4686	0	0
4687	0	0
4688	0	0
4689	0	0
4690	0	0
4691	0	0
4692	0	0
4693	0	0
4694	0	0
4695	0	0
4696	0	0
4697	0	0
4698	0	0
4699	0	0
4700	0	0
4701	0	0
4702	0	0
4703	0	0
4704	0	0
4705	0	0
4706	0	0
4707	0	0
4708	0	0
4709	0	0
4710	0	0
4711	0	0
4712	0	0
4713	0	0
4714	0	0
4715	0	0
4716	0	0
4717	0	0
4718	0	0
4719	0	0
4720	0	0
4721	0	0
4722	0	0
4723	0	0
4724	0	0
4725	0	0
4726	0	0
4727	0	0
4728	0	0
4729	0	0
4730	0	0
4731	0	0
4732	0	0
4733	0	0
4734	0	0
4735	0	0
4736	0	0
4737	0	0
4738	0	0
4739	0	0
4740	0	0
4741	0	0
4742	0	0
4743	0	0
4744	0	0
4745	0	0
4746	0	0
4747	0	0
4748	0	0
4749	0	0
4750	0	0
4751	0	0
4752	0	0
4753	0	0
4754	0	0
4755	0	0
4756	0	0
4757	0	0
4758	0	0
4759	0	0
4760	1	0
4761	0	0
4762	0	0
4763	0	0
4764	0	0
4765	0	0
4766	0	0
4767	0	0
4768	0	0
4769	0	0
4770	0	0
4771	0	0
4772	0	0
4773	0	0
4774	0	0
4775	0	0
4776	0	0
4777	0	0
4778	0	0
4779	0	0
4780	0	0
4781	0	0
4782	0	0
4783	0	0
4784	0	0
4785	0	0
4786	0	0
4787	0	0
4788	0	0
4789	0	0
4790	0	0
4791	0	0
4792	0	0
4793	0	0
4794	0	0
4795	0	0
4796	0	0
4797	0	0
4798	0	0
4799	0	0
4800	0	0
4801	0	0
4802	0	0
4803	0	0
4804	0	0
4805	0	0
4806	0	0
4807	0	0
4808	0	0
4809	0	0
4810	0	0
4811	0	0
4812	0	0
4813	0	0
4814	0	0
4815	0	0
4816	0	0
4817	0	0
4818	0	0
4819	0	0
4820	0	0
4821	0	0
4822	0	0
4823	0	0
4824	0	0
4825	0	0
4826	0	0
4827	0	0
4828	0	0
4829	0	0
4830	0	0
4831	0	0
4832	0	0
4833	0	0
4834	0	0
4835	0	0
4836	0	0
4837	0	0
4838	0	0
4839	0	0
4840	0	0
4841	0	0
4842	0	0
4843	0	0
4844	0	0
4845	0	0
4846	0	0
4847	0	0
4848	0	0
4849	0	0
4850	0	0
4851	1	0
4852	0	0
4853	0	0
4854	0	0
4855	0	0
4856	0	0
4857	0	0
4858	0	0
4859	1	0
4860	0	0
4861	0	0
4862	0	0
4863	1	0
4864	0	0
4865	0	0
4866	0	0
4867	0	0
4868	0	0
4869	0	0
4870	0	0
4871	0	0
4872	1	0
4873	0	0
4874	0	0
4875	0	0
4876	0	0
4877	0	0
4878	0	0
4879	0	0
4880	0	0
4881	1	0
4882	0	0
4883	0	0
4884	0	0
4885	0	0
4886	0	0
4887	0	0
4888	0	0
4889	0	0
4890	0	0
4891	0	0
4892	1	0
4893	0	0
4894	0	0
4895	0	0
4896	1	0
4897	1	0
4898	0	0
4899	0	0
4900	0	0
4901	0	0
4902	0	0
4903	0	0
4904	0	0
4905	0	0
4906	0	0
4907	0	0
4908	0	0
4909	0	0
4910	0	0
4911	0	0
4912	0	0
4913	0	0
4914	0	0
4915	0	0
4916	0	0
4917	0	0
4918	0	0
4919	0	0
4920	0	0
4921	0	0
4922	0	0
4923	0	0
4924	0	0
4925	0	0
4926	0	0
4927	0	0
4928	0	0
4929	0	0
4930	0	0
4931	0	0
4932	0	0
4933	0	0
4934	0	0
4935	0	0
4936	0	0
4937	0	0
4938	0	0
4939	0	0
4940	0	0
4941	0	0
4942	0	0
4943	0	0
4944	0	0
4945	0	0
4946	0	0
4947	0	0
4948	0	0
4949	0	0
4950	0	0
4951	0	0
4952	0	0
4953	0	0
4954	0	0
4955	0	0
4956	0	0
4957	0	0
4958	0	0
4959	0	0
4960	0	0
4961	0	0
4962	0	0
4963	0	0
4964	0	0
4965	0	0
4966	0	0
4967	0	0
4968	0	0
4969	0	0
4970	0	0
4971	0	0
4972	0	0
4973	0	0
4974	0	0
4975	0	0
4976	0	0
4977	0	0
4978	0	0
4979	0	0
4980	0	0
4981	0	0
4982	0	0
4983	0	0
4984	0	0
4985	0	0
4986	0	0
4987	0	0
4988	0	0
4989	0	0
4990	0	0
4991	0	0
4992	0	0
4993	0	0
4994	0	0
4995	0	0
4996	0	0
4997	0	0
4998	0	0
4999	0	0
5000	178	0

