Detected variants
Location Expected abundance Observed Abundance Difference(%)
65310489 39.0 84.9 54.0636
120471800 30.0 49.9 39.87976
156814027 46.0 83.3 44.77791
162737116 25.0 60.0 58.33333
30143499 100.0 40.0 150.0
47601106 100.0 50.0 100.0
48027921 36.0 33.9 6.19469
198257795 31.0 35.2 11.93182
198283305 17.0 42.3 59.81087
215632255 42.0 43.0 2.32558
10088266 17.0 66.7 74.51274
10088299 16.0 80.0 80.0
10088308 16.0 80.0 80.0
10088343 21.0 81.8 74.32763
10088404 25.0 87.5 71.42857
10088407 23.0 87.5 73.71429
10138019 24.0 36.4 34.06593
41266101 25.0 49.9 49.8998
41266133 8.0 40.0 80.0
142277575 100.0 92.9 7.64263
1803704 36.0 52.6 31.55894
55979558 40.0 60.0 33.33333
106182946 33.0 42.7 22.71663
153244155 31.0 66.7 53.52324
1294664 31.0 55.6 44.2446
80168937 100.0 74.4 34.4086
112162854 21.0 40.0 47.5
112176756 27.0 80.0 66.25
41903782 40.0 75.0 46.66667
117686840 39.0 66.7 41.52924
55242464 0.0 90.0 100.0
106508763 49.0 45.4 7.92952
106508978 100.0 88.9 12.48594
128852003 47.0 54.2 13.28413
30938704 42.0 66.7 37.03148
30973957 26.0 33.3 21.92192
38275434 36.0 66.7 46.02699
145738767 99.0 83.3 18.84754
145741765 33.0 60.1 45.09151
145742514 98.0 80.0 22.5
145742879 32.0 61.1 47.62684
98209594 51.0 66.7 23.53823
98278975 26.0 44.1 41.04308
133761001 47.0 68.4 31.28655
135802659 21.0 55.9 62.43292
8100647 30.0 20.1 49.25373
43604493 30.0 66.7 55.02249
533328 28.0 51.5 45.63107
69633633 39.0 28.7 35.8885
56494998 28.0 27.9 0.35842
121416622 45.0 79.9 43.6796
121416650 28.0 60.0 53.33333
121437114 21.0 50.0 58.0
28624294 33.0 66.7 50.52474
28674628 49.0 55.8 12.18638
32913836 47.0 66.7 29.53523
48985975 30.0 50.0 40.0
103527930 100.0 80.0 25.0
66782085 33.0 50.0 34.0
88576185 27.0 66.7 59.52024
89849327 31.0 50.0 38.0
91337479 28.0 60.0 53.33333
91346923 33.0 42.9 23.07692
2134450 27.0 50.0 46.0
3817720 33.0 38.9 15.1671
89805914 28.0 41.1 31.87348
89809319 27.0 26.2 3.05344
89858417 27.0 50.0 46.0
7579472 91.0 98.6 7.70791
29553485 40.0 29.9 33.77926
37650892 27.0 40.0 32.5
41251931 39.0 44.0 11.36364
66538239 27.0 48.3 44.09938
3119239 40.0 44.9 10.91314
4101062 16.0 30.0 46.66667
30314666 42.0 65.9 36.26707
40743956 33.0 43.9 24.82916
45867259 39.0 21.0 85.71429
45868309 45.0 49.9 9.81964
41566524 52.0 61.8 15.85761
66765142 49.0 45.0 8.88889
66765627 38.0 80.0 52.5
70338656 32.0 40.5 20.98765
