Detected variants
Location Expected abundance Observed Abundance Difference(%)
11181327 18.0 17.5 2.85714
11190646 18.0 18.5 2.7027
11254597 26.0 29.7 12.45791
27056285 32.0 30.6 4.57516
27100181 33.0 28.6 15.38462
46738433 33.0 30.4 8.55263
65310489 39.0 36.4 7.14286
65312342 32.0 29.4 8.84354
115256530 9.0 10.8 16.66667
120458004 37.0 37.7 1.85676
120471800 30.0 28.6 4.8951
120611964 34.0 41.6 18.26923
120612006 32.0 39.7 19.39547
156814027 46.0 46.3 0.64795
156846233 46.0 48.5 5.15464
156846307 28.0 28.2 0.70922
156848995 51.0 46.8 8.97436
162737116 25.0 29.3 14.67577
25469502 13.0 17.4 25.28736
29416326 34.0 31.1 9.32476
29416366 52.0 51.7 0.58027
29416615 29.0 31.2 7.05128
29543736 32.0 31.2 2.5641
30143058 35.0 31.2 12.17949
30143499 100.0 91.3 9.52903
47601106 100.0 99.9 0.1001
48018236 22.0 30.4 27.63158
48027921 36.0 26.0 38.46154
178095900 35.0 27.3 28.20513
198257795 31.0 30.4 1.97368
198265526 19.0 29.6 35.81081
198283305 17.0 29.4 42.17687
215632255 42.0 37.7 11.40584
215645464 41.0 43.6 5.9633
215645545 33.0 31.0 6.45161
10088266 17.0 31.4 45.85987
10088299 16.0 33.6 52.38095
10088308 16.0 34.0 52.94118
10088343 21.0 34.3 38.77551
10088404 25.0 34.0 26.47059
10088407 23.0 34.2 32.74854
10138019 24.0 30.3 20.79208
12475557 22.0 20.8 5.76923
12645007 57.0 28.6 99.3007
37056000 15.0 17.8 15.73034
41266101 25.0 28.6 12.58741
41266133 8.0 8.7 8.04598
142277575 100.0 99.9 0.1001
178936091 12.0 9.2 30.43478
178947865 31.0 29.3 5.80205
178952085 20.0 19.2 4.16667
1803307 38.0 39.1 2.8133
1803704 36.0 35.1 2.5641
55138600 36.0 31.2 15.38462
55143577 10.0 17.1 41.52047
55152040 18.0 17.7 1.69492
55599321 10.0 8.8 13.63636
55602765 11.0 9.6 14.58333
55604693 28.0 28.0 0.0
55972974 12.0 20.7 42.02899
55979558 40.0 38.9 2.82776
106182946 33.0 27.6 19.56522
153244155 31.0 28.6 8.39161
153332500 35.0 29.1 20.27491
1254594 32.0 30.3 5.61056
1294664 31.0 29.2 6.16438
67522722 23.0 20.1 14.42786
79970914 33.0 45.7 27.78993
80168937 100.0 99.9 0.1001
112162854 21.0 28.5 26.31579
112164561 34.0 35.6 4.49438
112175770 39.0 37.4 4.27807
112176325 23.0 35.9 35.93315
112176559 38.0 38.1 0.26247
112176756 27.0 36.3 25.61983
112177171 18.0 37.5 52.0
112179431 33.0 28.3 16.60777
149457678 29.0 31.3 7.34824
149460553 21.0 19.9 5.52764
149495395 48.0 47.8 0.41841
149499672 39.0 37.6 3.7234
149504348 11.0 10.1 8.91089
149509446 30.0 32.1 6.54206
41903782 40.0 50.5 20.79208
117686840 39.0 42.2 7.58294
117718110 32.0 30.5 4.91803
6026988 22.0 20.5 7.31707
55241707 24.0 24.3 1.23457
55249063 19.0 13.9 36.69065
55249071 0.0 1.3 100.0
55259515 3.0 4.6 34.78261
106508763 49.0 43.6 12.38532
106508978 100.0 99.8 0.2004
116339847 9.0 8.2 9.7561
116436022 5.0 8.0 37.5
128852003 47.0 47.8 1.67364
140449150 20.0 19.8 1.0101
140453136 6.0 12.2 50.81967
140494209 19.0 18.8 1.06383
30938704 42.0 39.9 5.26316
30973957 26.0 29.6 12.16216
30999280 43.0 46.8 8.11966
31012190 19.0 18.2 4.3956
31024654 6.0 19.1 68.58639
38275434 36.0 31.3 15.01597
90993061 19.0 24.1 21.16183
145737816 39.0 36.5 6.84932
145738767 99.0 100.0 1.0
145741702 32.0 39.8 19.59799
145741765 33.0 39.4 16.24365
145742514 98.0 100.0 2.0
145742879 32.0 38.5 16.88312
5050706 18.0 18.6 3.22581
5081780 38.0 43.6 12.84404
98209594 51.0 64.0 20.3125
98211548 29.0 29.9 3.01003
98278975 26.0 29.5 11.86441
133761001 47.0 52.2 9.96169
135802659 21.0 27.0 22.22222
139391636 25.0 25.0 0.0
139396746 32.0 27.0 18.51852
139397707 22.0 24.7 10.93117
139407932 36.0 42.8 15.88785
139409754 32.0 25.6 25.0
139418260 43.0 40.4 6.43564
8100647 30.0 26.7 12.35955
43595968 32.0 31.3 2.23642
43604493 30.0 30.7 2.28013
43613843 57.0 61.0 6.55738
88635779 14.0 17.1 18.12865
533328 28.0 32.8 14.63415
69462910 43.0 37.0 16.21622
69625385 34.0 32.4 4.93827
69633633 39.0 35.4 10.16949
25362777 29.0 31.1 6.75241
25398281 13.0 15.7 17.19745
25398284 4.0 4.9 18.36735
56494998 28.0 30.5 8.19672
112891125 22.0 25.7 14.39689
121416622 45.0 52.8 14.77273
121416650 28.0 34.8 19.54023
121437114 21.0 20.5 2.43902
28578214 17.0 11.4 49.12281
28624294 33.0 28.5 15.78947
28674628 49.0 45.2 8.40708
28895620 21.0 29.2 28.08219
32911888 39.0 41.0 4.87805
32912299 25.0 18.9 32.27513
32912750 41.0 29.4 39.45578
32913558 35.0 33.1 5.74018
32913836 47.0 43.8 7.30594
32936646 33.0 49.0 32.65306
48985975 30.0 30.1 0.33223
103515036 25.0 29.3 14.67577
103527930 100.0 99.9 0.1001
45645974 18.0 24.1 25.3112
65507589 27.0 21.9 23.28767
66727451 27.0 29.2 7.53425
66729147 31.0 28.1 10.32028
66782085 33.0 32.0 3.125
88576185 27.0 42.1 35.86698
88680684 34.0 40.6 16.25616
89849327 31.0 30.1 2.99003
91337479 28.0 30.7 8.79479
91346923 33.0 30.2 9.27152
91354505 42.0 28.8 45.83333
2134450 27.0 32.0 15.625
3658433 32.0 30.6 4.57516
3817720 33.0 31.8 3.77358
14041958 29.0 29.4 1.36054
89805914 28.0 26.7 4.86891
89807233 37.0 27.0 37.03704
89809319 27.0 25.1 7.56972
89815152 29.0 28.1 3.20285
89825065 28.0 27.5 1.81818
89839766 23.0 27.6 16.66667
89857935 27.0 24.0 12.5
89858417 27.0 26.7 1.1236
7579472 91.0 93.0 2.15054
29553485 40.0 34.8 14.94253
29632336 29.0 30.8 5.84416
37650892 27.0 30.3 10.89109
37879588 25.0 31.2 19.87179
41234451 29.0 25.0 16.0
41251931 39.0 40.6 3.94089
66538239 27.0 27.6 2.17391
3119239 40.0 41.7 4.07674
4101062 16.0 27.8 42.44604
4102449 31.0 29.8 4.02685
15278222 37.0 30.1 22.92359
15302905 32.0 33.8 5.32544
30314666 42.0 30.5 37.70492
40743956 33.0 29.6 11.48649
45867259 39.0 42.3 7.80142
45868309 45.0 48.5 7.21649
57415471 33.0 28.9 14.18685
57429753 26.0 27.9 6.81004
57484241 22.0 26.9 18.21561
41536164 32.0 27.9 14.69534
41551039 52.0 42.2 23.22275
41566524 52.0 51.1 1.76125
66765142 49.0 32.9 48.93617
66765627 38.0 37.1 2.42588
70338656 32.0 29.5 8.47458
76938088 29.0 30.0 3.33333
