## htsjdk.samtools.metrics.StringHeader
# CollectHsMetrics BAIT_INTERVALS=[pool1_pool2_nochr_3c.sort.merged.padded20.hg19.210311.met.annotated.interval_list] TARGET_INTERVALS=[pool1_pool2_nochr_3c.sort.merged.padded20.hg19.210311.met.annotated.interval_list] INPUT=marked_duplicates_filtered_5.bam OUTPUT=hs_metrics_filtered_5.txt COVERAGE_CAP=5000 REFERENCE_SEQUENCE=/home/tomas/data/reference/hg19.with.mt.fasta    METRIC_ACCUMULATION_LEVEL=[ALL_READS] NEAR_DISTANCE=250 MINIMUM_MAPPING_QUALITY=20 MINIMUM_BASE_QUALITY=20 CLIP_OVERLAPPING_READS=true INCLUDE_INDELS=false SAMPLE_SIZE=10000 ALLELE_FRACTION=[0.001, 0.005, 0.01, 0.02, 0.05, 0.1, 0.2, 0.3, 0.5] VERBOSITY=INFO QUIET=false VALIDATION_STRINGENCY=STRICT COMPRESSION_LEVEL=5 MAX_RECORDS_IN_RAM=500000 CREATE_INDEX=false CREATE_MD5_FILE=false GA4GH_CLIENT_SECRETS=client_secrets.json USE_JDK_DEFLATER=false USE_JDK_INFLATER=false
## htsjdk.samtools.metrics.StringHeader
# Started on: Thu Feb 03 19:02:08 CET 2022

## METRICS CLASS	picard.analysis.directed.HsMetrics
BAIT_SET	BAIT_TERRITORY	BAIT_DESIGN_EFFICIENCY	ON_BAIT_BASES	NEAR_BAIT_BASES	OFF_BAIT_BASES	PCT_SELECTED_BASES	PCT_OFF_BAIT	ON_BAIT_VS_SELECTED	MEAN_BAIT_COVERAGE	PCT_USABLE_BASES_ON_BAIT	PCT_USABLE_BASES_ON_TARGET	FOLD_ENRICHMENT	HS_LIBRARY_SIZE	HS_PENALTY_10X	HS_PENALTY_20X	HS_PENALTY_30X	HS_PENALTY_40X	HS_PENALTY_50X	HS_PENALTY_100X	TARGET_TERRITORY	GENOME_SIZE	TOTAL_READS	PF_READS	PF_BASES	PF_UNIQUE_READS	PF_UQ_READS_ALIGNED	PF_BASES_ALIGNED	PF_UQ_BASES_ALIGNED	ON_TARGET_BASES	PCT_PF_READS	PCT_PF_UQ_READS	PCT_PF_UQ_READS_ALIGNED	MEAN_TARGET_COVERAGE	MEDIAN_TARGET_COVERAGE	MAX_TARGET_COVERAGE	MIN_TARGET_COVERAGE	ZERO_CVG_TARGETS_PCT	PCT_EXC_DUPE	PCT_EXC_ADAPTER	PCT_EXC_MAPQ	PCT_EXC_BASEQ	PCT_EXC_OVERLAP	PCT_EXC_OFF_TARGET	FOLD_80_BASE_PENALTY	PCT_TARGET_BASES_1X	PCT_TARGET_BASES_2X	PCT_TARGET_BASES_10X	PCT_TARGET_BASES_20X	PCT_TARGET_BASES_30X	PCT_TARGET_BASES_40X	PCT_TARGET_BASES_50X	PCT_TARGET_BASES_100X	PCT_TARGET_BASES_250X	PCT_TARGET_BASES_500X	PCT_TARGET_BASES_1000X	PCT_TARGET_BASES_2500X	PCT_TARGET_BASES_5000X	PCT_TARGET_BASES_10000X	PCT_TARGET_BASES_25000X	PCT_TARGET_BASES_50000X	PCT_TARGET_BASES_100000X	AT_DROPOUT	GC_DROPOUT	HET_SNP_SENSITIVITY	HET_SNP_Q	SAMPLE	LIBRARY	READ_GROUP
pool1_pool2_nochr_3c	2217428	1	6856881689	3542010644	4798928890	0.684236	0.315764	0.659386	3092.268019	0.44975	0.208467	629.874201	39358612	4.381505	4.392773	4.400285	4.41531	4.433339	4.496442	2217428	3095693983	111001980	111001980	15245978557	76903352	76889333	15197821223	10512460090	3178277018	1	0.692811	0.999818	1433.316896	1436	12747	0	0.001958	0.308292	0	0.01986	0.014272	0.118858	0.32961	1.319813	0.999649	0.999452	0.998744	0.998373	0.998035	0.997791	0.997516	0.996476	0.990831	0.971218	0.850989	0.022781	0.000723	0.000113	0	0	0	1.055278	3.404627	0.133647	1			

## HISTOGRAM	java.lang.Integer
coverage_or_base_quality	high_quality_coverage_count	unfiltered_baseq_count
0	779	0
1	437	0
2	378	0
3	412	0
4	160	0
5	148	0
6	89	0
7	158	0
8	128	0
9	96	0
10	56	0
11	51	0
12	68	0
13	90	0
14	72	72899796
15	128	0
16	138	0
17	93	0
18	57	0
19	70	0
20	85	0
21	100	15064083
22	94	0
23	75	0
24	74	0
25	70	0
26	76	0
27	59	77711222
28	55	0
29	62	0
30	66	0
31	58	0
32	65	309726622
33	48	0
34	50	0
35	47	0
36	56	2771895304
37	43	0
38	58	0
39	49	0
40	57	0
41	60	0
42	56	0
43	56	0
44	82	0
45	64	0
46	63	0
47	48	0
48	57	0
49	66	0
50	66	0
51	62	0
52	46	0
53	48	0
54	44	0
55	49	0
56	41	0
57	46	0
58	58	0
59	47	0
60	65	0
61	52	0
62	42	0
63	43	0
64	48	0
65	30	0
66	50	0
67	39	0
68	37	0
69	38	0
70	43	0
71	47	0
72	50	0
73	46	0
74	36	0
75	46	0
76	37	0
77	49	0
78	34	0
79	37	0
80	47	0
81	42	0
82	51	0
83	48	0
84	49	0
85	42	0
86	39	0
87	37	0
88	33	0
89	42	0
90	40	0
91	43	0
92	48	0
93	50	0
94	53	0
95	63	0
96	38	0
97	54	0
98	55	0
99	58	0
100	69	0
101	65	0
102	69	0
103	71	0
104	65	0
105	66	0
106	62	0
107	56	0
108	55	0
109	54	0
110	62	0
111	70	0
112	38	0
113	54	0
114	47	0
115	37	0
116	48	0
117	67	0
118	52	0
119	64	0
120	61	0
121	80	0
122	70	0
123	63	0
124	75	0
125	74	0
126	64	0
127	62	0
128	71	0
129	68	0
130	71	0
131	62	0
132	54	0
133	78	0
134	79	0
135	85	0
136	59	0
137	85	0
138	85	0
139	73	0
140	72	0
141	85	0
142	66	0
143	76	0
144	77	0
145	72	0
146	80	0
147	71	0
148	84	0
149	61	0
150	66	0
151	69	0
152	81	0
153	67	0
154	85	0
155	73	0
156	64	0
157	84	0
158	76	0
159	80	0
160	89	0
161	60	0
162	88	0
163	108	0
164	74	0
165	87	0
166	83	0
167	69	0
168	79	0
169	83	0
170	60	0
171	77	0
172	85	0
173	68	0
174	71	0
175	72	0
176	76	0
177	63	0
178	83	0
179	81	0
180	99	0
181	81	0
182	84	0
183	79	0
184	77	0
185	76	0
186	83	0
187	82	0
188	87	0
189	87	0
190	73	0
191	86	0
192	91	0
193	98	0
194	90	0
195	84	0
196	88	0
197	90	0
198	104	0
199	87	0
200	95	0
201	85	0
202	94	0
203	74	0
204	85	0
205	78	0
206	95	0
207	94	0
208	80	0
209	87	0
210	80	0
211	92	0
212	91	0
213	81	0
214	109	0
215	83	0
216	96	0
217	96	0
218	98	0
219	77	0
220	110	0
221	92	0
222	114	0
223	100	0
224	123	0
225	103	0
226	149	0
227	116	0
228	139	0
229	96	0
230	114	0
231	114	0
232	121	0
233	130	0
234	107	0
235	114	0
236	101	0
237	93	0
238	101	0
239	117	0
240	120	0
241	109	0
242	122	0
243	107	0
244	109	0
245	125	0
246	119	0
247	100	0
248	106	0
249	114	0
250	110	0
251	113	0
252	90	0
253	118	0
254	114	0
255	116	0
256	105	0
257	98	0
258	84	0
259	103	0
260	113	0
261	108	0
262	115	0
263	111	0
264	107	0
265	115	0
266	109	0
267	100	0
268	112	0
269	100	0
270	89	0
271	98	0
272	113	0
273	130	0
274	105	0
275	107	0
276	122	0
277	155	0
278	106	0
279	113	0
280	107	0
281	135	0
282	119	0
283	125	0
284	118	0
285	128	0
286	125	0
287	110	0
288	113	0
289	128	0
290	114	0
291	108	0
292	115	0
293	132	0
294	125	0
295	147	0
296	121	0
297	136	0
298	152	0
299	141	0
300	140	0
301	138	0
302	143	0
303	126	0
304	151	0
305	156	0
306	152	0
307	158	0
308	161	0
309	151	0
310	150	0
311	148	0
312	159	0
313	144	0
314	125	0
315	150	0
316	176	0
317	156	0
318	145	0
319	182	0
320	186	0
321	161	0
322	169	0
323	172	0
324	160	0
325	157	0
326	163	0
327	164	0
328	163	0
329	173	0
330	167	0
331	170	0
332	154	0
333	199	0
334	172	0
335	167	0
336	181	0
337	197	0
338	198	0
339	189	0
340	180	0
341	173	0
342	191	0
343	191	0
344	205	0
345	195	0
346	202	0
347	194	0
348	194	0
349	193	0
350	209	0
351	190	0
352	214	0
353	195	0
354	230	0
355	206	0
356	185	0
357	177	0
358	182	0
359	210	0
360	195	0
361	190	0
362	191	0
363	176	0
364	180	0
365	193	0
366	223	0
367	194	0
368	195	0
369	173	0
370	191	0
371	203	0
372	197	0
373	199	0
374	176	0
375	216	0
376	202	0
377	198	0
378	198	0
379	231	0
380	185	0
381	209	0
382	179	0
383	210	0
384	221	0
385	211	0
386	213	0
387	201	0
388	191	0
389	189	0
390	190	0
391	200	0
392	200	0
393	211	0
394	181	0
395	204	0
396	204	0
397	216	0
398	202	0
399	191	0
400	180	0
401	206	0
402	187	0
403	217	0
404	203	0
405	178	0
406	178	0
407	198	0
408	204	0
409	212	0
410	207	0
411	194	0
412	215	0
413	202	0
414	179	0
415	195	0
416	205	0
417	201	0
418	180	0
419	236	0
420	182	0
421	215	0
422	231	0
423	208	0
424	177	0
425	177	0
426	187	0
427	207	0
428	217	0
429	207	0
430	229	0
431	170	0
432	200	0
433	198	0
434	193	0
435	184	0
436	214	0
437	205	0
438	194	0
439	210	0
440	190	0
441	188	0
442	174	0
443	186	0
444	188	0
445	192	0
446	181	0
447	176	0
448	190	0
449	179	0
450	189	0
451	168	0
452	205	0
453	178	0
454	171	0
455	182	0
456	193	0
457	182	0
458	170	0
459	185	0
460	180	0
461	197	0
462	184	0
463	178	0
464	209	0
465	190	0
466	177	0
467	182	0
468	177	0
469	178	0
470	171	0
471	208	0
472	165	0
473	206	0
474	195	0
475	183	0
476	181	0
477	201	0
478	192	0
479	194	0
480	205	0
481	207	0
482	175	0
483	210	0
484	227	0
485	197	0
486	204	0
487	170	0
488	217	0
489	201	0
490	187	0
491	221	0
492	189	0
493	195	0
494	211	0
495	192	0
496	175	0
497	201	0
498	204	0
499	210	0
500	188	0
501	179	0
502	201	0
503	221	0
504	189	0
505	230	0
506	183	0
507	191	0
508	206	0
509	227	0
510	213	0
511	214	0
512	183	0
513	196	0
514	199	0
515	201	0
516	189	0
517	209	0
518	209	0
519	210	0
520	209	0
521	222	0
522	204	0
523	224	0
524	211	0
525	197	0
526	214	0
527	218	0
528	212	0
529	223	0
530	243	0
531	219	0
532	222	0
533	211	0
534	204	0
535	230	0
536	213	0
537	181	0
538	204	0
539	232	0
540	208	0
541	225	0
542	239	0
543	237	0
544	238	0
545	216	0
546	248	0
547	221	0
548	219	0
549	238	0
550	247	0
551	244	0
552	230	0
553	207	0
554	223	0
555	230	0
556	241	0
557	237	0
558	242	0
559	248	0
560	245	0
561	251	0
562	254	0
563	249	0
564	258	0
565	231	0
566	241	0
567	274	0
568	248	0
569	247	0
570	247	0
571	231	0
572	227	0
573	221	0
574	236	0
575	239	0
576	239	0
577	256	0
578	229	0
579	238	0
580	245	0
581	182	0
582	227	0
583	227	0
584	243	0
585	230	0
586	257	0
587	220	0
588	253	0
589	245	0
590	260	0
591	241	0
592	261	0
593	274	0
594	246	0
595	240	0
596	277	0
597	252	0
598	246	0
599	252	0
600	278	0
601	279	0
602	273	0
603	278	0
604	277	0
605	280	0
606	265	0
607	259	0
608	280	0
609	247	0
610	260	0
611	269	0
612	287	0
613	278	0
614	237	0
615	231	0
616	238	0
617	277	0
618	257	0
619	291	0
620	275	0
621	264	0
622	255	0
623	273	0
624	276	0
625	264	0
626	272	0
627	278	0
628	294	0
629	296	0
630	255	0
631	282	0
632	301	0
633	256	0
634	276	0
635	287	0
636	270	0
637	283	0
638	245	0
639	282	0
640	296	0
641	284	0
642	286	0
643	281	0
644	256	0
645	302	0
646	283	0
647	303	0
648	284	0
649	316	0
650	321	0
651	295	0
652	284	0
653	296	0
654	294	0
655	284	0
656	287	0
657	301	0
658	336	0
659	326	0
660	296	0
661	308	0
662	316	0
663	289	0
664	281	0
665	324	0
666	326	0
667	343	0
668	291	0
669	323	0
670	316	0
671	336	0
672	331	0
673	300	0
674	338	0
675	311	0
676	306	0
677	329	0
678	320	0
679	318	0
680	313	0
681	306	0
682	316	0
683	336	0
684	352	0
685	335	0
686	328	0
687	360	0
688	321	0
689	335	0
690	331	0
691	357	0
692	330	0
693	348	0
694	344	0
695	336	0
696	328	0
697	368	0
698	340	0
699	355	0
700	348	0
701	362	0
702	352	0
703	372	0
704	368	0
705	345	0
706	373	0
707	352	0
708	363	0
709	355	0
710	364	0
711	349	0
712	365	0
713	355	0
714	387	0
715	378	0
716	393	0
717	382	0
718	395	0
719	397	0
720	371	0
721	439	0
722	380	0
723	372	0
724	418	0
725	431	0
726	400	0
727	363	0
728	397	0
729	407	0
730	381	0
731	441	0
732	416	0
733	382	0
734	425	0
735	408	0
736	398	0
737	429	0
738	450	0
739	394	0
740	440	0
741	420	0
742	470	0
743	415	0
744	431	0
745	418	0
746	429	0
747	503	0
748	446	0
749	468	0
750	455	0
751	464	0
752	450	0
753	449	0
754	463	0
755	458	0
756	502	0
757	462	0
758	498	0
759	442	0
760	504	0
761	511	0
762	514	0
763	473	0
764	453	0
765	499	0
766	495	0
767	479	0
768	510	0
769	466	0
770	515	0
771	457	0
772	478	0
773	511	0
774	478	0
775	528	0
776	504	0
777	505	0
778	496	0
779	500	0
780	498	0
781	535	0
782	499	0
783	488	0
784	542	0
785	554	0
786	519	0
787	501	0
788	486	0
789	483	0
790	552	0
791	537	0
792	541	0
793	533	0
794	534	0
795	535	0
796	526	0
797	543	0
798	556	0
799	554	0
800	575	0
801	586	0
802	614	0
803	553	0
804	604	0
805	552	0
806	515	0
807	548	0
808	619	0
809	576	0
810	637	0
811	610	0
812	601	0
813	589	0
814	603	0
815	626	0
816	581	0
817	566	0
818	600	0
819	630	0
820	641	0
821	603	0
822	632	0
823	628	0
824	652	0
825	632	0
826	643	0
827	631	0
828	611	0
829	642	0
830	623	0
831	644	0
832	650	0
833	633	0
834	621	0
835	601	0
836	628	0
837	597	0
838	617	0
839	656	0
840	651	0
841	647	0
842	638	0
843	657	0
844	681	0
845	645	0
846	653	0
847	684	0
848	692	0
849	679	0
850	719	0
851	678	0
852	704	0
853	696	0
854	687	0
855	688	0
856	721	0
857	672	0
858	664	0
859	761	0
860	690	0
861	727	0
862	782	0
863	666	0
864	731	0
865	748	0
866	713	0
867	746	0
868	687	0
869	772	0
870	714	0
871	713	0
872	752	0
873	726	0
874	780	0
875	755	0
876	722	0
877	747	0
878	741	0
879	785	0
880	751	0
881	834	0
882	807	0
883	713	0
884	782	0
885	822	0
886	793	0
887	821	0
888	850	0
889	808	0
890	761	0
891	837	0
892	792	0
893	819	0
894	857	0
895	850	0
896	789	0
897	826	0
898	817	0
899	829	0
900	881	0
901	842	0
902	825	0
903	859	0
904	891	0
905	855	0
906	881	0
907	859	0
908	837	0
909	834	0
910	910	0
911	853	0
912	900	0
913	884	0
914	898	0
915	866	0
916	889	0
917	872	0
918	889	0
919	914	0
920	960	0
921	869	0
922	895	0
923	942	0
924	890	0
925	926	0
926	880	0
927	859	0
928	882	0
929	957	0
930	965	0
931	959	0
932	946	0
933	965	0
934	945	0
935	934	0
936	956	0
937	982	0
938	961	0
939	958	0
940	958	0
941	927	0
942	944	0
943	936	0
944	1054	0
945	943	0
946	1004	0
947	1031	0
948	979	0
949	1008	0
950	985	0
951	974	0
952	1053	0
953	975	0
954	1024	0
955	1041	0
956	1066	0
957	1081	0
958	1022	0
959	995	0
960	1051	0
961	988	0
962	1031	0
963	1063	0
964	1039	0
965	1039	0
966	1131	0
967	1115	0
968	1062	0
969	1121	0
970	1032	0
971	1066	0
972	1068	0
973	1049	0
974	1110	0
975	1150	0
976	1091	0
977	1121	0
978	1094	0
979	1078	0
980	1090	0
981	1159	0
982	1048	0
983	1110	0
984	1113	0
985	1172	0
986	1160	0
987	1148	0
988	1095	0
989	1165	0
990	1134	0
991	1131	0
992	1223	0
993	1115	0
994	1135	0
995	1195	0
996	1165	0
997	1082	0
998	1136	0
999	1192	0
1000	1169	0
1001	1196	0
1002	1196	0
1003	1174	0
1004	1205	0
1005	1178	0
1006	1221	0
1007	1202	0
1008	1196	0
1009	1138	0
1010	1126	0
1011	1227	0
1012	1243	0
1013	1199	0
1014	1142	0
1015	1236	0
1016	1278	0
1017	1271	0
1018	1170	0
1019	1181	0
1020	1245	0
1021	1193	0
1022	1222	0
1023	1238	0
1024	1293	0
1025	1235	0
1026	1263	0
1027	1186	0
1028	1254	0
1029	1300	0
1030	1254	0
1031	1281	0
1032	1309	0
1033	1266	0
1034	1332	0
1035	1272	0
1036	1324	0
1037	1301	0
1038	1279	0
1039	1276	0
1040	1372	0
1041	1293	0
1042	1292	0
1043	1323	0
1044	1349	0
1045	1363	0
1046	1366	0
1047	1290	0
1048	1306	0
1049	1383	0
1050	1360	0
1051	1341	0
1052	1310	0
1053	1372	0
1054	1352	0
1055	1318	0
1056	1372	0
1057	1367	0
1058	1367	0
1059	1394	0
1060	1359	0
1061	1375	0
1062	1405	0
1063	1356	0
1064	1381	0
1065	1411	0
1066	1386	0
1067	1408	0
1068	1424	0
1069	1363	0
1070	1386	0
1071	1413	0
1072	1404	0
1073	1369	0
1074	1448	0
1075	1415	0
1076	1472	0
1077	1410	0
1078	1468	0
1079	1437	0
1080	1397	0
1081	1407	0
1082	1419	0
1083	1405	0
1084	1447	0
1085	1405	0
1086	1513	0
1087	1467	0
1088	1522	0
1089	1468	0
1090	1528	0
1091	1428	0
1092	1484	0
1093	1494	0
1094	1405	0
1095	1471	0
1096	1494	0
1097	1440	0
1098	1478	0
1099	1483	0
1100	1483	0
1101	1480	0
1102	1571	0
1103	1509	0
1104	1498	0
1105	1425	0
1106	1577	0
1107	1535	0
1108	1545	0
1109	1536	0
1110	1555	0
1111	1569	0
1112	1516	0
1113	1471	0
1114	1541	0
1115	1514	0
1116	1530	0
1117	1586	0
1118	1531	0
1119	1522	0
1120	1621	0
1121	1626	0
1122	1546	0
1123	1582	0
1124	1534	0
1125	1624	0
1126	1602	0
1127	1607	0
1128	1646	0
1129	1547	0
1130	1515	0
1131	1551	0
1132	1652	0
1133	1547	0
1134	1578	0
1135	1490	0
1136	1582	0
1137	1573	0
1138	1577	0
1139	1614	0
1140	1684	0
1141	1610	0
1142	1567	0
1143	1564	0
1144	1562	0
1145	1586	0
1146	1573	0
1147	1648	0
1148	1584	0
1149	1593	0
1150	1655	0
1151	1659	0
1152	1569	0
1153	1564	0
1154	1613	0
1155	1610	0
1156	1610	0
1157	1593	0
1158	1669	0
1159	1614	0
1160	1655	0
1161	1600	0
1162	1677	0
1163	1631	0
1164	1666	0
1165	1583	0
1166	1662	0
1167	1705	0
1168	1719	0
1169	1659	0
1170	1673	0
1171	1680	0
1172	1632	0
1173	1615	0
1174	1702	0
1175	1690	0
1176	1698	0
1177	1666	0
1178	1638	0
1179	1693	0
1180	1646	0
1181	1665	0
1182	1750	0
1183	1646	0
1184	1669	0
1185	1615	0
1186	1655	0
1187	1744	0
1188	1707	0
1189	1724	0
1190	1723	0
1191	1652	0
1192	1791	0
1193	1663	0
1194	1736	0
1195	1705	0
1196	1798	0
1197	1787	0
1198	1747	0
1199	1776	0
1200	1721	0
1201	1792	0
1202	1741	0
1203	1700	0
1204	1788	0
1205	1772	0
1206	1739	0
1207	1727	0
1208	1729	0
1209	1814	0
1210	1719	0
1211	1859	0
1212	1803	0
1213	1767	0
1214	1826	0
1215	1825	0
1216	1827	0
1217	1824	0
1218	1860	0
1219	1850	0
1220	1883	0
1221	1771	0
1222	1847	0
1223	1830	0
1224	1871	0
1225	1820	0
1226	1809	0
1227	1785	0
1228	1837	0
1229	1767	0
1230	1890	0
1231	1810	0
1232	1870	0
1233	1907	0
1234	1890	0
1235	1901	0
1236	1878	0
1237	1931	0
1238	1925	0
1239	1871	0
1240	1861	0
1241	1908	0
1242	1901	0
1243	1919	0
1244	1812	0
1245	1859	0
1246	1911	0
1247	1878	0
1248	1933	0
1249	1952	0
1250	1983	0
1251	1962	0
1252	1892	0
1253	1982	0
1254	1971	0
1255	2006	0
1256	1991	0
1257	1888	0
1258	2017	0
1259	1974	0
1260	1977	0
1261	2014	0
1262	1960	0
1263	1902	0
1264	1989	0
1265	1942	0
1266	2009	0
1267	1933	0
1268	1959	0
1269	1955	0
1270	1937	0
1271	1927	0
1272	1930	0
1273	1980	0
1274	1977	0
1275	2031	0
1276	1955	0
1277	2015	0
1278	1963	0
1279	2039	0
1280	1990	0
1281	2038	0
1282	2003	0
1283	2028	0
1284	1964	0
1285	2017	0
1286	1961	0
1287	2018	0
1288	1987	0
1289	1910	0
1290	2007	0
1291	2034	0
1292	2007	0
1293	2037	0
1294	2015	0
1295	2083	0
1296	1946	0
1297	2012	0
1298	2004	0
1299	2070	0
1300	2018	0
1301	2058	0
1302	1981	0
1303	1951	0
1304	2014	0
1305	2050	0
1306	2023	0
1307	2004	0
1308	2033	0
1309	2021	0
1310	2033	0
1311	1988	0
1312	1979	0
1313	2069	0
1314	2095	0
1315	1964	0
1316	2065	0
1317	2047	0
1318	2009	0
1319	2029	0
1320	2027	0
1321	2110	0
1322	2162	0
1323	2081	0
1324	2040	0
1325	2095	0
1326	2062	0
1327	2093	0
1328	2062	0
1329	2013	0
1330	2074	0
1331	2080	0
1332	2080	0
1333	2039	0
1334	2112	0
1335	2031	0
1336	2110	0
1337	2099	0
1338	2088	0
1339	2048	0
1340	2146	0
1341	2138	0
1342	2101	0
1343	2097	0
1344	2125	0
1345	2092	0
1346	2110	0
1347	2090	0
1348	2198	0
1349	2135	0
1350	2125	0
1351	2126	0
1352	2163	0
1353	2129	0
1354	2173	0
1355	2137	0
1356	2146	0
1357	2066	0
1358	2066	0
1359	2074	0
1360	2162	0
1361	2128	0
1362	2238	0
1363	2149	0
1364	2127	0
1365	2132	0
1366	2127	0
1367	2183	0
1368	2170	0
1369	2212	0
1370	2109	0
1371	2160	0
1372	2120	0
1373	2131	0
1374	2146	0
1375	2271	0
1376	2101	0
1377	2164	0
1378	2150	0
1379	2132	0
1380	2142	0
1381	2192	0
1382	2283	0
1383	2192	0
1384	2187	0
1385	2095	0
1386	2131	0
1387	2090	0
1388	2140	0
1389	2123	0
1390	2130	0
1391	2114	0
1392	2187	0
1393	2222	0
1394	2304	0
1395	2231	0
1396	2241	0
1397	2181	0
1398	2217	0
1399	2228	0
1400	2149	0
1401	2235	0
1402	2127	0
1403	2212	0
1404	2100	0
1405	2180	0
1406	2116	0
1407	2230	0
1408	2122	0
1409	2205	0
1410	2209	0
1411	2213	0
1412	2225	0
1413	2193	0
1414	2214	0
1415	2181	0
1416	2207	0
1417	2249	0
1418	2291	0
1419	2226	0
1420	2215	0
1421	2176	0
1422	2146	0
1423	2244	0
1424	2313	0
1425	2256	0
1426	2236	0
1427	2195	0
1428	2292	0
1429	2224	0
1430	2360	0
1431	2227	0
1432	2299	0
1433	2265	0
1434	2220	0
1435	2223	0
1436	2221	0
1437	2234	0
1438	2211	0
1439	2107	0
1440	2229	0
1441	2210	0
1442	2246	0
1443	2258	0
1444	2168	0
1445	2259	0
1446	2330	0
1447	2219	0
1448	2192	0
1449	2190	0
1450	2194	0
1451	2220	0
1452	2209	0
1453	2123	0
1454	2289	0
1455	2190	0
1456	2204	0
1457	2244	0
1458	2229	0
1459	2260	0
1460	2333	0
1461	2258	0
1462	2134	0
1463	2265	0
1464	2230	0
1465	2269	0
1466	2258	0
1467	2301	0
1468	2238	0
1469	2122	0
1470	2254	0
1471	2291	0
1472	2235	0
1473	2258	0
1474	2210	0
1475	2377	0
1476	2190	0
1477	2223	0
1478	2200	0
1479	2229	0
1480	2325	0
1481	2212	0
1482	2236	0
1483	2153	0
1484	2241	0
1485	2139	0
1486	2311	0
1487	2199	0
1488	2262	0
1489	2267	0
1490	2237	0
1491	2218	0
1492	2218	0
1493	2167	0
1494	2212	0
1495	2269	0
1496	2290	0
1497	2189	0
1498	2264	0
1499	2244	0
1500	2178	0
1501	2242	0
1502	2281	0
1503	2186	0
1504	2253	0
1505	2296	0
1506	2196	0
1507	2194	0
1508	2179	0
1509	2312	0
1510	2191	0
1511	2213	0
1512	2244	0
1513	2209	0
1514	2289	0
1515	2237	0
1516	2196	0
1517	2271	0
1518	2250	0
1519	2265	0
1520	2218	0
1521	2245	0
1522	2294	0
1523	2229	0
1524	2262	0
1525	2215	0
1526	2235	0
1527	2206	0
1528	2308	0
1529	2193	0
1530	2275	0
1531	2277	0
1532	2250	0
1533	2339	0
1534	2255	0
1535	2236	0
1536	2282	0
1537	2316	0
1538	2154	0
1539	2265	0
1540	2382	0
1541	2304	0
1542	2196	0
1543	2246	0
1544	2253	0
1545	2252	0
1546	2221	0
1547	2366	0
1548	2228	0
1549	2252	0
1550	2196	0
1551	2313	0
1552	2243	0
1553	2289	0
1554	2289	0
1555	2309	0
1556	2309	0
1557	2279	0
1558	2272	0
1559	2285	0
1560	2374	0
1561	2340	0
1562	2248	0
1563	2357	0
1564	2287	0
1565	2285	0
1566	2295	0
1567	2283	0
1568	2321	0
1569	2342	0
1570	2376	0
1571	2306	0
1572	2281	0
1573	2269	0
1574	2317	0
1575	2321	0
1576	2324	0
1577	2242	0
1578	2305	0
1579	2378	0
1580	2421	0
1581	2352	0
1582	2317	0
1583	2315	0
1584	2242	0
1585	2339	0
1586	2343	0
1587	2342	0
1588	2348	0
1589	2315	0
1590	2332	0
1591	2311	0
1592	2338	0
1593	2265	0
1594	2361	0
1595	2364	0
1596	2341	0
1597	2363	0
1598	2253	0
1599	2314	0
1600	2307	0
1601	2247	0
1602	2314	0
1603	2270	0
1604	2310	0
1605	2336	0
1606	2339	0
1607	2307	0
1608	2214	0
1609	2297	0
1610	2219	0
1611	2310	0
1612	2218	0
1613	2297	0
1614	2193	0
1615	2328	0
1616	2354	0
1617	2335	0
1618	2248	0
1619	2202	0
1620	2311	0
1621	2225	0
1622	2244	0
1623	2243	0
1624	2206	0
1625	2368	0
1626	2226	0
1627	2198	0
1628	2185	0
1629	2133	0
1630	2208	0
1631	2163	0
1632	2129	0
1633	2282	0
1634	2179	0
1635	2158	0
1636	2168	0
1637	2225	0
1638	2204	0
1639	2178	0
1640	2158	0
1641	2126	0
1642	2112	0
1643	2161	0
1644	2159	0
1645	2224	0
1646	2216	0
1647	2040	0
1648	2123	0
1649	2137	0
1650	2107	0
1651	2117	0
1652	2069	0
1653	2066	0
1654	2154	0
1655	2202	0
1656	2028	0
1657	2186	0
1658	1976	0
1659	2039	0
1660	2063	0
1661	2037	0
1662	2061	0
1663	1999	0
1664	2015	0
1665	2083	0
1666	1999	0
1667	2105	0
1668	1991	0
1669	1950	0
1670	1945	0
1671	2014	0
1672	1908	0
1673	1903	0
1674	2032	0
1675	1965	0
1676	1940	0
1677	1946	0
1678	2002	0
1679	1974	0
1680	1870	0
1681	1976	0
1682	1854	0
1683	1821	0
1684	1903	0
1685	1899	0
1686	1859	0
1687	1927	0
1688	1872	0
1689	1817	0
1690	1858	0
1691	1917	0
1692	1855	0
1693	1832	0
1694	1909	0
1695	1833	0
1696	1803	0
1697	1752	0
1698	1776	0
1699	1830	0
1700	1736	0
1701	1782	0
1702	1778	0
1703	1886	0
1704	1847	0
1705	1782	0
1706	1776	0
1707	1734	0
1708	1725	0
1709	1751	0
1710	1789	0
1711	1733	0
1712	1696	0
1713	1816	0
1714	1755	0
1715	1718	0
1716	1750	0
1717	1830	0
1718	1771	0
1719	1616	0
1720	1772	0
1721	1701	0
1722	1716	0
1723	1752	0
1724	1758	0
1725	1722	0
1726	1629	0
1727	1766	0
1728	1704	0
1729	1687	0
1730	1709	0
1731	1663	0
1732	1701	0
1733	1694	0
1734	1637	0
1735	1641	0
1736	1697	0
1737	1684	0
1738	1691	0
1739	1683	0
1740	1645	0
1741	1640	0
1742	1618	0
1743	1597	0
1744	1658	0
1745	1641	0
1746	1614	0
1747	1651	0
1748	1552	0
1749	1584	0
1750	1606	0
1751	1536	0
1752	1563	0
1753	1628	0
1754	1583	0
1755	1575	0
1756	1611	0
1757	1614	0
1758	1634	0
1759	1648	0
1760	1545	0
1761	1547	0
1762	1588	0
1763	1576	0
1764	1571	0
1765	1578	0
1766	1638	0
1767	1568	0
1768	1602	0
1769	1566	0
1770	1568	0
1771	1581	0
1772	1510	0
1773	1546	0
1774	1535	0
1775	1520	0
1776	1536	0
1777	1492	0
1778	1469	0
1779	1561	0
1780	1451	0
1781	1546	0
1782	1458	0
1783	1478	0
1784	1463	0
1785	1502	0
1786	1481	0
1787	1525	0
1788	1472	0
1789	1422	0
1790	1469	0
1791	1455	0
1792	1489	0
1793	1456	0
1794	1422	0
1795	1435	0
1796	1406	0
1797	1420	0
1798	1400	0
1799	1440	0
1800	1470	0
1801	1426	0
1802	1410	0
1803	1345	0
1804	1397	0
1805	1396	0
1806	1438	0
1807	1425	0
1808	1348	0
1809	1377	0
1810	1443	0
1811	1324	0
1812	1372	0
1813	1362	0
1814	1356	0
1815	1287	0
1816	1344	0
1817	1282	0
1818	1348	0
1819	1333	0
1820	1341	0
1821	1260	0
1822	1283	0
1823	1315	0
1824	1269	0
1825	1357	0
1826	1303	0
1827	1300	0
1828	1240	0
1829	1216	0
1830	1247	0
1831	1305	0
1832	1242	0
1833	1271	0
1834	1234	0
1835	1243	0
1836	1239	0
1837	1267	0
1838	1266	0
1839	1209	0
1840	1247	0
1841	1199	0
1842	1222	0
1843	1216	0
1844	1189	0
1845	1203	0
1846	1187	0
1847	1159	0
1848	1244	0
1849	1138	0
1850	1227	0
1851	1166	0
1852	1166	0
1853	1187	0
1854	1159	0
1855	1174	0
1856	1177	0
1857	1099	0
1858	1152	0
1859	1187	0
1860	1161	0
1861	1176	0
1862	1190	0
1863	1132	0
1864	1127	0
1865	1120	0
1866	1106	0
1867	1076	0
1868	1114	0
1869	1122	0
1870	1101	0
1871	1123	0
1872	1051	0
1873	1123	0
1874	1103	0
1875	1077	0
1876	1129	0
1877	1107	0
1878	1091	0
1879	1068	0
1880	1110	0
1881	1045	0
1882	1080	0
1883	1003	0
1884	1071	0
1885	1015	0
1886	1014	0
1887	1025	0
1888	994	0
1889	1001	0
1890	999	0
1891	1001	0
1892	988	0
1893	974	0
1894	1004	0
1895	1036	0
1896	1063	0
1897	890	0
1898	996	0
1899	965	0
1900	968	0
1901	908	0
1902	906	0
1903	920	0
1904	983	0
1905	923	0
1906	922	0
1907	893	0
1908	937	0
1909	931	0
1910	910	0
1911	907	0
1912	873	0
1913	898	0
1914	845	0
1915	911	0
1916	922	0
1917	850	0
1918	893	0
1919	953	0
1920	904	0
1921	879	0
1922	861	0
1923	835	0
1924	853	0
1925	882	0
1926	869	0
1927	833	0
1928	882	0
1929	898	0
1930	827	0
1931	870	0
1932	869	0
1933	867	0
1934	820	0
1935	835	0
1936	860	0
1937	868	0
1938	889	0
1939	832	0
1940	819	0
1941	805	0
1942	909	0
1943	822	0
1944	780	0
1945	817	0
1946	847	0
1947	788	0
1948	786	0
1949	753	0
1950	782	0
1951	760	0
1952	748	0
1953	765	0
1954	778	0
1955	735	0
1956	712	0
1957	754	0
1958	713	0
1959	755	0
1960	756	0
1961	723	0
1962	719	0
1963	720	0
1964	705	0
1965	721	0
1966	677	0
1967	733	0
1968	754	0
1969	742	0
1970	676	0
1971	710	0
1972	703	0
1973	691	0
1974	665	0
1975	702	0
1976	662	0
1977	677	0
1978	687	0
1979	651	0
1980	644	0
1981	653	0
1982	674	0
1983	689	0
1984	634	0
1985	654	0
1986	693	0
1987	640	0
1988	621	0
1989	661	0
1990	666	0
1991	668	0
1992	719	0
1993	683	0
1994	636	0
1995	606	0
1996	677	0
1997	667	0
1998	610	0
1999	643	0
2000	603	0
2001	598	0
2002	590	0
2003	595	0
2004	607	0
2005	609	0
2006	589	0
2007	603	0
2008	614	0
2009	583	0
2010	555	0
2011	606	0
2012	581	0
2013	608	0
2014	525	0
2015	572	0
2016	617	0
2017	554	0
2018	559	0
2019	569	0
2020	555	0
2021	514	0
2022	535	0
2023	579	0
2024	543	0
2025	548	0
2026	560	0
2027	489	0
2028	518	0
2029	563	0
2030	517	0
2031	529	0
2032	485	0
2033	484	0
2034	514	0
2035	521	0
2036	494	0
2037	488	0
2038	499	0
2039	515	0
2040	469	0
2041	475	0
2042	496	0
2043	471	0
2044	488	0
2045	464	0
2046	481	0
2047	478	0
2048	428	0
2049	454	0
2050	491	0
2051	465	0
2052	476	0
2053	447	0
2054	453	0
2055	447	0
2056	435	0
2057	498	0
2058	427	0
2059	449	0
2060	440	0
2061	403	0
2062	458	0
2063	472	0
2064	420	0
2065	439	0
2066	391	0
2067	457	0
2068	403	0
2069	431	0
2070	441	0
2071	404	0
2072	401	0
2073	384	0
2074	409	0
2075	400	0
2076	380	0
2077	346	0
2078	404	0
2079	363	0
2080	368	0
2081	368	0
2082	358	0
2083	384	0
2084	354	0
2085	374	0
2086	368	0
2087	365	0
2088	347	0
2089	364	0
2090	307	0
2091	338	0
2092	349	0
2093	318	0
2094	335	0
2095	368	0
2096	302	0
2097	327	0
2098	332	0
2099	349	0
2100	350	0
2101	349	0
2102	314	0
2103	359	0
2104	337	0
2105	345	0
2106	345	0
2107	341	0
2108	333	0
2109	302	0
2110	332	0
2111	336	0
2112	315	0
2113	275	0
2114	306	0
2115	323	0
2116	349	0
2117	336	0
2118	323	0
2119	322	0
2120	305	0
2121	330	0
2122	307	0
2123	302	0
2124	283	0
2125	290	0
2126	321	0
2127	273	0
2128	307	0
2129	283	0
2130	290	0
2131	273	0
2132	290	0
2133	277	0
2134	285	0
2135	288	0
2136	295	0
2137	260	0
2138	297	0
2139	290	0
2140	285	0
2141	275	0
2142	293	0
2143	245	0
2144	276	0
2145	247	0
2146	249	0
2147	241	0
2148	250	0
2149	281	0
2150	265	0
2151	268	0
2152	257	0
2153	268	0
2154	257	0
2155	293	0
2156	255	0
2157	289	0
2158	271	0
2159	279	0
2160	263	0
2161	255	0
2162	250	0
2163	285	0
2164	260	0
2165	253	0
2166	274	0
2167	247	0
2168	240	0
2169	250	0
2170	252	0
2171	272	0
2172	235	0
2173	280	0
2174	258	0
2175	257	0
2176	230	0
2177	249	0
2178	273	0
2179	284	0
2180	234	0
2181	266	0
2182	255	0
2183	260	0
2184	238	0
2185	234	0
2186	231	0
2187	233	0
2188	256	0
2189	223	0
2190	234	0
2191	216	0
2192	221	0
2193	235	0
2194	226	0
2195	214	0
2196	250	0
2197	237	0
2198	244	0
2199	244	0
2200	222	0
2201	243	0
2202	261	0
2203	218	0
2204	253	0
2205	227	0
2206	212	0
2207	253	0
2208	243	0
2209	214	0
2210	240	0
2211	204	0
2212	230	0
2213	232	0
2214	231	0
2215	230	0
2216	225	0
2217	243	0
2218	213	0
2219	237	0
2220	233	0
2221	217	0
2222	209	0
2223	231	0
2224	224	0
2225	217	0
2226	236	0
2227	206	0
2228	251	0
2229	186	0
2230	188	0
2231	196	0
2232	192	0
2233	204	0
2234	197	0
2235	222	0
2236	211	0
2237	226	0
2238	211	0
2239	195	0
2240	186	0
2241	230	0
2242	206	0
2243	186	0
2244	193	0
2245	201	0
2246	188	0
2247	195	0
2248	165	0
2249	202	0
2250	194	0
2251	187	0
2252	186	0
2253	190	0
2254	199	0
2255	180	0
2256	208	0
2257	195	0
2258	195	0
2259	152	0
2260	208	0
2261	182	0
2262	168	0
2263	184	0
2264	194	0
2265	174	0
2266	176	0
2267	205	0
2268	158	0
2269	172	0
2270	163	0
2271	190	0
2272	191	0
2273	168	0
2274	157	0
2275	180	0
2276	159	0
2277	183	0
2278	183	0
2279	187	0
2280	178	0
2281	156	0
2282	189	0
2283	170	0
2284	184	0
2285	170	0
2286	136	0
2287	180	0
2288	180	0
2289	181	0
2290	156	0
2291	148	0
2292	197	0
2293	147	0
2294	186	0
2295	160	0
2296	175	0
2297	176	0
2298	161	0
2299	178	0
2300	159	0
2301	171	0
2302	172	0
2303	182	0
2304	168	0
2305	156	0
2306	168	0
2307	193	0
2308	180	0
2309	191	0
2310	188	0
2311	170	0
2312	152	0
2313	179	0
2314	188	0
2315	165	0
2316	165	0
2317	160	0
2318	157	0
2319	171	0
2320	165	0
2321	166	0
2322	171	0
2323	171	0
2324	183	0
2325	161	0
2326	183	0
2327	157	0
2328	157	0
2329	164	0
2330	160	0
2331	159	0
2332	193	0
2333	187	0
2334	183	0
2335	159	0
2336	155	0
2337	146	0
2338	142	0
2339	152	0
2340	162	0
2341	151	0
2342	158	0
2343	142	0
2344	174	0
2345	147	0
2346	122	0
2347	181	0
2348	174	0
2349	143	0
2350	144	0
2351	151	0
2352	150	0
2353	145	0
2354	150	0
2355	134	0
2356	145	0
2357	167	0
2358	126	0
2359	148	0
2360	113	0
2361	137	0
2362	136	0
2363	157	0
2364	151	0
2365	154	0
2366	143	0
2367	126	0
2368	136	0
2369	143	0
2370	139	0
2371	150	0
2372	136	0
2373	119	0
2374	140	0
2375	140	0
2376	163	0
2377	120	0
2378	130	0
2379	139	0
2380	126	0
2381	142	0
2382	121	0
2383	141	0
2384	119	0
2385	118	0
2386	132	0
2387	121	0
2388	137	0
2389	125	0
2390	128	0
2391	137	0
2392	121	0
2393	140	0
2394	117	0
2395	137	0
2396	126	0
2397	116	0
2398	113	0
2399	107	0
2400	135	0
2401	102	0
2402	130	0
2403	108	0
2404	144	0
2405	116	0
2406	110	0
2407	131	0
2408	124	0
2409	116	0
2410	124	0
2411	131	0
2412	112	0
2413	138	0
2414	130	0
2415	128	0
2416	125	0
2417	118	0
2418	113	0
2419	121	0
2420	129	0
2421	139	0
2422	119	0
2423	135	0
2424	135	0
2425	120	0
2426	118	0
2427	117	0
2428	119	0
2429	129	0
2430	120	0
2431	130	0
2432	131	0
2433	117	0
2434	118	0
2435	119	0
2436	101	0
2437	114	0
2438	123	0
2439	102	0
2440	95	0
2441	116	0
2442	110	0
2443	96	0
2444	111	0
2445	100	0
2446	106	0
2447	103	0
2448	110	0
2449	104	0
2450	116	0
2451	116	0
2452	116	0
2453	112	0
2454	112	0
2455	110	0
2456	102	0
2457	116	0
2458	93	0
2459	98	0
2460	105	0
2461	107	0
2462	109	0
2463	104	0
2464	110	0
2465	107	0
2466	111	0
2467	84	0
2468	128	0
2469	109	0
2470	97	0
2471	91	0
2472	96	0
2473	97	0
2474	106	0
2475	103	0
2476	101	0
2477	92	0
2478	97	0
2479	113	0
2480	93	0
2481	99	0
2482	103	0
2483	91	0
2484	93	0
2485	94	0
2486	95	0
2487	77	0
2488	113	0
2489	82	0
2490	92	0
2491	97	0
2492	101	0
2493	77	0
2494	96	0
2495	115	0
2496	95	0
2497	93	0
2498	101	0
2499	106	0
2500	86	0
2501	98	0
2502	103	0
2503	103	0
2504	97	0
2505	82	0
2506	97	0
2507	99	0
2508	109	0
2509	92	0
2510	108	0
2511	95	0
2512	110	0
2513	74	0
2514	98	0
2515	102	0
2516	97	0
2517	96	0
2518	112	0
2519	107	0
2520	106	0
2521	118	0
2522	103	0
2523	91	0
2524	104	0
2525	103	0
2526	115	0
2527	100	0
2528	98	0
2529	104	0
2530	84	0
2531	106	0
2532	122	0
2533	111	0
2534	91	0
2535	90	0
2536	87	0
2537	108	0
2538	83	0
2539	102	0
2540	76	0
2541	78	0
2542	102	0
2543	85	0
2544	97	0
2545	106	0
2546	91	0
2547	89	0
2548	97	0
2549	81	0
2550	83	0
2551	95	0
2552	87	0
2553	90	0
2554	84	0
2555	79	0
2556	77	0
2557	80	0
2558	89	0
2559	76	0
2560	72	0
2561	84	0
2562	69	0
2563	64	0
2564	76	0
2565	75	0
2566	78	0
2567	95	0
2568	87	0
2569	87	0
2570	78	0
2571	91	0
2572	92	0
2573	81	0
2574	74	0
2575	83	0
2576	73	0
2577	86	0
2578	78	0
2579	78	0
2580	81	0
2581	68	0
2582	88	0
2583	87	0
2584	84	0
2585	86	0
2586	82	0
2587	78	0
2588	90	0
2589	79	0
2590	76	0
2591	67	0
2592	92	0
2593	81	0
2594	75	0
2595	77	0
2596	78	0
2597	80	0
2598	77	0
2599	71	0
2600	73	0
2601	77	0
2602	77	0
2603	73	0
2604	75	0
2605	59	0
2606	82	0
2607	85	0
2608	67	0
2609	63	0
2610	86	0
2611	57	0
2612	88	0
2613	90	0
2614	60	0
2615	91	0
2616	80	0
2617	78	0
2618	88	0
2619	69	0
2620	64	0
2621	78	0
2622	83	0
2623	82	0
2624	81	0
2625	77	0
2626	78	0
2627	89	0
2628	67	0
2629	83	0
2630	78	0
2631	80	0
2632	79	0
2633	80	0
2634	79	0
2635	71	0
2636	89	0
2637	70	0
2638	81	0
2639	82	0
2640	96	0
2641	86	0
2642	76	0
2643	95	0
2644	70	0
2645	78	0
2646	84	0
2647	78	0
2648	77	0
2649	86	0
2650	93	0
2651	88	0
2652	80	0
2653	95	0
2654	83	0
2655	80	0
2656	62	0
2657	85	0
2658	95	0
2659	90	0
2660	71	0
2661	82	0
2662	83	0
2663	77	0
2664	77	0
2665	88	0
2666	59	0
2667	80	0
2668	78	0
2669	78	0
2670	91	0
2671	91	0
2672	74	0
2673	65	0
2674	84	0
2675	89	0
2676	92	0
2677	86	0
2678	82	0
2679	64	0
2680	95	0
2681	85	0
2682	83	0
2683	87	0
2684	81	0
2685	88	0
2686	96	0
2687	90	0
2688	80	0
2689	78	0
2690	84	0
2691	75	0
2692	78	0
2693	102	0
2694	82	0
2695	85	0
2696	93	0
2697	85	0
2698	88	0
2699	88	0
2700	93	0
2701	84	0
2702	79	0
2703	94	0
2704	98	0
2705	96	0
2706	80	0
2707	95	0
2708	91	0
2709	71	0
2710	98	0
2711	76	0
2712	85	0
2713	76	0
2714	108	0
2715	82	0
2716	78	0
2717	81	0
2718	99	0
2719	99	0
2720	78	0
2721	80	0
2722	75	0
2723	92	0
2724	67	0
2725	75	0
2726	88	0
2727	88	0
2728	99	0
2729	77	0
2730	92	0
2731	81	0
2732	89	0
2733	69	0
2734	92	0
2735	76	0
2736	97	0
2737	90	0
2738	83	0
2739	95	0
2740	59	0
2741	69	0
2742	65	0
2743	80	0
2744	94	0
2745	83	0
2746	77	0
2747	76	0
2748	91	0
2749	95	0
2750	77	0
2751	79	0
2752	86	0
2753	95	0
2754	75	0
2755	80	0
2756	89	0
2757	87	0
2758	89	0
2759	91	0
2760	70	0
2761	80	0
2762	92	0
2763	80	0
2764	75	0
2765	85	0
2766	75	0
2767	97	0
2768	88	0
2769	78	0
2770	67	0
2771	70	0
2772	90	0
2773	82	0
2774	78	0
2775	76	0
2776	68	0
2777	79	0
2778	68	0
2779	81	0
2780	71	0
2781	86	0
2782	64	0
2783	79	0
2784	72	0
2785	65	0
2786	69	0
2787	77	0
2788	72	0
2789	73	0
2790	71	0
2791	72	0
2792	79	0
2793	61	0
2794	63	0
2795	93	0
2796	81	0
2797	61	0
2798	69	0
2799	67	0
2800	67	0
2801	57	0
2802	79	0
2803	70	0
2804	90	0
2805	71	0
2806	67	0
2807	59	0
2808	86	0
2809	65	0
2810	80	0
2811	61	0
2812	79	0
2813	68	0
2814	76	0
2815	58	0
2816	72	0
2817	92	0
2818	69	0
2819	73	0
2820	77	0
2821	65	0
2822	63	0
2823	75	0
2824	76	0
2825	67	0
2826	48	0
2827	71	0
2828	65	0
2829	75	0
2830	65	0
2831	68	0
2832	66	0
2833	69	0
2834	71	0
2835	66	0
2836	54	0
2837	54	0
2838	70	0
2839	74	0
2840	60	0
2841	67	0
2842	56	0
2843	66	0
2844	59	0
2845	72	0
2846	61	0
2847	60	0
2848	64	0
2849	46	0
2850	69	0
2851	65	0
2852	36	0
2853	51	0
2854	64	0
2855	56	0
2856	64	0
2857	68	0
2858	40	0
2859	75	0
2860	55	0
2861	65	0
2862	57	0
2863	55	0
2864	65	0
2865	58	0
2866	49	0
2867	55	0
2868	65	0
2869	71	0
2870	64	0
2871	67	0
2872	70	0
2873	58	0
2874	65	0
2875	59	0
2876	60	0
2877	54	0
2878	54	0
2879	52	0
2880	63	0
2881	76	0
2882	51	0
2883	59	0
2884	70	0
2885	58	0
2886	51	0
2887	55	0
2888	61	0
2889	59	0
2890	59	0
2891	67	0
2892	61	0
2893	60	0
2894	65	0
2895	58	0
2896	58	0
2897	67	0
2898	65	0
2899	69	0
2900	69	0
2901	53	0
2902	67	0
2903	47	0
2904	59	0
2905	79	0
2906	57	0
2907	58	0
2908	58	0
2909	50	0
2910	65	0
2911	57	0
2912	61	0
2913	54	0
2914	73	0
2915	49	0
2916	56	0
2917	49	0
2918	68	0
2919	46	0
2920	55	0
2921	52	0
2922	68	0
2923	48	0
2924	50	0
2925	45	0
2926	49	0
2927	57	0
2928	48	0
2929	56	0
2930	50	0
2931	61	0
2932	60	0
2933	48	0
2934	62	0
2935	51	0
2936	46	0
2937	60	0
2938	51	0
2939	55	0
2940	58	0
2941	48	0
2942	60	0
2943	44	0
2944	59	0
2945	52	0
2946	51	0
2947	62	0
2948	47	0
2949	64	0
2950	49	0
2951	59	0
2952	59	0
2953	50	0
2954	41	0
2955	42	0
2956	60	0
2957	50	0
2958	48	0
2959	46	0
2960	53	0
2961	46	0
2962	57	0
2963	45	0
2964	41	0
2965	48	0
2966	45	0
2967	35	0
2968	55	0
2969	56	0
2970	40	0
2971	55	0
2972	52	0
2973	43	0
2974	40	0
2975	51	0
2976	47	0
2977	44	0
2978	40	0
2979	51	0
2980	48	0
2981	60	0
2982	48	0
2983	52	0
2984	52	0
2985	64	0
2986	42	0
2987	56	0
2988	46	0
2989	46	0
2990	49	0
2991	41	0
2992	35	0
2993	41	0
2994	60	0
2995	52	0
2996	40	0
2997	50	0
2998	47	0
2999	54	0
3000	41	0
3001	42	0
3002	43	0
3003	53	0
3004	34	0
3005	49	0
3006	57	0
3007	45	0
3008	50	0
3009	59	0
3010	34	0
3011	58	0
3012	47	0
3013	61	0
3014	36	0
3015	54	0
3016	43	0
3017	51	0
3018	45	0
3019	43	0
3020	50	0
3021	44	0
3022	70	0
3023	37	0
3024	48	0
3025	49	0
3026	36	0
3027	44	0
3028	59	0
3029	55	0
3030	45	0
3031	32	0
3032	45	0
3033	53	0
3034	53	0
3035	42	0
3036	44	0
3037	30	0
3038	34	0
3039	44	0
3040	38	0
3041	52	0
3042	47	0
3043	45	0
3044	51	0
3045	37	0
3046	43	0
3047	44	0
3048	42	0
3049	49	0
3050	37	0
3051	50	0
3052	34	0
3053	34	0
3054	58	0
3055	37	0
3056	35	0
3057	39	0
3058	50	0
3059	38	0
3060	61	0
3061	47	0
3062	33	0
3063	42	0
3064	43	0
3065	41	0
3066	40	0
3067	51	0
3068	51	0
3069	39	0
3070	44	0
3071	46	0
3072	50	0
3073	52	0
3074	45	0
3075	29	0
3076	47	0
3077	43	0
3078	45	0
3079	51	0
3080	36	0
3081	41	0
3082	50	0
3083	52	0
3084	40	0
3085	38	0
3086	40	0
3087	47	0
3088	55	0
3089	41	0
3090	38	0
3091	30	0
3092	40	0
3093	43	0
3094	49	0
3095	50	0
3096	46	0
3097	44	0
3098	34	0
3099	52	0
3100	37	0
3101	48	0
3102	39	0
3103	38	0
3104	35	0
3105	39	0
3106	47	0
3107	44	0
3108	42	0
3109	38	0
3110	48	0
3111	42	0
3112	42	0
3113	52	0
3114	48	0
3115	53	0
3116	53	0
3117	49	0
3118	52	0
3119	34	0
3120	33	0
3121	41	0
3122	57	0
3123	38	0
3124	44	0
3125	35	0
3126	37	0
3127	38	0
3128	44	0
3129	34	0
3130	32	0
3131	49	0
3132	33	0
3133	41	0
3134	35	0
3135	35	0
3136	40	0
3137	32	0
3138	39	0
3139	28	0
3140	32	0
3141	37	0
3142	30	0
3143	30	0
3144	31	0
3145	45	0
3146	27	0
3147	24	0
3148	36	0
3149	46	0
3150	30	0
3151	33	0
3152	32	0
3153	34	0
3154	39	0
3155	40	0
3156	37	0
3157	32	0
3158	21	0
3159	29	0
3160	31	0
3161	39	0
3162	42	0
3163	35	0
3164	29	0
3165	27	0
3166	31	0
3167	26	0
3168	35	0
3169	25	0
3170	25	0
3171	33	0
3172	29	0
3173	26	0
3174	18	0
3175	27	0
3176	25	0
3177	25	0
3178	37	0
3179	40	0
3180	34	0
3181	18	0
3182	34	0
3183	25	0
3184	24	0
3185	34	0
3186	15	0
3187	32	0
3188	20	0
3189	38	0
3190	26	0
3191	27	0
3192	20	0
3193	22	0
3194	18	0
3195	22	0
3196	27	0
3197	21	0
3198	20	0
3199	23	0
3200	22	0
3201	21	0
3202	25	0
3203	18	0
3204	23	0
3205	21	0
3206	19	0
3207	31	0
3208	22	0
3209	25	0
3210	28	0
3211	28	0
3212	19	0
3213	16	0
3214	27	0
3215	33	0
3216	25	0
3217	23	0
3218	23	0
3219	26	0
3220	17	0
3221	26	0
3222	27	0
3223	30	0
3224	29	0
3225	18	0
3226	21	0
3227	25	0
3228	32	0
3229	29	0
3230	18	0
3231	23	0
3232	16	0
3233	30	0
3234	24	0
3235	19	0
3236	20	0
3237	18	0
3238	15	0
3239	23	0
3240	11	0
3241	22	0
3242	19	0
3243	25	0
3244	20	0
3245	11	0
3246	23	0
3247	22	0
3248	16	0
3249	15	0
3250	15	0
3251	26	0
3252	16	0
3253	25	0
3254	25	0
3255	19	0
3256	24	0
3257	17	0
3258	21	0
3259	22	0
3260	18	0
3261	18	0
3262	17	0
3263	18	0
3264	26	0
3265	20	0
3266	20	0
3267	16	0
3268	15	0
3269	15	0
3270	26	0
3271	19	0
3272	21	0
3273	17	0
3274	12	0
3275	23	0
3276	12	0
3277	17	0
3278	23	0
3279	20	0
3280	16	0
3281	18	0
3282	16	0
3283	19	0
3284	15	0
3285	17	0
3286	13	0
3287	13	0
3288	15	0
3289	13	0
3290	7	0
3291	19	0
3292	6	0
3293	15	0
3294	19	0
3295	18	0
3296	15	0
3297	12	0
3298	17	0
3299	13	0
3300	11	0
3301	14	0
3302	15	0
3303	18	0
3304	15	0
3305	18	0
3306	10	0
3307	21	0
3308	15	0
3309	12	0
3310	8	0
3311	10	0
3312	12	0
3313	12	0
3314	14	0
3315	12	0
3316	12	0
3317	10	0
3318	7	0
3319	11	0
3320	12	0
3321	10	0
3322	12	0
3323	10	0
3324	10	0
3325	10	0
3326	21	0
3327	11	0
3328	15	0
3329	10	0
3330	9	0
3331	7	0
3332	12	0
3333	13	0
3334	3	0
3335	6	0
3336	12	0
3337	7	0
3338	11	0
3339	8	0
3340	6	0
3341	6	0
3342	7	0
3343	8	0
3344	12	0
3345	7	0
3346	7	0
3347	5	0
3348	9	0
3349	9	0
3350	8	0
3351	7	0
3352	9	0
3353	7	0
3354	5	0
3355	6	0
3356	5	0
3357	13	0
3358	6	0
3359	6	0
3360	11	0
3361	7	0
3362	10	0
3363	8	0
3364	5	0
3365	7	0
3366	7	0
3367	6	0
3368	7	0
3369	8	0
3370	3	0
3371	7	0
3372	4	0
3373	5	0
3374	7	0
3375	4	0
3376	7	0
3377	6	0
3378	9	0
3379	7	0
3380	11	0
3381	6	0
3382	2	0
3383	6	0
3384	8	0
3385	8	0
3386	6	0
3387	7	0
3388	10	0
3389	9	0
3390	6	0
3391	7	0
3392	9	0
3393	4	0
3394	5	0
3395	2	0
3396	5	0
3397	6	0
3398	5	0
3399	3	0
3400	5	0
3401	5	0
3402	7	0
3403	1	0
3404	5	0
3405	2	0
3406	7	0
3407	4	0
3408	4	0
3409	4	0
3410	1	0
3411	6	0
3412	5	0
3413	2	0
3414	6	0
3415	3	0
3416	6	0
3417	7	0
3418	2	0
3419	4	0
3420	4	0
3421	1	0
3422	4	0
3423	3	0
3424	5	0
3425	2	0
3426	5	0
3427	6	0
3428	1	0
3429	6	0
3430	6	0
3431	2	0
3432	6	0
3433	2	0
3434	6	0
3435	3	0
3436	8	0
3437	3	0
3438	5	0
3439	1	0
3440	6	0
3441	6	0
3442	6	0
3443	5	0
3444	5	0
3445	2	0
3446	5	0
3447	4	0
3448	1	0
3449	5	0
3450	2	0
3451	3	0
3452	3	0
3453	2	0
3454	5	0
3455	4	0
3456	1	0
3457	5	0
3458	2	0
3459	3	0
3460	5	0
3461	1	0
3462	3	0
3463	4	0
3464	6	0
3465	4	0
3466	3	0
3467	2	0
3468	3	0
3469	1	0
3470	4	0
3471	6	0
3472	4	0
3473	4	0
3474	2	0
3475	2	0
3476	3	0
3477	1	0
3478	2	0
3479	2	0
3480	3	0
3481	2	0
3482	4	0
3483	2	0
3484	2	0
3485	3	0
3486	4	0
3487	2	0
3488	4	0
3489	5	0
3490	4	0
3491	3	0
3492	0	0
3493	2	0
3494	3	0
3495	2	0
3496	5	0
3497	1	0
3498	2	0
3499	3	0
3500	2	0
3501	2	0
3502	6	0
3503	6	0
3504	1	0
3505	2	0
3506	4	0
3507	3	0
3508	0	0
3509	3	0
3510	2	0
3511	2	0
3512	1	0
3513	0	0
3514	1	0
3515	3	0
3516	4	0
3517	1	0
3518	2	0
3519	0	0
3520	3	0
3521	2	0
3522	3	0
3523	1	0
3524	2	0
3525	2	0
3526	1	0
3527	3	0
3528	1	0
3529	4	0
3530	1	0
3531	0	0
3532	1	0
3533	1	0
3534	0	0
3535	0	0
3536	1	0
3537	1	0
3538	4	0
3539	2	0
3540	1	0
3541	1	0
3542	1	0
3543	2	0
3544	1	0
3545	1	0
3546	0	0
3547	0	0
3548	3	0
3549	0	0
3550	1	0
3551	2	0
3552	1	0
3553	5	0
3554	4	0
3555	4	0
3556	1	0
3557	3	0
3558	1	0
3559	0	0
3560	4	0
3561	1	0
3562	0	0
3563	2	0
3564	1	0
3565	1	0
3566	1	0
3567	1	0
3568	1	0
3569	1	0
3570	3	0
3571	1	0
3572	0	0
3573	2	0
3574	3	0
3575	4	0
3576	1	0
3577	2	0
3578	1	0
3579	1	0
3580	0	0
3581	1	0
3582	1	0
3583	2	0
3584	2	0
3585	2	0
3586	1	0
3587	1	0
3588	1	0
3589	0	0
3590	2	0
3591	0	0
3592	2	0
3593	2	0
3594	3	0
3595	0	0
3596	1	0
3597	1	0
3598	1	0
3599	1	0
3600	1	0
3601	0	0
3602	0	0
3603	1	0
3604	3	0
3605	1	0
3606	1	0
3607	6	0
3608	0	0
3609	0	0
3610	2	0
3611	1	0
3612	1	0
3613	1	0
3614	2	0
3615	1	0
3616	1	0
3617	0	0
3618	0	0
3619	0	0
3620	2	0
3621	3	0
3622	1	0
3623	0	0
3624	2	0
3625	1	0
3626	2	0
3627	0	0
3628	1	0
3629	1	0
3630	0	0
3631	0	0
3632	0	0
3633	1	0
3634	1	0
3635	0	0
3636	1	0
3637	0	0
3638	0	0
3639	0	0
3640	0	0
3641	0	0
3642	1	0
3643	0	0
3644	0	0
3645	0	0
3646	0	0
3647	1	0
3648	1	0
3649	0	0
3650	1	0
3651	0	0
3652	0	0
3653	0	0
3654	0	0
3655	0	0
3656	1	0
3657	1	0
3658	1	0
3659	0	0
3660	0	0
3661	0	0
3662	0	0
3663	2	0
3664	0	0
3665	0	0
3666	0	0
3667	0	0
3668	0	0
3669	1	0
3670	0	0
3671	1	0
3672	1	0
3673	1	0
3674	2	0
3675	0	0
3676	0	0
3677	0	0
3678	0	0
3679	0	0
3680	0	0
3681	0	0
3682	0	0
3683	2	0
3684	0	0
3685	1	0
3686	0	0
3687	0	0
3688	0	0
3689	0	0
3690	1	0
3691	0	0
3692	2	0
3693	1	0
3694	0	0
3695	0	0
3696	0	0
3697	0	0
3698	0	0
3699	1	0
3700	2	0
3701	1	0
3702	1	0
3703	0	0
3704	1	0
3705	1	0
3706	0	0
3707	0	0
3708	0	0
3709	0	0
3710	0	0
3711	1	0
3712	0	0
3713	1	0
3714	1	0
3715	1	0
3716	0	0
3717	0	0
3718	0	0
3719	1	0
3720	0	0
3721	1	0
3722	0	0
3723	0	0
3724	0	0
3725	0	0
3726	0	0
3727	0	0
3728	1	0
3729	0	0
3730	0	0
3731	1	0
3732	0	0
3733	0	0
3734	0	0
3735	0	0
3736	0	0
3737	1	0
3738	0	0
3739	0	0
3740	0	0
3741	0	0
3742	1	0
3743	0	0
3744	0	0
3745	0	0
3746	0	0
3747	0	0
3748	0	0
3749	0	0
3750	1	0
3751	0	0
3752	2	0
3753	2	0
3754	0	0
3755	1	0
3756	1	0
3757	0	0
3758	2	0
3759	1	0
3760	1	0
3761	0	0
3762	2	0
3763	0	0
3764	2	0
3765	2	0
3766	0	0
3767	0	0
3768	0	0
3769	1	0
3770	1	0
3771	0	0
3772	0	0
3773	1	0
3774	1	0
3775	0	0
3776	1	0
3777	0	0
3778	3	0
3779	0	0
3780	2	0
3781	1	0
3782	0	0
3783	0	0
3784	0	0
3785	0	0
3786	0	0
3787	0	0
3788	0	0
3789	1	0
3790	0	0
3791	1	0
3792	0	0
3793	0	0
3794	0	0
3795	0	0
3796	2	0
3797	1	0
3798	0	0
3799	0	0
3800	1	0
3801	0	0
3802	0	0
3803	1	0
3804	0	0
3805	1	0
3806	1	0
3807	0	0
3808	1	0
3809	0	0
3810	0	0
3811	0	0
3812	1	0
3813	0	0
3814	1	0
3815	0	0
3816	1	0
3817	0	0
3818	0	0
3819	0	0
3820	0	0
3821	0	0
3822	0	0
3823	1	0
3824	2	0
3825	1	0
3826	0	0
3827	1	0
3828	1	0
3829	0	0
3830	0	0
3831	1	0
3832	1	0
3833	1	0
3834	0	0
3835	0	0
3836	0	0
3837	0	0
3838	1	0
3839	2	0
3840	1	0
3841	3	0
3842	2	0
3843	2	0
3844	0	0
3845	1	0
3846	1	0
3847	0	0
3848	1	0
3849	0	0
3850	1	0
3851	2	0
3852	0	0
3853	1	0
3854	1	0
3855	1	0
3856	1	0
3857	0	0
3858	2	0
3859	0	0
3860	1	0
3861	0	0
3862	0	0
3863	0	0
3864	2	0
3865	0	0
3866	0	0
3867	2	0
3868	0	0
3869	1	0
3870	1	0
3871	0	0
3872	0	0
3873	1	0
3874	1	0
3875	1	0
3876	0	0
3877	1	0
3878	0	0
3879	1	0
3880	0	0
3881	0	0
3882	0	0
3883	1	0
3884	0	0
3885	0	0
3886	0	0
3887	1	0
3888	0	0
3889	0	0
3890	1	0
3891	4	0
3892	1	0
3893	0	0
3894	1	0
3895	1	0
3896	2	0
3897	0	0
3898	1	0
3899	2	0
3900	2	0
3901	0	0
3902	0	0
3903	1	0
3904	0	0
3905	4	0
3906	0	0
3907	1	0
3908	0	0
3909	0	0
3910	1	0
3911	1	0
3912	0	0
3913	0	0
3914	1	0
3915	1	0
3916	1	0
3917	1	0
3918	1	0
3919	1	0
3920	2	0
3921	1	0
3922	0	0
3923	1	0
3924	1	0
3925	2	0
3926	0	0
3927	3	0
3928	0	0
3929	0	0
3930	1	0
3931	1	0
3932	1	0
3933	2	0
3934	0	0
3935	3	0
3936	1	0
3937	1	0
3938	1	0
3939	1	0
3940	1	0
3941	0	0
3942	2	0
3943	1	0
3944	2	0
3945	1	0
3946	1	0
3947	2	0
3948	0	0
3949	0	0
3950	0	0
3951	2	0
3952	2	0
3953	1	0
3954	0	0
3955	0	0
3956	0	0
3957	0	0
3958	1	0
3959	2	0
3960	1	0
3961	1	0
3962	1	0
3963	2	0
3964	0	0
3965	1	0
3966	0	0
3967	0	0
3968	0	0
3969	1	0
3970	0	0
3971	2	0
3972	2	0
3973	0	0
3974	0	0
3975	0	0
3976	0	0
3977	0	0
3978	0	0
3979	3	0
3980	1	0
3981	2	0
3982	5	0
3983	0	0
3984	0	0
3985	1	0
3986	0	0
3987	0	0
3988	1	0
3989	1	0
3990	0	0
3991	1	0
3992	0	0
3993	0	0
3994	0	0
3995	2	0
3996	0	0
3997	0	0
3998	1	0
3999	0	0
4000	0	0
4001	0	0
4002	0	0
4003	0	0
4004	0	0
4005	1	0
4006	2	0
4007	0	0
4008	0	0
4009	1	0
4010	0	0
4011	0	0
4012	0	0
4013	0	0
4014	0	0
4015	1	0
4016	2	0
4017	0	0
4018	0	0
4019	1	0
4020	1	0
4021	0	0
4022	1	0
4023	0	0
4024	0	0
4025	0	0
4026	2	0
4027	1	0
4028	1	0
4029	1	0
4030	0	0
4031	0	0
4032	1	0
4033	1	0
4034	0	0
4035	1	0
4036	0	0
4037	0	0
4038	0	0
4039	1	0
4040	1	0
4041	0	0
4042	0	0
4043	1	0
4044	0	0
4045	0	0
4046	2	0
4047	0	0
4048	0	0
4049	1	0
4050	1	0
4051	1	0
4052	0	0
4053	1	0
4054	0	0
4055	0	0
4056	2	0
4057	1	0
4058	0	0
4059	1	0
4060	1	0
4061	0	0
4062	1	0
4063	1	0
4064	0	0
4065	0	0
4066	0	0
4067	0	0
4068	1	0
4069	0	0
4070	0	0
4071	0	0
4072	0	0
4073	0	0
4074	0	0
4075	0	0
4076	0	0
4077	0	0
4078	0	0
4079	1	0
4080	3	0
4081	1	0
4082	0	0
4083	0	0
4084	0	0
4085	0	0
4086	0	0
4087	2	0
4088	0	0
4089	1	0
4090	0	0
4091	0	0
4092	0	0
4093	0	0
4094	1	0
4095	0	0
4096	0	0
4097	1	0
4098	1	0
4099	1	0
4100	0	0
4101	0	0
4102	0	0
4103	0	0
4104	1	0
4105	1	0
4106	0	0
4107	0	0
4108	0	0
4109	1	0
4110	0	0
4111	0	0
4112	0	0
4113	0	0
4114	0	0
4115	0	0
4116	0	0
4117	0	0
4118	0	0
4119	0	0
4120	0	0
4121	0	0
4122	0	0
4123	1	0
4124	0	0
4125	1	0
4126	1	0
4127	3	0
4128	0	0
4129	0	0
4130	0	0
4131	0	0
4132	0	0
4133	0	0
4134	0	0
4135	0	0
4136	1	0
4137	0	0
4138	1	0
4139	2	0
4140	0	0
4141	1	0
4142	1	0
4143	0	0
4144	1	0
4145	0	0
4146	1	0
4147	2	0
4148	1	0
4149	0	0
4150	1	0
4151	1	0
4152	0	0
4153	0	0
4154	0	0
4155	0	0
4156	0	0
4157	0	0
4158	0	0
4159	0	0
4160	0	0
4161	1	0
4162	0	0
4163	1	0
4164	0	0
4165	1	0
4166	0	0
4167	0	0
4168	0	0
4169	0	0
4170	0	0
4171	1	0
4172	0	0
4173	1	0
4174	0	0
4175	0	0
4176	2	0
4177	1	0
4178	0	0
4179	0	0
4180	2	0
4181	0	0
4182	1	0
4183	0	0
4184	0	0
4185	1	0
4186	0	0
4187	0	0
4188	0	0
4189	0	0
4190	1	0
4191	0	0
4192	1	0
4193	1	0
4194	1	0
4195	1	0
4196	0	0
4197	0	0
4198	0	0
4199	0	0
4200	2	0
4201	0	0
4202	1	0
4203	0	0
4204	0	0
4205	1	0
4206	0	0
4207	0	0
4208	0	0
4209	0	0
4210	0	0
4211	0	0
4212	0	0
4213	0	0
4214	2	0
4215	2	0
4216	0	0
4217	1	0
4218	0	0
4219	0	0
4220	1	0
4221	0	0
4222	1	0
4223	0	0
4224	0	0
4225	0	0
4226	2	0
4227	0	0
4228	1	0
4229	1	0
4230	2	0
4231	1	0
4232	0	0
4233	1	0
4234	0	0
4235	0	0
4236	0	0
4237	1	0
4238	0	0
4239	1	0
4240	1	0
4241	0	0
4242	0	0
4243	2	0
4244	0	0
4245	0	0
4246	0	0
4247	1	0
4248	1	0
4249	0	0
4250	1	0
4251	0	0
4252	0	0
4253	0	0
4254	0	0
4255	1	0
4256	0	0
4257	0	0
4258	0	0
4259	1	0
4260	1	0
4261	0	0
4262	0	0
4263	0	0
4264	0	0
4265	0	0
4266	0	0
4267	1	0
4268	0	0
4269	1	0
4270	2	0
4271	1	0
4272	1	0
4273	0	0
4274	2	0
4275	0	0
4276	0	0
4277	1	0
4278	0	0
4279	2	0
4280	0	0
4281	0	0
4282	1	0
4283	2	0
4284	0	0
4285	1	0
4286	0	0
4287	0	0
4288	0	0
4289	2	0
4290	0	0
4291	1	0
4292	1	0
4293	1	0
4294	0	0
4295	0	0
4296	1	0
4297	1	0
4298	0	0
4299	0	0
4300	1	0
4301	0	0
4302	0	0
4303	1	0
4304	1	0
4305	0	0
4306	0	0
4307	0	0
4308	1	0
4309	0	0
4310	0	0
4311	0	0
4312	0	0
4313	1	0
4314	0	0
4315	0	0
4316	0	0
4317	1	0
4318	1	0
4319	0	0
4320	0	0
4321	1	0
4322	0	0
4323	1	0
4324	0	0
4325	0	0
4326	1	0
4327	0	0
4328	1	0
4329	1	0
4330	1	0
4331	2	0
4332	0	0
4333	1	0
4334	0	0
4335	1	0
4336	0	0
4337	1	0
4338	1	0
4339	2	0
4340	0	0
4341	1	0
4342	1	0
4343	0	0
4344	2	0
4345	0	0
4346	2	0
4347	0	0
4348	0	0
4349	0	0
4350	1	0
4351	1	0
4352	1	0
4353	0	0
4354	1	0
4355	1	0
4356	1	0
4357	1	0
4358	1	0
4359	0	0
4360	1	0
4361	1	0
4362	0	0
4363	0	0
4364	1	0
4365	1	0
4366	1	0
4367	1	0
4368	0	0
4369	0	0
4370	1	0
4371	1	0
4372	1	0
4373	1	0
4374	0	0
4375	1	0
4376	0	0
4377	1	0
4378	2	0
4379	0	0
4380	1	0
4381	0	0
4382	0	0
4383	0	0
4384	0	0
4385	1	0
4386	0	0
4387	1	0
4388	0	0
4389	0	0
4390	1	0
4391	0	0
4392	1	0
4393	1	0
4394	2	0
4395	2	0
4396	0	0
4397	0	0
4398	1	0
4399	1	0
4400	1	0
4401	0	0
4402	0	0
4403	1	0
4404	0	0
4405	1	0
4406	2	0
4407	0	0
4408	1	0
4409	1	0
4410	0	0
4411	2	0
4412	0	0
4413	1	0
4414	0	0
4415	0	0
4416	3	0
4417	0	0
4418	1	0
4419	0	0
4420	0	0
4421	2	0
4422	1	0
4423	1	0
4424	0	0
4425	1	0
4426	1	0
4427	1	0
4428	1	0
4429	2	0
4430	1	0
4431	0	0
4432	1	0
4433	1	0
4434	1	0
4435	2	0
4436	0	0
4437	0	0
4438	0	0
4439	1	0
4440	1	0
4441	2	0
4442	2	0
4443	0	0
4444	1	0
4445	2	0
4446	0	0
4447	2	0
4448	0	0
4449	0	0
4450	1	0
4451	0	0
4452	1	0
4453	0	0
4454	2	0
4455	0	0
4456	2	0
4457	0	0
4458	3	0
4459	1	0
4460	1	0
4461	1	0
4462	1	0
4463	1	0
4464	1	0
4465	2	0
4466	1	0
4467	2	0
4468	2	0
4469	0	0
4470	1	0
4471	1	0
4472	2	0
4473	0	0
4474	1	0
4475	1	0
4476	0	0
4477	1	0
4478	2	0
4479	0	0
4480	3	0
4481	1	0
4482	1	0
4483	2	0
4484	2	0
4485	0	0
4486	0	0
4487	0	0
4488	1	0
4489	0	0
4490	1	0
4491	1	0
4492	0	0
4493	0	0
4494	1	0
4495	1	0
4496	0	0
4497	0	0
4498	1	0
4499	0	0
4500	0	0
4501	0	0
4502	1	0
4503	1	0
4504	0	0
4505	2	0
4506	1	0
4507	0	0
4508	0	0
4509	0	0
4510	2	0
4511	0	0
4512	2	0
4513	1	0
4514	0	0
4515	1	0
4516	0	0
4517	0	0
4518	0	0
4519	3	0
4520	1	0
4521	2	0
4522	2	0
4523	0	0
4524	1	0
4525	1	0
4526	2	0
4527	1	0
4528	0	0
4529	1	0
4530	1	0
4531	1	0
4532	2	0
4533	1	0
4534	4	0
4535	0	0
4536	1	0
4537	0	0
4538	0	0
4539	2	0
4540	0	0
4541	0	0
4542	1	0
4543	2	0
4544	1	0
4545	1	0
4546	0	0
4547	1	0
4548	0	0
4549	0	0
4550	0	0
4551	1	0
4552	1	0
4553	1	0
4554	1	0
4555	0	0
4556	0	0
4557	1	0
4558	1	0
4559	2	0
4560	0	0
4561	0	0
4562	1	0
4563	0	0
4564	1	0
4565	0	0
4566	0	0
4567	1	0
4568	1	0
4569	1	0
4570	0	0
4571	0	0
4572	1	0
4573	1	0
4574	3	0
4575	1	0
4576	1	0
4577	1	0
4578	2	0
4579	1	0
4580	0	0
4581	0	0
4582	0	0
4583	1	0
4584	1	0
4585	0	0
4586	0	0
4587	1	0
4588	1	0
4589	0	0
4590	0	0
4591	1	0
4592	1	0
4593	0	0
4594	0	0
4595	1	0
4596	0	0
4597	0	0
4598	0	0
4599	1	0
4600	0	0
4601	0	0
4602	0	0
4603	0	0
4604	0	0
4605	4	0
4606	1	0
4607	0	0
4608	1	0
4609	2	0
4610	0	0
4611	0	0
4612	0	0
4613	0	0
4614	0	0
4615	1	0
4616	0	0
4617	1	0
4618	0	0
4619	1	0
4620	3	0
4621	0	0
4622	0	0
4623	1	0
4624	1	0
4625	1	0
4626	0	0
4627	0	0
4628	0	0
4629	1	0
4630	2	0
4631	0	0
4632	0	0
4633	0	0
4634	0	0
4635	0	0
4636	0	0
4637	0	0
4638	1	0
4639	1	0
4640	0	0
4641	0	0
4642	0	0
4643	1	0
4644	1	0
4645	0	0
4646	0	0
4647	2	0
4648	1	0
4649	0	0
4650	1	0
4651	0	0
4652	3	0
4653	1	0
4654	2	0
4655	1	0
4656	0	0
4657	0	0
4658	0	0
4659	0	0
4660	0	0
4661	0	0
4662	1	0
4663	0	0
4664	2	0
4665	1	0
4666	0	0
4667	0	0
4668	0	0
4669	4	0
4670	2	0
4671	1	0
4672	0	0
4673	1	0
4674	0	0
4675	1	0
4676	1	0
4677	0	0
4678	0	0
4679	0	0
4680	2	0
4681	0	0
4682	1	0
4683	0	0
4684	2	0
4685	3	0
4686	0	0
4687	0	0
4688	1	0
4689	0	0
4690	2	0
4691	0	0
4692	1	0
4693	0	0
4694	2	0
4695	1	0
4696	1	0
4697	2	0
4698	1	0
4699	0	0
4700	0	0
4701	0	0
4702	0	0
4703	1	0
4704	0	0
4705	1	0
4706	0	0
4707	1	0
4708	0	0
4709	2	0
4710	1	0
4711	0	0
4712	2	0
4713	0	0
4714	0	0
4715	1	0
4716	0	0
4717	0	0
4718	0	0
4719	2	0
4720	0	0
4721	1	0
4722	0	0
4723	2	0
4724	2	0
4725	2	0
4726	2	0
4727	0	0
4728	1	0
4729	1	0
4730	0	0
4731	0	0
4732	0	0
4733	1	0
4734	0	0
4735	0	0
4736	1	0
4737	0	0
4738	1	0
4739	0	0
4740	0	0
4741	0	0
4742	1	0
4743	0	0
4744	1	0
4745	0	0
4746	1	0
4747	0	0
4748	1	0
4749	5	0
4750	0	0
4751	0	0
4752	0	0
4753	1	0
4754	0	0
4755	2	0
4756	1	0
4757	2	0
4758	0	0
4759	1	0
4760	1	0
4761	1	0
4762	0	0
4763	1	0
4764	0	0
4765	0	0
4766	0	0
4767	2	0
4768	1	0
4769	1	0
4770	0	0
4771	0	0
4772	1	0
4773	0	0
4774	0	0
4775	1	0
4776	0	0
4777	2	0
4778	0	0
4779	0	0
4780	1	0
4781	0	0
4782	0	0
4783	1	0
4784	1	0
4785	1	0
4786	0	0
4787	1	0
4788	0	0
4789	1	0
4790	0	0
4791	0	0
4792	1	0
4793	1	0
4794	0	0
4795	0	0
4796	1	0
4797	0	0
4798	0	0
4799	0	0
4800	0	0
4801	1	0
4802	1	0
4803	0	0
4804	1	0
4805	1	0
4806	0	0
4807	1	0
4808	0	0
4809	1	0
4810	0	0
4811	0	0
4812	1	0
4813	0	0
4814	0	0
4815	0	0
4816	2	0
4817	0	0
4818	0	0
4819	1	0
4820	0	0
4821	0	0
4822	0	0
4823	0	0
4824	0	0
4825	0	0
4826	0	0
4827	0	0
4828	0	0
4829	0	0
4830	3	0
4831	1	0
4832	0	0
4833	1	0
4834	0	0
4835	0	0
4836	1	0
4837	0	0
4838	0	0
4839	0	0
4840	1	0
4841	0	0
4842	0	0
4843	1	0
4844	1	0
4845	0	0
4846	2	0
4847	0	0
4848	0	0
4849	1	0
4850	0	0
4851	1	0
4852	1	0
4853	1	0
4854	1	0
4855	1	0
4856	1	0
4857	0	0
4858	1	0
4859	1	0
4860	1	0
4861	1	0
4862	2	0
4863	0	0
4864	1	0
4865	1	0
4866	2	0
4867	0	0
4868	0	0
4869	0	0
4870	3	0
4871	1	0
4872	3	0
4873	0	0
4874	1	0
4875	0	0
4876	0	0
4877	0	0
4878	1	0
4879	0	0
4880	1	0
4881	0	0
4882	0	0
4883	0	0
4884	1	0
4885	1	0
4886	2	0
4887	0	0
4888	1	0
4889	0	0
4890	0	0
4891	0	0
4892	1	0
4893	0	0
4894	0	0
4895	2	0
4896	1	0
4897	1	0
4898	0	0
4899	1	0
4900	1	0
4901	1	0
4902	0	0
4903	0	0
4904	0	0
4905	1	0
4906	1	0
4907	0	0
4908	1	0
4909	1	0
4910	1	0
4911	0	0
4912	0	0
4913	0	0
4914	1	0
4915	1	0
4916	3	0
4917	0	0
4918	0	0
4919	0	0
4920	0	0
4921	0	0
4922	0	0
4923	1	0
4924	1	0
4925	0	0
4926	0	0
4927	3	0
4928	0	0
4929	0	0
4930	1	0
4931	0	0
4932	0	0
4933	1	0
4934	0	0
4935	0	0
4936	1	0
4937	2	0
4938	0	0
4939	1	0
4940	1	0
4941	0	0
4942	0	0
4943	0	0
4944	0	0
4945	0	0
4946	0	0
4947	0	0
4948	2	0
4949	1	0
4950	0	0
4951	1	0
4952	1	0
4953	0	0
4954	0	0
4955	1	0
4956	0	0
4957	0	0
4958	0	0
4959	0	0
4960	0	0
4961	0	0
4962	0	0
4963	0	0
4964	1	0
4965	0	0
4966	1	0
4967	1	0
4968	1	0
4969	2	0
4970	0	0
4971	0	0
4972	0	0
4973	0	0
4974	1	0
4975	0	0
4976	1	0
4977	1	0
4978	1	0
4979	0	0
4980	0	0
4981	1	0
4982	1	0
4983	0	0
4984	1	0
4985	0	0
4986	4	0
4987	1	0
4988	0	0
4989	2	0
4990	0	0
4991	0	0
4992	0	0
4993	0	0
4994	2	0
4995	1	0
4996	1	0
4997	0	0
4998	1	0
4999	2	0
5000	1604	0

