## htsjdk.samtools.metrics.StringHeader
# CollectHsMetrics BAIT_INTERVALS=[pool1_pool2_nochr_3c.sort.merged.padded20.hg19.210311.met.annotated.interval_list] TARGET_INTERVALS=[pool1_pool2_nochr_3c.sort.merged.padded20.hg19.210311.met.annotated.interval_list] INPUT=marked_duplicates_filteredout_5.bam OUTPUT=hs_metrics_filteredout_5.txt COVERAGE_CAP=5000 REFERENCE_SEQUENCE=/home/tomas/data/reference/hg19.with.mt.fasta    METRIC_ACCUMULATION_LEVEL=[ALL_READS] NEAR_DISTANCE=250 MINIMUM_MAPPING_QUALITY=20 MINIMUM_BASE_QUALITY=20 CLIP_OVERLAPPING_READS=true INCLUDE_INDELS=false SAMPLE_SIZE=10000 ALLELE_FRACTION=[0.001, 0.005, 0.01, 0.02, 0.05, 0.1, 0.2, 0.3, 0.5] VERBOSITY=INFO QUIET=false VALIDATION_STRINGENCY=STRICT COMPRESSION_LEVEL=5 MAX_RECORDS_IN_RAM=500000 CREATE_INDEX=false CREATE_MD5_FILE=false GA4GH_CLIENT_SECRETS=client_secrets.json USE_JDK_DEFLATER=false USE_JDK_INFLATER=false
## htsjdk.samtools.metrics.StringHeader
# Started on: Thu Feb 03 18:59:22 CET 2022

## METRICS CLASS	picard.analysis.directed.HsMetrics
BAIT_SET	BAIT_TERRITORY	BAIT_DESIGN_EFFICIENCY	ON_BAIT_BASES	NEAR_BAIT_BASES	OFF_BAIT_BASES	PCT_SELECTED_BASES	PCT_OFF_BAIT	ON_BAIT_VS_SELECTED	MEAN_BAIT_COVERAGE	PCT_USABLE_BASES_ON_BAIT	PCT_USABLE_BASES_ON_TARGET	FOLD_ENRICHMENT	HS_LIBRARY_SIZE	HS_PENALTY_10X	HS_PENALTY_20X	HS_PENALTY_30X	HS_PENALTY_40X	HS_PENALTY_50X	HS_PENALTY_100X	TARGET_TERRITORY	GENOME_SIZE	TOTAL_READS	PF_READS	PF_BASES	PF_UNIQUE_READS	PF_UQ_READS_ALIGNED	PF_BASES_ALIGNED	PF_UQ_BASES_ALIGNED	ON_TARGET_BASES	PCT_PF_READS	PCT_PF_UQ_READS	PCT_PF_UQ_READS_ALIGNED	MEAN_TARGET_COVERAGE	MEDIAN_TARGET_COVERAGE	MAX_TARGET_COVERAGE	MIN_TARGET_COVERAGE	ZERO_CVG_TARGETS_PCT	PCT_EXC_DUPE	PCT_EXC_ADAPTER	PCT_EXC_MAPQ	PCT_EXC_BASEQ	PCT_EXC_OVERLAP	PCT_EXC_OFF_TARGET	FOLD_80_BASE_PENALTY	PCT_TARGET_BASES_1X	PCT_TARGET_BASES_2X	PCT_TARGET_BASES_10X	PCT_TARGET_BASES_20X	PCT_TARGET_BASES_30X	PCT_TARGET_BASES_40X	PCT_TARGET_BASES_50X	PCT_TARGET_BASES_100X	PCT_TARGET_BASES_250X	PCT_TARGET_BASES_500X	PCT_TARGET_BASES_1000X	PCT_TARGET_BASES_2500X	PCT_TARGET_BASES_5000X	PCT_TARGET_BASES_10000X	PCT_TARGET_BASES_25000X	PCT_TARGET_BASES_50000X	PCT_TARGET_BASES_100000X	AT_DROPOUT	GC_DROPOUT	HET_SNP_SENSITIVITY	HET_SNP_Q	SAMPLE	LIBRARY	READ_GROUP
pool1_pool2_nochr_3c	2217428	1	144935962	107005830	340807251	0.42504	0.57496	0.575276	65.362195	0.238393	0.095948	341.360913	747236	-1	-1	-1	-1	-1	-1	2217428	3095693983	4293058	4293058	607971018	2885300	2884040	592749043	399649126	58333738	1	0.672085	0.999563	26.306937	7	21726	0	0.034185	0.32577	0	0.023091	0.06131	0.081882	0.40962	6.576734	0.986004	0.951895	0.341289	0.196	0.148964	0.120458	0.100308	0.050699	0.014834	0.004918	0.001239	0.000321	0.00008	0.000069	0	0	0	9.469348	9.34717	0.865953	9			

## HISTOGRAM	java.lang.Integer
coverage_or_base_quality	high_quality_coverage_count	unfiltered_baseq_count
0	31035	0
1	75634	0
2	139814	0
3	194744	0
4	222549	0
5	219764	0
6	194817	0
7	161107	0
8	125167	0
9	96013	0
10	71597	0
11	54781	0
12	42164	0
13	33619	0
14	27413	8049470
15	23031	0
16	20281	0
17	17853	0
18	16543	0
19	14886	0
20	13968	0
21	12721	907495
22	11933	0
23	11018	0
24	10571	0
25	9814	0
26	9514	0
27	8789	3120936
28	8264	0
29	7707	0
30	7463	0
31	7073	0
32	6946	7598220
33	6780	0
34	6392	0
35	6119	0
36	5974	44900130
37	5663	0
38	5433	0
39	5366	0
40	5271	0
41	4906	0
42	4855	0
43	4707	0
44	4534	0
45	4305	0
46	4138	0
47	4036	0
48	4029	0
49	3902	0
50	3783	0
51	3644	0
52	3626	0
53	3531	0
54	3568	0
55	3384	0
56	3481	0
57	3221	0
58	3209	0
59	3105	0
60	3147	0
61	3043	0
62	2958	0
63	2792	0
64	2702	0
65	2495	0
66	2666	0
67	2399	0
68	2364	0
69	2318	0
70	2235	0
71	2141	0
72	2096	0
73	1998	0
74	2021	0
75	1902	0
76	1842	0
77	1838	0
78	1851	0
79	1736	0
80	1664	0
81	1640	0
82	1664	0
83	1666	0
84	1582	0
85	1523	0
86	1442	0
87	1421	0
88	1511	0
89	1467	0
90	1421	0
91	1412	0
92	1406	0
93	1472	0
94	1325	0
95	1324	0
96	1294	0
97	1298	0
98	1195	0
99	1180	0
100	1154	0
101	1191	0
102	1105	0
103	1174	0
104	1189	0
105	1067	0
106	1085	0
107	1029	0
108	988	0
109	1017	0
110	957	0
111	1039	0
112	990	0
113	1021	0
114	965	0
115	934	0
116	920	0
117	812	0
118	865	0
119	869	0
120	894	0
121	899	0
122	824	0
123	893	0
124	824	0
125	829	0
126	886	0
127	845	0
128	890	0
129	896	0
130	840	0
131	810	0
132	815	0
133	813	0
134	710	0
135	772	0
136	775	0
137	738	0
138	686	0
139	701	0
140	684	0
141	684	0
142	647	0
143	696	0
144	621	0
145	622	0
146	632	0
147	620	0
148	617	0
149	640	0
150	547	0
151	572	0
152	556	0
153	577	0
154	559	0
155	605	0
156	581	0
157	587	0
158	588	0
159	545	0
160	529	0
161	575	0
162	518	0
163	515	0
164	536	0
165	533	0
166	469	0
167	480	0
168	466	0
169	492	0
170	474	0
171	508	0
172	496	0
173	484	0
174	524	0
175	490	0
176	478	0
177	477	0
178	461	0
179	465	0
180	423	0
181	388	0
182	442	0
183	436	0
184	383	0
185	392	0
186	367	0
187	395	0
188	345	0
189	374	0
190	390	0
191	365	0
192	372	0
193	368	0
194	390	0
195	318	0
196	350	0
197	369	0
198	324	0
199	312	0
200	343	0
201	305	0
202	308	0
203	300	0
204	306	0
205	333	0
206	302	0
207	295	0
208	303	0
209	306	0
210	305	0
211	308	0
212	315	0
213	266	0
214	274	0
215	255	0
216	311	0
217	271	0
218	269	0
219	295	0
220	262	0
221	254	0
222	296	0
223	253	0
224	241	0
225	247	0
226	246	0
227	210	0
228	250	0
229	248	0
230	242	0
231	221	0
232	232	0
233	242	0
234	224	0
235	204	0
236	228	0
237	246	0
238	244	0
239	202	0
240	226	0
241	243	0
242	214	0
243	231	0
244	261	0
245	232	0
246	253	0
247	253	0
248	260	0
249	230	0
250	208	0
251	220	0
252	218	0
253	216	0
254	239	0
255	201	0
256	199	0
257	206	0
258	221	0
259	176	0
260	192	0
261	160	0
262	186	0
263	180	0
264	176	0
265	186	0
266	163	0
267	163	0
268	164	0
269	152	0
270	158	0
271	178	0
272	166	0
273	174	0
274	152	0
275	176	0
276	155	0
277	146	0
278	132	0
279	149	0
280	148	0
281	164	0
282	152	0
283	157	0
284	157	0
285	157	0
286	142	0
287	138	0
288	154	0
289	137	0
290	139	0
291	121	0
292	122	0
293	132	0
294	160	0
295	144	0
296	126	0
297	148	0
298	166	0
299	153	0
300	153	0
301	121	0
302	144	0
303	126	0
304	129	0
305	150	0
306	129	0
307	148	0
308	136	0
309	149	0
310	142	0
311	129	0
312	115	0
313	129	0
314	125	0
315	104	0
316	121	0
317	124	0
318	103	0
319	103	0
320	109	0
321	96	0
322	94	0
323	106	0
324	80	0
325	118	0
326	92	0
327	93	0
328	105	0
329	82	0
330	108	0
331	116	0
332	91	0
333	98	0
334	106	0
335	84	0
336	102	0
337	102	0
338	99	0
339	81	0
340	89	0
341	98	0
342	97	0
343	84	0
344	106	0
345	91	0
346	91	0
347	90	0
348	82	0
349	104	0
350	96	0
351	87	0
352	105	0
353	84	0
354	75	0
355	88	0
356	73	0
357	67	0
358	88	0
359	72	0
360	75	0
361	76	0
362	75	0
363	80	0
364	73	0
365	65	0
366	70	0
367	90	0
368	67	0
369	74	0
370	82	0
371	72	0
372	62	0
373	67	0
374	83	0
375	71	0
376	67	0
377	69	0
378	65	0
379	74	0
380	59	0
381	56	0
382	60	0
383	58	0
384	64	0
385	67	0
386	79	0
387	57	0
388	59	0
389	60	0
390	65	0
391	73	0
392	66	0
393	76	0
394	58	0
395	60	0
396	72	0
397	77	0
398	68	0
399	55	0
400	63	0
401	58	0
402	64	0
403	63	0
404	67	0
405	67	0
406	51	0
407	72	0
408	54	0
409	71	0
410	52	0
411	71	0
412	57	0
413	46	0
414	64	0
415	70	0
416	62	0
417	37	0
418	71	0
419	50	0
420	56	0
421	54	0
422	49	0
423	52	0
424	47	0
425	54	0
426	38	0
427	50	0
428	49	0
429	48	0
430	37	0
431	41	0
432	49	0
433	55	0
434	72	0
435	60	0
436	46	0
437	44	0
438	47	0
439	53	0
440	44	0
441	38	0
442	58	0
443	46	0
444	56	0
445	46	0
446	44	0
447	51	0
448	39	0
449	36	0
450	45	0
451	39	0
452	39	0
453	42	0
454	42	0
455	34	0
456	42	0
457	43	0
458	39	0
459	48	0
460	30	0
461	50	0
462	43	0
463	41	0
464	31	0
465	37	0
466	37	0
467	53	0
468	33	0
469	34	0
470	40	0
471	57	0
472	49	0
473	33	0
474	44	0
475	42	0
476	37	0
477	39	0
478	29	0
479	43	0
480	52	0
481	40	0
482	46	0
483	42	0
484	35	0
485	33	0
486	36	0
487	34	0
488	41	0
489	38	0
490	35	0
491	28	0
492	36	0
493	37	0
494	35	0
495	32	0
496	22	0
497	40	0
498	26	0
499	31	0
500	36	0
501	38	0
502	30	0
503	29	0
504	36	0
505	21	0
506	19	0
507	28	0
508	25	0
509	38	0
510	35	0
511	31	0
512	28	0
513	25	0
514	33	0
515	30	0
516	25	0
517	27	0
518	29	0
519	33	0
520	32	0
521	28	0
522	39	0
523	23	0
524	33	0
525	30	0
526	33	0
527	18	0
528	26	0
529	26	0
530	22	0
531	36	0
532	26	0
533	33	0
534	24	0
535	37	0
536	28	0
537	31	0
538	28	0
539	30	0
540	21	0
541	24	0
542	32	0
543	31	0
544	32	0
545	26	0
546	38	0
547	20	0
548	27	0
549	29	0
550	22	0
551	33	0
552	19	0
553	25	0
554	22	0
555	27	0
556	27	0
557	39	0
558	16	0
559	25	0
560	14	0
561	31	0
562	23	0
563	27	0
564	33	0
565	29	0
566	23	0
567	27	0
568	26	0
569	25	0
570	22	0
571	27	0
572	23	0
573	27	0
574	35	0
575	21	0
576	23	0
577	19	0
578	21	0
579	24	0
580	26	0
581	18	0
582	37	0
583	19	0
584	31	0
585	19	0
586	20	0
587	12	0
588	23	0
589	22	0
590	24	0
591	26	0
592	25	0
593	21	0
594	25	0
595	24	0
596	28	0
597	23	0
598	26	0
599	26	0
600	35	0
601	27	0
602	21	0
603	28	0
604	22	0
605	22	0
606	23	0
607	26	0
608	23	0
609	12	0
610	27	0
611	23	0
612	36	0
613	22	0
614	27	0
615	24	0
616	24	0
617	26	0
618	21	0
619	22	0
620	27	0
621	16	0
622	18	0
623	30	0
624	26	0
625	23	0
626	24	0
627	33	0
628	27	0
629	27	0
630	23	0
631	23	0
632	20	0
633	25	0
634	31	0
635	19	0
636	16	0
637	25	0
638	28	0
639	22	0
640	18	0
641	20	0
642	25	0
643	17	0
644	22	0
645	19	0
646	31	0
647	22	0
648	16	0
649	19	0
650	19	0
651	26	0
652	14	0
653	20	0
654	18	0
655	18	0
656	29	0
657	20	0
658	22	0
659	29	0
660	17	0
661	21	0
662	15	0
663	24	0
664	15	0
665	20	0
666	21	0
667	26	0
668	27	0
669	26	0
670	23	0
671	25	0
672	25	0
673	21	0
674	13	0
675	21	0
676	13	0
677	23	0
678	18	0
679	20	0
680	20	0
681	14	0
682	9	0
683	20	0
684	18	0
685	18	0
686	16	0
687	13	0
688	14	0
689	15	0
690	21	0
691	12	0
692	12	0
693	14	0
694	25	0
695	15	0
696	21	0
697	16	0
698	20	0
699	20	0
700	18	0
701	16	0
702	18	0
703	23	0
704	12	0
705	9	0
706	15	0
707	14	0
708	18	0
709	22	0
710	9	0
711	15	0
712	9	0
713	17	0
714	17	0
715	17	0
716	19	0
717	10	0
718	17	0
719	21	0
720	11	0
721	10	0
722	14	0
723	21	0
724	14	0
725	13	0
726	16	0
727	21	0
728	11	0
729	14	0
730	20	0
731	20	0
732	15	0
733	16	0
734	14	0
735	18	0
736	22	0
737	15	0
738	12	0
739	11	0
740	16	0
741	14	0
742	17	0
743	16	0
744	16	0
745	19	0
746	22	0
747	18	0
748	15	0
749	17	0
750	15	0
751	28	0
752	19	0
753	13	0
754	7	0
755	9	0
756	15	0
757	14	0
758	13	0
759	19	0
760	12	0
761	11	0
762	10	0
763	6	0
764	10	0
765	9	0
766	12	0
767	8	0
768	14	0
769	14	0
770	13	0
771	9	0
772	12	0
773	12	0
774	19	0
775	7	0
776	15	0
777	12	0
778	12	0
779	7	0
780	17	0
781	10	0
782	8	0
783	12	0
784	15	0
785	9	0
786	13	0
787	7	0
788	14	0
789	7	0
790	9	0
791	12	0
792	20	0
793	8	0
794	8	0
795	11	0
796	11	0
797	9	0
798	7	0
799	13	0
800	10	0
801	16	0
802	23	0
803	12	0
804	8	0
805	15	0
806	11	0
807	15	0
808	19	0
809	15	0
810	11	0
811	11	0
812	13	0
813	20	0
814	13	0
815	11	0
816	13	0
817	6	0
818	13	0
819	6	0
820	13	0
821	16	0
822	18	0
823	9	0
824	11	0
825	12	0
826	12	0
827	12	0
828	10	0
829	13	0
830	17	0
831	17	0
832	16	0
833	15	0
834	18	0
835	11	0
836	14	0
837	15	0
838	15	0
839	14	0
840	6	0
841	19	0
842	20	0
843	16	0
844	11	0
845	14	0
846	14	0
847	11	0
848	8	0
849	8	0
850	16	0
851	7	0
852	10	0
853	8	0
854	7	0
855	11	0
856	14	0
857	12	0
858	12	0
859	16	0
860	13	0
861	13	0
862	5	0
863	10	0
864	9	0
865	8	0
866	9	0
867	12	0
868	7	0
869	10	0
870	10	0
871	6	0
872	9	0
873	11	0
874	7	0
875	4	0
876	8	0
877	14	0
878	4	0
879	3	0
880	6	0
881	10	0
882	8	0
883	6	0
884	6	0
885	6	0
886	8	0
887	12	0
888	11	0
889	9	0
890	6	0
891	7	0
892	7	0
893	10	0
894	7	0
895	14	0
896	9	0
897	4	0
898	11	0
899	16	0
900	8	0
901	6	0
902	9	0
903	5	0
904	11	0
905	6	0
906	8	0
907	6	0
908	3	0
909	3	0
910	4	0
911	10	0
912	9	0
913	6	0
914	3	0
915	8	0
916	6	0
917	12	0
918	3	0
919	11	0
920	7	0
921	10	0
922	14	0
923	8	0
924	6	0
925	8	0
926	9	0
927	11	0
928	7	0
929	7	0
930	8	0
931	5	0
932	4	0
933	10	0
934	5	0
935	11	0
936	13	0
937	4	0
938	7	0
939	12	0
940	8	0
941	5	0
942	14	0
943	5	0
944	6	0
945	12	0
946	6	0
947	12	0
948	5	0
949	10	0
950	10	0
951	9	0
952	5	0
953	15	0
954	8	0
955	5	0
956	13	0
957	12	0
958	12	0
959	6	0
960	8	0
961	9	0
962	9	0
963	14	0
964	10	0
965	9	0
966	12	0
967	9	0
968	12	0
969	11	0
970	9	0
971	7	0
972	4	0
973	5	0
974	7	0
975	9	0
976	12	0
977	13	0
978	12	0
979	9	0
980	3	0
981	7	0
982	14	0
983	3	0
984	6	0
985	15	0
986	8	0
987	6	0
988	8	0
989	5	0
990	13	0
991	10	0
992	1	0
993	5	0
994	4	0
995	4	0
996	7	0
997	10	0
998	5	0
999	5	0
1000	8	0
1001	8	0
1002	5	0
1003	2	0
1004	6	0
1005	4	0
1006	8	0
1007	5	0
1008	6	0
1009	8	0
1010	8	0
1011	5	0
1012	8	0
1013	10	0
1014	6	0
1015	11	0
1016	5	0
1017	5	0
1018	8	0
1019	9	0
1020	6	0
1021	6	0
1022	1	0
1023	0	0
1024	4	0
1025	4	0
1026	7	0
1027	3	0
1028	4	0
1029	4	0
1030	7	0
1031	1	0
1032	2	0
1033	3	0
1034	3	0
1035	3	0
1036	6	0
1037	6	0
1038	3	0
1039	2	0
1040	4	0
1041	3	0
1042	4	0
1043	6	0
1044	7	0
1045	4	0
1046	3	0
1047	4	0
1048	5	0
1049	2	0
1050	6	0
1051	3	0
1052	2	0
1053	6	0
1054	1	0
1055	5	0
1056	2	0
1057	4	0
1058	2	0
1059	3	0
1060	7	0
1061	10	0
1062	3	0
1063	6	0
1064	3	0
1065	4	0
1066	3	0
1067	7	0
1068	3	0
1069	3	0
1070	5	0
1071	1	0
1072	6	0
1073	11	0
1074	6	0
1075	4	0
1076	4	0
1077	4	0
1078	9	0
1079	8	0
1080	7	0
1081	5	0
1082	5	0
1083	2	0
1084	3	0
1085	5	0
1086	5	0
1087	6	0
1088	3	0
1089	3	0
1090	3	0
1091	4	0
1092	6	0
1093	6	0
1094	3	0
1095	5	0
1096	1	0
1097	2	0
1098	7	0
1099	3	0
1100	7	0
1101	7	0
1102	3	0
1103	2	0
1104	2	0
1105	4	0
1106	3	0
1107	2	0
1108	4	0
1109	4	0
1110	6	0
1111	6	0
1112	3	0
1113	4	0
1114	2	0
1115	6	0
1116	1	0
1117	2	0
1118	5	0
1119	3	0
1120	2	0
1121	6	0
1122	1	0
1123	3	0
1124	2	0
1125	1	0
1126	2	0
1127	4	0
1128	4	0
1129	10	0
1130	3	0
1131	2	0
1132	6	0
1133	5	0
1134	1	0
1135	2	0
1136	4	0
1137	3	0
1138	4	0
1139	5	0
1140	3	0
1141	2	0
1142	5	0
1143	3	0
1144	0	0
1145	4	0
1146	3	0
1147	3	0
1148	5	0
1149	5	0
1150	1	0
1151	2	0
1152	3	0
1153	2	0
1154	2	0
1155	3	0
1156	2	0
1157	3	0
1158	4	0
1159	7	0
1160	1	0
1161	3	0
1162	4	0
1163	3	0
1164	8	0
1165	3	0
1166	5	0
1167	4	0
1168	1	0
1169	5	0
1170	5	0
1171	5	0
1172	1	0
1173	5	0
1174	4	0
1175	4	0
1176	3	0
1177	4	0
1178	2	0
1179	9	0
1180	5	0
1181	2	0
1182	2	0
1183	6	0
1184	2	0
1185	5	0
1186	7	0
1187	3	0
1188	1	0
1189	5	0
1190	5	0
1191	3	0
1192	3	0
1193	7	0
1194	4	0
1195	3	0
1196	1	0
1197	4	0
1198	2	0
1199	4	0
1200	1	0
1201	4	0
1202	4	0
1203	1	0
1204	3	0
1205	4	0
1206	3	0
1207	8	0
1208	6	0
1209	3	0
1210	0	0
1211	2	0
1212	2	0
1213	2	0
1214	4	0
1215	4	0
1216	4	0
1217	4	0
1218	4	0
1219	3	0
1220	3	0
1221	3	0
1222	2	0
1223	1	0
1224	1	0
1225	2	0
1226	2	0
1227	2	0
1228	3	0
1229	1	0
1230	2	0
1231	2	0
1232	5	0
1233	0	0
1234	1	0
1235	2	0
1236	3	0
1237	0	0
1238	2	0
1239	1	0
1240	1	0
1241	0	0
1242	1	0
1243	2	0
1244	1	0
1245	2	0
1246	0	0
1247	0	0
1248	1	0
1249	1	0
1250	1	0
1251	1	0
1252	0	0
1253	0	0
1254	1	0
1255	2	0
1256	2	0
1257	0	0
1258	2	0
1259	0	0
1260	2	0
1261	1	0
1262	3	0
1263	1	0
1264	3	0
1265	1	0
1266	1	0
1267	1	0
1268	1	0
1269	3	0
1270	0	0
1271	1	0
1272	2	0
1273	0	0
1274	3	0
1275	1	0
1276	1	0
1277	5	0
1278	0	0
1279	0	0
1280	3	0
1281	2	0
1282	0	0
1283	4	0
1284	3	0
1285	0	0
1286	0	0
1287	2	0
1288	2	0
1289	3	0
1290	1	0
1291	2	0
1292	0	0
1293	0	0
1294	1	0
1295	1	0
1296	0	0
1297	0	0
1298	4	0
1299	1	0
1300	2	0
1301	4	0
1302	0	0
1303	1	0
1304	2	0
1305	0	0
1306	2	0
1307	2	0
1308	1	0
1309	0	0
1310	0	0
1311	0	0
1312	1	0
1313	0	0
1314	1	0
1315	0	0
1316	1	0
1317	1	0
1318	3	0
1319	2	0
1320	2	0
1321	2	0
1322	3	0
1323	3	0
1324	2	0
1325	0	0
1326	1	0
1327	3	0
1328	0	0
1329	0	0
1330	3	0
1331	1	0
1332	1	0
1333	1	0
1334	0	0
1335	3	0
1336	0	0
1337	1	0
1338	2	0
1339	1	0
1340	0	0
1341	2	0
1342	2	0
1343	2	0
1344	0	0
1345	4	0
1346	2	0
1347	0	0
1348	3	0
1349	1	0
1350	2	0
1351	1	0
1352	1	0
1353	1	0
1354	1	0
1355	0	0
1356	3	0
1357	1	0
1358	0	0
1359	1	0
1360	1	0
1361	1	0
1362	0	0
1363	3	0
1364	2	0
1365	1	0
1366	0	0
1367	0	0
1368	0	0
1369	6	0
1370	3	0
1371	0	0
1372	0	0
1373	0	0
1374	1	0
1375	1	0
1376	0	0
1377	2	0
1378	0	0
1379	1	0
1380	3	0
1381	2	0
1382	2	0
1383	2	0
1384	1	0
1385	2	0
1386	1	0
1387	3	0
1388	2	0
1389	2	0
1390	3	0
1391	3	0
1392	2	0
1393	0	0
1394	3	0
1395	2	0
1396	2	0
1397	2	0
1398	0	0
1399	3	0
1400	2	0
1401	0	0
1402	0	0
1403	1	0
1404	0	0
1405	1	0
1406	2	0
1407	2	0
1408	1	0
1409	2	0
1410	0	0
1411	2	0
1412	2	0
1413	1	0
1414	2	0
1415	1	0
1416	0	0
1417	3	0
1418	2	0
1419	1	0
1420	3	0
1421	4	0
1422	5	0
1423	0	0
1424	1	0
1425	1	0
1426	2	0
1427	0	0
1428	1	0
1429	1	0
1430	2	0
1431	1	0
1432	0	0
1433	2	0
1434	0	0
1435	1	0
1436	1	0
1437	1	0
1438	0	0
1439	2	0
1440	0	0
1441	0	0
1442	0	0
1443	1	0
1444	1	0
1445	0	0
1446	1	0
1447	0	0
1448	0	0
1449	2	0
1450	2	0
1451	1	0
1452	0	0
1453	0	0
1454	1	0
1455	2	0
1456	0	0
1457	2	0
1458	1	0
1459	0	0
1460	0	0
1461	0	0
1462	1	0
1463	0	0
1464	0	0
1465	1	0
1466	0	0
1467	0	0
1468	1	0
1469	2	0
1470	1	0
1471	2	0
1472	1	0
1473	3	0
1474	0	0
1475	1	0
1476	2	0
1477	1	0
1478	2	0
1479	1	0
1480	0	0
1481	2	0
1482	1	0
1483	1	0
1484	0	0
1485	0	0
1486	0	0
1487	3	0
1488	3	0
1489	0	0
1490	2	0
1491	2	0
1492	1	0
1493	0	0
1494	0	0
1495	0	0
1496	0	0
1497	2	0
1498	1	0
1499	2	0
1500	2	0
1501	1	0
1502	0	0
1503	0	0
1504	0	0
1505	1	0
1506	1	0
1507	2	0
1508	1	0
1509	1	0
1510	0	0
1511	0	0
1512	0	0
1513	1	0
1514	1	0
1515	1	0
1516	0	0
1517	1	0
1518	3	0
1519	0	0
1520	2	0
1521	0	0
1522	1	0
1523	0	0
1524	1	0
1525	2	0
1526	1	0
1527	1	0
1528	1	0
1529	1	0
1530	0	0
1531	1	0
1532	2	0
1533	1	0
1534	0	0
1535	2	0
1536	2	0
1537	1	0
1538	0	0
1539	3	0
1540	2	0
1541	0	0
1542	1	0
1543	1	0
1544	0	0
1545	4	0
1546	1	0
1547	3	0
1548	1	0
1549	0	0
1550	3	0
1551	1	0
1552	2	0
1553	0	0
1554	0	0
1555	2	0
1556	1	0
1557	1	0
1558	0	0
1559	2	0
1560	2	0
1561	0	0
1562	1	0
1563	1	0
1564	0	0
1565	2	0
1566	0	0
1567	2	0
1568	1	0
1569	0	0
1570	1	0
1571	1	0
1572	0	0
1573	1	0
1574	1	0
1575	2	0
1576	0	0
1577	2	0
1578	3	0
1579	0	0
1580	1	0
1581	2	0
1582	2	0
1583	0	0
1584	2	0
1585	1	0
1586	0	0
1587	3	0
1588	0	0
1589	1	0
1590	1	0
1591	0	0
1592	1	0
1593	1	0
1594	0	0
1595	0	0
1596	0	0
1597	0	0
1598	0	0
1599	1	0
1600	3	0
1601	2	0
1602	0	0
1603	1	0
1604	1	0
1605	1	0
1606	3	0
1607	0	0
1608	0	0
1609	3	0
1610	0	0
1611	1	0
1612	1	0
1613	2	0
1614	1	0
1615	0	0
1616	2	0
1617	2	0
1618	0	0
1619	2	0
1620	1	0
1621	2	0
1622	0	0
1623	0	0
1624	1	0
1625	1	0
1626	0	0
1627	3	0
1628	0	0
1629	1	0
1630	2	0
1631	1	0
1632	1	0
1633	2	0
1634	1	0
1635	3	0
1636	1	0
1637	0	0
1638	2	0
1639	0	0
1640	0	0
1641	0	0
1642	1	0
1643	4	0
1644	0	0
1645	3	0
1646	1	0
1647	1	0
1648	3	0
1649	1	0
1650	0	0
1651	2	0
1652	1	0
1653	1	0
1654	0	0
1655	1	0
1656	2	0
1657	2	0
1658	1	0
1659	2	0
1660	2	0
1661	3	0
1662	1	0
1663	2	0
1664	2	0
1665	3	0
1666	4	0
1667	1	0
1668	1	0
1669	0	0
1670	3	0
1671	1	0
1672	0	0
1673	0	0
1674	2	0
1675	2	0
1676	3	0
1677	0	0
1678	1	0
1679	0	0
1680	2	0
1681	0	0
1682	1	0
1683	2	0
1684	2	0
1685	0	0
1686	3	0
1687	1	0
1688	0	0
1689	2	0
1690	1	0
1691	3	0
1692	4	0
1693	1	0
1694	1	0
1695	1	0
1696	3	0
1697	0	0
1698	2	0
1699	0	0
1700	2	0
1701	2	0
1702	1	0
1703	1	0
1704	1	0
1705	1	0
1706	1	0
1707	2	0
1708	1	0
1709	2	0
1710	0	0
1711	0	0
1712	0	0
1713	2	0
1714	0	0
1715	3	0
1716	1	0
1717	2	0
1718	0	0
1719	2	0
1720	2	0
1721	2	0
1722	1	0
1723	1	0
1724	1	0
1725	4	0
1726	0	0
1727	1	0
1728	1	0
1729	4	0
1730	2	0
1731	1	0
1732	0	0
1733	0	0
1734	1	0
1735	1	0
1736	2	0
1737	0	0
1738	2	0
1739	1	0
1740	1	0
1741	0	0
1742	2	0
1743	0	0
1744	1	0
1745	0	0
1746	2	0
1747	1	0
1748	1	0
1749	0	0
1750	2	0
1751	2	0
1752	4	0
1753	2	0
1754	5	0
1755	1	0
1756	0	0
1757	1	0
1758	0	0
1759	2	0
1760	1	0
1761	2	0
1762	0	0
1763	0	0
1764	3	0
1765	1	0
1766	1	0
1767	1	0
1768	1	0
1769	2	0
1770	2	0
1771	2	0
1772	1	0
1773	2	0
1774	0	0
1775	2	0
1776	2	0
1777	1	0
1778	4	0
1779	3	0
1780	2	0
1781	0	0
1782	0	0
1783	2	0
1784	0	0
1785	3	0
1786	0	0
1787	1	0
1788	2	0
1789	1	0
1790	1	0
1791	0	0
1792	1	0
1793	2	0
1794	0	0
1795	1	0
1796	0	0
1797	1	0
1798	2	0
1799	1	0
1800	3	0
1801	3	0
1802	2	0
1803	0	0
1804	3	0
1805	0	0
1806	1	0
1807	0	0
1808	1	0
1809	1	0
1810	3	0
1811	1	0
1812	1	0
1813	1	0
1814	2	0
1815	1	0
1816	1	0
1817	1	0
1818	1	0
1819	0	0
1820	1	0
1821	1	0
1822	0	0
1823	1	0
1824	2	0
1825	0	0
1826	1	0
1827	2	0
1828	1	0
1829	1	0
1830	1	0
1831	0	0
1832	0	0
1833	1	0
1834	3	0
1835	2	0
1836	0	0
1837	0	0
1838	0	0
1839	1	0
1840	2	0
1841	0	0
1842	0	0
1843	2	0
1844	1	0
1845	4	0
1846	2	0
1847	2	0
1848	1	0
1849	0	0
1850	3	0
1851	0	0
1852	2	0
1853	0	0
1854	1	0
1855	0	0
1856	1	0
1857	5	0
1858	2	0
1859	4	0
1860	0	0
1861	1	0
1862	1	0
1863	3	0
1864	1	0
1865	1	0
1866	1	0
1867	1	0
1868	0	0
1869	0	0
1870	2	0
1871	0	0
1872	0	0
1873	1	0
1874	1	0
1875	2	0
1876	0	0
1877	2	0
1878	1	0
1879	2	0
1880	0	0
1881	3	0
1882	0	0
1883	2	0
1884	0	0
1885	4	0
1886	0	0
1887	0	0
1888	0	0
1889	1	0
1890	2	0
1891	1	0
1892	0	0
1893	2	0
1894	0	0
1895	2	0
1896	1	0
1897	1	0
1898	1	0
1899	2	0
1900	1	0
1901	1	0
1902	3	0
1903	0	0
1904	1	0
1905	1	0
1906	0	0
1907	1	0
1908	0	0
1909	2	0
1910	2	0
1911	1	0
1912	0	0
1913	0	0
1914	2	0
1915	2	0
1916	0	0
1917	0	0
1918	0	0
1919	0	0
1920	0	0
1921	0	0
1922	0	0
1923	1	0
1924	0	0
1925	0	0
1926	0	0
1927	1	0
1928	0	0
1929	0	0
1930	1	0
1931	1	0
1932	0	0
1933	0	0
1934	1	0
1935	0	0
1936	0	0
1937	1	0
1938	0	0
1939	0	0
1940	0	0
1941	1	0
1942	0	0
1943	0	0
1944	0	0
1945	1	0
1946	4	0
1947	1	0
1948	1	0
1949	0	0
1950	0	0
1951	3	0
1952	0	0
1953	0	0
1954	2	0
1955	0	0
1956	0	0
1957	2	0
1958	0	0
1959	1	0
1960	0	0
1961	0	0
1962	2	0
1963	0	0
1964	1	0
1965	0	0
1966	1	0
1967	1	0
1968	0	0
1969	0	0
1970	2	0
1971	2	0
1972	0	0
1973	2	0
1974	0	0
1975	1	0
1976	1	0
1977	0	0
1978	1	0
1979	0	0
1980	2	0
1981	0	0
1982	1	0
1983	2	0
1984	0	0
1985	0	0
1986	2	0
1987	2	0
1988	0	0
1989	0	0
1990	2	0
1991	0	0
1992	0	0
1993	0	0
1994	0	0
1995	0	0
1996	1	0
1997	1	0
1998	0	0
1999	0	0
2000	0	0
2001	1	0
2002	0	0
2003	0	0
2004	0	0
2005	0	0
2006	1	0
2007	1	0
2008	1	0
2009	0	0
2010	2	0
2011	0	0
2012	0	0
2013	0	0
2014	0	0
2015	0	0
2016	1	0
2017	0	0
2018	1	0
2019	1	0
2020	1	0
2021	0	0
2022	0	0
2023	1	0
2024	1	0
2025	0	0
2026	0	0
2027	1	0
2028	1	0
2029	0	0
2030	1	0
2031	0	0
2032	1	0
2033	0	0
2034	1	0
2035	0	0
2036	0	0
2037	0	0
2038	0	0
2039	1	0
2040	0	0
2041	0	0
2042	0	0
2043	0	0
2044	2	0
2045	1	0
2046	1	0
2047	0	0
2048	0	0
2049	0	0
2050	0	0
2051	0	0
2052	2	0
2053	0	0
2054	0	0
2055	0	0
2056	0	0
2057	0	0
2058	0	0
2059	0	0
2060	0	0
2061	1	0
2062	1	0
2063	1	0
2064	0	0
2065	0	0
2066	0	0
2067	1	0
2068	0	0
2069	0	0
2070	0	0
2071	1	0
2072	0	0
2073	1	0
2074	0	0
2075	0	0
2076	0	0
2077	0	0
2078	0	0
2079	2	0
2080	0	0
2081	0	0
2082	0	0
2083	0	0
2084	0	0
2085	0	0
2086	2	0
2087	0	0
2088	0	0
2089	0	0
2090	1	0
2091	0	0
2092	1	0
2093	0	0
2094	0	0
2095	0	0
2096	1	0
2097	3	0
2098	0	0
2099	1	0
2100	0	0
2101	0	0
2102	0	0
2103	1	0
2104	1	0
2105	0	0
2106	0	0
2107	0	0
2108	0	0
2109	1	0
2110	1	0
2111	0	0
2112	0	0
2113	1	0
2114	2	0
2115	0	0
2116	1	0
2117	1	0
2118	0	0
2119	0	0
2120	0	0
2121	1	0
2122	1	0
2123	0	0
2124	0	0
2125	1	0
2126	0	0
2127	0	0
2128	2	0
2129	1	0
2130	0	0
2131	1	0
2132	1	0
2133	0	0
2134	0	0
2135	0	0
2136	0	0
2137	0	0
2138	1	0
2139	0	0
2140	1	0
2141	1	0
2142	1	0
2143	1	0
2144	1	0
2145	0	0
2146	0	0
2147	0	0
2148	0	0
2149	1	0
2150	0	0
2151	1	0
2152	0	0
2153	1	0
2154	1	0
2155	1	0
2156	0	0
2157	0	0
2158	0	0
2159	0	0
2160	0	0
2161	0	0
2162	0	0
2163	1	0
2164	1	0
2165	1	0
2166	2	0
2167	0	0
2168	0	0
2169	1	0
2170	1	0
2171	1	0
2172	0	0
2173	0	0
2174	1	0
2175	0	0
2176	0	0
2177	1	0
2178	0	0
2179	0	0
2180	0	0
2181	0	0
2182	0	0
2183	0	0
2184	0	0
2185	0	0
2186	2	0
2187	1	0
2188	1	0
2189	1	0
2190	2	0
2191	1	0
2192	1	0
2193	1	0
2194	1	0
2195	0	0
2196	2	0
2197	0	0
2198	0	0
2199	0	0
2200	0	0
2201	0	0
2202	0	0
2203	0	0
2204	1	0
2205	0	0
2206	1	0
2207	0	0
2208	3	0
2209	0	0
2210	1	0
2211	0	0
2212	1	0
2213	0	0
2214	1	0
2215	0	0
2216	1	0
2217	2	0
2218	1	0
2219	0	0
2220	0	0
2221	0	0
2222	0	0
2223	0	0
2224	0	0
2225	0	0
2226	0	0
2227	0	0
2228	1	0
2229	0	0
2230	0	0
2231	0	0
2232	0	0
2233	1	0
2234	1	0
2235	0	0
2236	0	0
2237	0	0
2238	0	0
2239	1	0
2240	0	0
2241	1	0
2242	0	0
2243	0	0
2244	0	0
2245	0	0
2246	1	0
2247	1	0
2248	0	0
2249	1	0
2250	0	0
2251	0	0
2252	0	0
2253	0	0
2254	0	0
2255	1	0
2256	0	0
2257	1	0
2258	0	0
2259	1	0
2260	1	0
2261	0	0
2262	4	0
2263	1	0
2264	0	0
2265	2	0
2266	0	0
2267	0	0
2268	1	0
2269	0	0
2270	0	0
2271	1	0
2272	0	0
2273	0	0
2274	1	0
2275	1	0
2276	0	0
2277	1	0
2278	1	0
2279	0	0
2280	0	0
2281	1	0
2282	0	0
2283	0	0
2284	1	0
2285	0	0
2286	0	0
2287	1	0
2288	1	0
2289	0	0
2290	0	0
2291	0	0
2292	1	0
2293	1	0
2294	0	0
2295	0	0
2296	0	0
2297	0	0
2298	0	0
2299	2	0
2300	0	0
2301	1	0
2302	1	0
2303	1	0
2304	1	0
2305	0	0
2306	0	0
2307	0	0
2308	1	0
2309	0	0
2310	0	0
2311	0	0
2312	2	0
2313	0	0
2314	1	0
2315	2	0
2316	0	0
2317	1	0
2318	0	0
2319	1	0
2320	0	0
2321	2	0
2322	1	0
2323	2	0
2324	1	0
2325	1	0
2326	0	0
2327	0	0
2328	0	0
2329	1	0
2330	1	0
2331	1	0
2332	0	0
2333	1	0
2334	1	0
2335	2	0
2336	0	0
2337	0	0
2338	0	0
2339	1	0
2340	0	0
2341	0	0
2342	1	0
2343	0	0
2344	0	0
2345	0	0
2346	1	0
2347	0	0
2348	0	0
2349	0	0
2350	0	0
2351	2	0
2352	1	0
2353	1	0
2354	2	0
2355	0	0
2356	0	0
2357	0	0
2358	0	0
2359	0	0
2360	2	0
2361	0	0
2362	1	0
2363	0	0
2364	1	0
2365	1	0
2366	2	0
2367	0	0
2368	0	0
2369	0	0
2370	0	0
2371	0	0
2372	0	0
2373	0	0
2374	0	0
2375	1	0
2376	2	0
2377	1	0
2378	0	0
2379	0	0
2380	0	0
2381	0	0
2382	0	0
2383	0	0
2384	0	0
2385	0	0
2386	2	0
2387	0	0
2388	0	0
2389	0	0
2390	2	0
2391	0	0
2392	0	0
2393	1	0
2394	1	0
2395	1	0
2396	0	0
2397	0	0
2398	0	0
2399	0	0
2400	0	0
2401	0	0
2402	3	0
2403	1	0
2404	1	0
2405	0	0
2406	0	0
2407	0	0
2408	1	0
2409	1	0
2410	0	0
2411	0	0
2412	0	0
2413	1	0
2414	1	0
2415	1	0
2416	1	0
2417	2	0
2418	0	0
2419	0	0
2420	0	0
2421	0	0
2422	0	0
2423	1	0
2424	0	0
2425	0	0
2426	0	0
2427	0	0
2428	0	0
2429	0	0
2430	0	0
2431	0	0
2432	0	0
2433	1	0
2434	0	0
2435	1	0
2436	0	0
2437	2	0
2438	0	0
2439	1	0
2440	0	0
2441	0	0
2442	0	0
2443	0	0
2444	0	0
2445	0	0
2446	1	0
2447	0	0
2448	0	0
2449	0	0
2450	0	0
2451	0	0
2452	0	0
2453	0	0
2454	1	0
2455	0	0
2456	2	0
2457	2	0
2458	0	0
2459	1	0
2460	0	0
2461	0	0
2462	0	0
2463	0	0
2464	1	0
2465	0	0
2466	0	0
2467	1	0
2468	0	0
2469	1	0
2470	0	0
2471	0	0
2472	0	0
2473	0	0
2474	0	0
2475	1	0
2476	0	0
2477	0	0
2478	1	0
2479	0	0
2480	0	0
2481	1	0
2482	0	0
2483	0	0
2484	0	0
2485	0	0
2486	0	0
2487	0	0
2488	1	0
2489	0	0
2490	1	0
2491	0	0
2492	0	0
2493	0	0
2494	0	0
2495	0	0
2496	1	0
2497	0	0
2498	0	0
2499	0	0
2500	1	0
2501	0	0
2502	0	0
2503	0	0
2504	0	0
2505	1	0
2506	0	0
2507	0	0
2508	1	0
2509	0	0
2510	1	0
2511	0	0
2512	0	0
2513	0	0
2514	0	0
2515	0	0
2516	0	0
2517	1	0
2518	0	0
2519	2	0
2520	0	0
2521	0	0
2522	1	0
2523	0	0
2524	0	0
2525	0	0
2526	0	0
2527	0	0
2528	0	0
2529	0	0
2530	0	0
2531	0	0
2532	0	0
2533	0	0
2534	0	0
2535	0	0
2536	1	0
2537	0	0
2538	0	0
2539	0	0
2540	0	0
2541	0	0
2542	1	0
2543	1	0
2544	0	0
2545	0	0
2546	0	0
2547	0	0
2548	0	0
2549	0	0
2550	0	0
2551	0	0
2552	1	0
2553	0	0
2554	0	0
2555	0	0
2556	2	0
2557	0	0
2558	0	0
2559	1	0
2560	0	0
2561	0	0
2562	0	0
2563	0	0
2564	0	0
2565	1	0
2566	0	0
2567	0	0
2568	1	0
2569	0	0
2570	1	0
2571	0	0
2572	1	0
2573	0	0
2574	0	0
2575	0	0
2576	0	0
2577	0	0
2578	1	0
2579	0	0
2580	0	0
2581	0	0
2582	0	0
2583	0	0
2584	0	0
2585	0	0
2586	0	0
2587	0	0
2588	1	0
2589	1	0
2590	0	0
2591	0	0
2592	0	0
2593	1	0
2594	0	0
2595	0	0
2596	0	0
2597	1	0
2598	0	0
2599	0	0
2600	1	0
2601	0	0
2602	0	0
2603	0	0
2604	2	0
2605	0	0
2606	0	0
2607	0	0
2608	0	0
2609	0	0
2610	0	0
2611	0	0
2612	1	0
2613	2	0
2614	0	0
2615	0	0
2616	0	0
2617	0	0
2618	1	0
2619	0	0
2620	0	0
2621	0	0
2622	1	0
2623	1	0
2624	0	0
2625	0	0
2626	0	0
2627	0	0
2628	0	0
2629	0	0
2630	0	0
2631	0	0
2632	1	0
2633	0	0
2634	0	0
2635	0	0
2636	1	0
2637	1	0
2638	0	0
2639	0	0
2640	0	0
2641	0	0
2642	0	0
2643	0	0
2644	0	0
2645	0	0
2646	0	0
2647	0	0
2648	0	0
2649	0	0
2650	0	0
2651	0	0
2652	0	0
2653	1	0
2654	1	0
2655	0	0
2656	0	0
2657	0	0
2658	0	0
2659	0	0
2660	0	0
2661	0	0
2662	0	0
2663	1	0
2664	0	0
2665	1	0
2666	0	0
2667	0	0
2668	0	0
2669	1	0
2670	0	0
2671	0	0
2672	0	0
2673	0	0
2674	1	0
2675	0	0
2676	0	0
2677	0	0
2678	0	0
2679	0	0
2680	1	0
2681	0	0
2682	1	0
2683	0	0
2684	1	0
2685	0	0
2686	0	0
2687	4	0
2688	0	0
2689	1	0
2690	0	0
2691	0	0
2692	0	0
2693	0	0
2694	1	0
2695	0	0
2696	1	0
2697	1	0
2698	1	0
2699	0	0
2700	0	0
2701	1	0
2702	0	0
2703	0	0
2704	0	0
2705	0	0
2706	1	0
2707	0	0
2708	0	0
2709	0	0
2710	0	0
2711	1	0
2712	1	0
2713	0	0
2714	0	0
2715	1	0
2716	0	0
2717	0	0
2718	0	0
2719	0	0
2720	0	0
2721	0	0
2722	0	0
2723	0	0
2724	0	0
2725	0	0
2726	0	0
2727	1	0
2728	0	0
2729	1	0
2730	0	0
2731	0	0
2732	0	0
2733	0	0
2734	0	0
2735	1	0
2736	1	0
2737	0	0
2738	0	0
2739	0	0
2740	0	0
2741	0	0
2742	1	0
2743	0	0
2744	0	0
2745	0	0
2746	0	0
2747	0	0
2748	0	0
2749	0	0
2750	0	0
2751	0	0
2752	0	0
2753	1	0
2754	0	0
2755	1	0
2756	0	0
2757	0	0
2758	0	0
2759	0	0
2760	1	0
2761	0	0
2762	0	0
2763	0	0
2764	0	0
2765	1	0
2766	0	0
2767	1	0
2768	1	0
2769	0	0
2770	1	0
2771	0	0
2772	0	0
2773	0	0
2774	0	0
2775	0	0
2776	0	0
2777	0	0
2778	0	0
2779	0	0
2780	0	0
2781	0	0
2782	0	0
2783	0	0
2784	0	0
2785	1	0
2786	0	0
2787	2	0
2788	0	0
2789	0	0
2790	0	0
2791	0	0
2792	0	0
2793	0	0
2794	0	0
2795	0	0
2796	0	0
2797	0	0
2798	0	0
2799	0	0
2800	0	0
2801	1	0
2802	0	0
2803	1	0
2804	0	0
2805	0	0
2806	1	0
2807	0	0
2808	1	0
2809	0	0
2810	0	0
2811	0	0
2812	0	0
2813	0	0
2814	0	0
2815	0	0
2816	0	0
2817	0	0
2818	0	0
2819	0	0
2820	1	0
2821	0	0
2822	0	0
2823	1	0
2824	0	0
2825	0	0
2826	0	0
2827	0	0
2828	0	0
2829	0	0
2830	0	0
2831	0	0
2832	0	0
2833	0	0
2834	0	0
2835	0	0
2836	1	0
2837	0	0
2838	1	0
2839	0	0
2840	0	0
2841	0	0
2842	0	0
2843	1	0
2844	2	0
2845	1	0
2846	1	0
2847	0	0
2848	0	0
2849	0	0
2850	1	0
2851	1	0
2852	0	0
2853	0	0
2854	0	0
2855	0	0
2856	0	0
2857	0	0
2858	1	0
2859	0	0
2860	0	0
2861	2	0
2862	0	0
2863	0	0
2864	0	0
2865	2	0
2866	0	0
2867	1	0
2868	0	0
2869	0	0
2870	0	0
2871	0	0
2872	0	0
2873	0	0
2874	0	0
2875	0	0
2876	0	0
2877	1	0
2878	0	0
2879	0	0
2880	1	0
2881	0	0
2882	0	0
2883	0	0
2884	1	0
2885	1	0
2886	0	0
2887	0	0
2888	1	0
2889	0	0
2890	0	0
2891	0	0
2892	0	0
2893	0	0
2894	0	0
2895	0	0
2896	0	0
2897	0	0
2898	1	0
2899	0	0
2900	0	0
2901	0	0
2902	0	0
2903	0	0
2904	0	0
2905	0	0
2906	0	0
2907	0	0
2908	0	0
2909	0	0
2910	0	0
2911	0	0
2912	0	0
2913	0	0
2914	0	0
2915	0	0
2916	0	0
2917	0	0
2918	0	0
2919	0	0
2920	0	0
2921	0	0
2922	0	0
2923	0	0
2924	0	0
2925	1	0
2926	0	0
2927	0	0
2928	0	0
2929	0	0
2930	0	0
2931	0	0
2932	0	0
2933	0	0
2934	0	0
2935	0	0
2936	0	0
2937	0	0
2938	1	0
2939	0	0
2940	0	0
2941	1	0
2942	1	0
2943	0	0
2944	0	0
2945	0	0
2946	0	0
2947	0	0
2948	0	0
2949	0	0
2950	0	0
2951	0	0
2952	1	0
2953	0	0
2954	0	0
2955	0	0
2956	0	0
2957	0	0
2958	0	0
2959	0	0
2960	0	0
2961	1	0
2962	0	0
2963	0	0
2964	0	0
2965	1	0
2966	0	0
2967	1	0
2968	1	0
2969	0	0
2970	0	0
2971	0	0
2972	0	0
2973	0	0
2974	1	0
2975	1	0
2976	0	0
2977	0	0
2978	2	0
2979	0	0
2980	1	0
2981	1	0
2982	0	0
2983	1	0
2984	2	0
2985	0	0
2986	0	0
2987	0	0
2988	0	0
2989	0	0
2990	0	0
2991	0	0
2992	0	0
2993	0	0
2994	0	0
2995	0	0
2996	0	0
2997	0	0
2998	0	0
2999	1	0
3000	0	0
3001	0	0
3002	0	0
3003	1	0
3004	1	0
3005	0	0
3006	0	0
3007	0	0
3008	0	0
3009	0	0
3010	1	0
3011	0	0
3012	0	0
3013	0	0
3014	0	0
3015	0	0
3016	1	0
3017	2	0
3018	0	0
3019	1	0
3020	0	0
3021	0	0
3022	1	0
3023	0	0
3024	0	0
3025	1	0
3026	0	0
3027	0	0
3028	1	0
3029	0	0
3030	0	0
3031	0	0
3032	0	0
3033	0	0
3034	0	0
3035	0	0
3036	1	0
3037	0	0
3038	0	0
3039	2	0
3040	0	0
3041	0	0
3042	0	0
3043	0	0
3044	1	0
3045	1	0
3046	0	0
3047	0	0
3048	0	0
3049	0	0
3050	1	0
3051	0	0
3052	0	0
3053	0	0
3054	0	0
3055	1	0
3056	0	0
3057	0	0
3058	0	0
3059	0	0
3060	0	0
3061	0	0
3062	0	0
3063	0	0
3064	0	0
3065	0	0
3066	0	0
3067	1	0
3068	1	0
3069	0	0
3070	1	0
3071	0	0
3072	0	0
3073	0	0
3074	0	0
3075	0	0
3076	2	0
3077	1	0
3078	0	0
3079	0	0
3080	0	0
3081	1	0
3082	0	0
3083	2	0
3084	1	0
3085	0	0
3086	0	0
3087	0	0
3088	0	0
3089	0	0
3090	1	0
3091	0	0
3092	0	0
3093	2	0
3094	0	0
3095	1	0
3096	0	0
3097	0	0
3098	0	0
3099	0	0
3100	0	0
3101	0	0
3102	0	0
3103	0	0
3104	0	0
3105	1	0
3106	0	0
3107	0	0
3108	0	0
3109	0	0
3110	0	0
3111	0	0
3112	0	0
3113	0	0
3114	0	0
3115	0	0
3116	0	0
3117	0	0
3118	0	0
3119	0	0
3120	0	0
3121	0	0
3122	1	0
3123	0	0
3124	0	0
3125	0	0
3126	0	0
3127	0	0
3128	1	0
3129	1	0
3130	0	0
3131	0	0
3132	0	0
3133	0	0
3134	0	0
3135	0	0
3136	0	0
3137	0	0
3138	0	0
3139	0	0
3140	0	0
3141	0	0
3142	0	0
3143	0	0
3144	0	0
3145	0	0
3146	0	0
3147	0	0
3148	0	0
3149	0	0
3150	0	0
3151	0	0
3152	0	0
3153	2	0
3154	0	0
3155	0	0
3156	0	0
3157	1	0
3158	1	0
3159	1	0
3160	1	0
3161	1	0
3162	0	0
3163	0	0
3164	1	0
3165	0	0
3166	0	0
3167	0	0
3168	0	0
3169	0	0
3170	0	0
3171	0	0
3172	0	0
3173	0	0
3174	1	0
3175	0	0
3176	0	0
3177	0	0
3178	0	0
3179	1	0
3180	0	0
3181	0	0
3182	0	0
3183	0	0
3184	0	0
3185	0	0
3186	0	0
3187	0	0
3188	0	0
3189	0	0
3190	0	0
3191	0	0
3192	0	0
3193	1	0
3194	0	0
3195	0	0
3196	0	0
3197	0	0
3198	0	0
3199	0	0
3200	1	0
3201	1	0
3202	0	0
3203	1	0
3204	0	0
3205	0	0
3206	0	0
3207	0	0
3208	1	0
3209	0	0
3210	0	0
3211	1	0
3212	1	0
3213	0	0
3214	0	0
3215	2	0
3216	0	0
3217	0	0
3218	1	0
3219	0	0
3220	0	0
3221	0	0
3222	1	0
3223	0	0
3224	0	0
3225	1	0
3226	0	0
3227	0	0
3228	0	0
3229	0	0
3230	1	0
3231	0	0
3232	1	0
3233	0	0
3234	0	0
3235	0	0
3236	1	0
3237	0	0
3238	1	0
3239	0	0
3240	0	0
3241	0	0
3242	1	0
3243	1	0
3244	0	0
3245	0	0
3246	0	0
3247	0	0
3248	0	0
3249	2	0
3250	1	0
3251	1	0
3252	0	0
3253	0	0
3254	0	0
3255	0	0
3256	0	0
3257	0	0
3258	0	0
3259	0	0
3260	0	0
3261	0	0
3262	1	0
3263	2	0
3264	1	0
3265	0	0
3266	0	0
3267	0	0
3268	0	0
3269	0	0
3270	0	0
3271	0	0
3272	0	0
3273	1	0
3274	0	0
3275	0	0
3276	2	0
3277	0	0
3278	1	0
3279	1	0
3280	1	0
3281	0	0
3282	0	0
3283	0	0
3284	0	0
3285	0	0
3286	0	0
3287	0	0
3288	0	0
3289	0	0
3290	1	0
3291	0	0
3292	0	0
3293	0	0
3294	0	0
3295	0	0
3296	0	0
3297	0	0
3298	2	0
3299	0	0
3300	1	0
3301	1	0
3302	1	0
3303	1	0
3304	0	0
3305	0	0
3306	0	0
3307	1	0
3308	0	0
3309	0	0
3310	0	0
3311	0	0
3312	1	0
3313	0	0
3314	0	0
3315	0	0
3316	0	0
3317	0	0
3318	1	0
3319	0	0
3320	0	0
3321	0	0
3322	0	0
3323	0	0
3324	0	0
3325	0	0
3326	0	0
3327	0	0
3328	0	0
3329	1	0
3330	2	0
3331	0	0
3332	1	0
3333	2	0
3334	0	0
3335	0	0
3336	0	0
3337	0	0
3338	0	0
3339	0	0
3340	1	0
3341	1	0
3342	0	0
3343	0	0
3344	1	0
3345	0	0
3346	1	0
3347	0	0
3348	0	0
3349	0	0
3350	0	0
3351	1	0
3352	2	0
3353	0	0
3354	0	0
3355	0	0
3356	0	0
3357	0	0
3358	0	0
3359	0	0
3360	1	0
3361	1	0
3362	1	0
3363	1	0
3364	2	0
3365	0	0
3366	0	0
3367	1	0
3368	0	0
3369	0	0
3370	1	0
3371	0	0
3372	0	0
3373	0	0
3374	0	0
3375	0	0
3376	1	0
3377	0	0
3378	1	0
3379	0	0
3380	0	0
3381	1	0
3382	1	0
3383	0	0
3384	1	0
3385	2	0
3386	1	0
3387	2	0
3388	0	0
3389	0	0
3390	0	0
3391	1	0
3392	0	0
3393	0	0
3394	0	0
3395	0	0
3396	0	0
3397	0	0
3398	0	0
3399	1	0
3400	0	0
3401	0	0
3402	0	0
3403	0	0
3404	0	0
3405	1	0
3406	0	0
3407	0	0
3408	1	0
3409	0	0
3410	0	0
3411	1	0
3412	0	0
3413	0	0
3414	0	0
3415	0	0
3416	0	0
3417	0	0
3418	0	0
3419	0	0
3420	0	0
3421	0	0
3422	0	0
3423	1	0
3424	0	0
3425	0	0
3426	0	0
3427	0	0
3428	0	0
3429	0	0
3430	1	0
3431	1	0
3432	0	0
3433	1	0
3434	0	0
3435	0	0
3436	0	0
3437	2	0
3438	0	0
3439	1	0
3440	2	0
3441	0	0
3442	0	0
3443	0	0
3444	0	0
3445	0	0
3446	2	0
3447	0	0
3448	0	0
3449	0	0
3450	0	0
3451	0	0
3452	0	0
3453	0	0
3454	1	0
3455	0	0
3456	0	0
3457	0	0
3458	0	0
3459	0	0
3460	0	0
3461	0	0
3462	0	0
3463	0	0
3464	0	0
3465	0	0
3466	0	0
3467	0	0
3468	1	0
3469	0	0
3470	0	0
3471	0	0
3472	0	0
3473	1	0
3474	2	0
3475	0	0
3476	0	0
3477	0	0
3478	1	0
3479	0	0
3480	0	0
3481	0	0
3482	0	0
3483	0	0
3484	0	0
3485	1	0
3486	0	0
3487	0	0
3488	0	0
3489	1	0
3490	0	0
3491	0	0
3492	0	0
3493	0	0
3494	1	0
3495	1	0
3496	0	0
3497	0	0
3498	0	0
3499	0	0
3500	0	0
3501	0	0
3502	0	0
3503	0	0
3504	0	0
3505	0	0
3506	0	0
3507	0	0
3508	0	0
3509	0	0
3510	2	0
3511	0	0
3512	0	0
3513	1	0
3514	1	0
3515	1	0
3516	0	0
3517	0	0
3518	0	0
3519	0	0
3520	0	0
3521	1	0
3522	0	0
3523	0	0
3524	0	0
3525	0	0
3526	0	0
3527	1	0
3528	0	0
3529	0	0
3530	0	0
3531	1	0
3532	0	0
3533	0	0
3534	0	0
3535	0	0
3536	0	0
3537	0	0
3538	1	0
3539	1	0
3540	1	0
3541	0	0
3542	0	0
3543	0	0
3544	0	0
3545	0	0
3546	0	0
3547	0	0
3548	0	0
3549	0	0
3550	0	0
3551	0	0
3552	0	0
3553	0	0
3554	2	0
3555	0	0
3556	0	0
3557	1	0
3558	0	0
3559	0	0
3560	0	0
3561	0	0
3562	0	0
3563	0	0
3564	0	0
3565	0	0
3566	0	0
3567	0	0
3568	1	0
3569	0	0
3570	0	0
3571	1	0
3572	0	0
3573	0	0
3574	0	0
3575	0	0
3576	1	0
3577	0	0
3578	0	0
3579	0	0
3580	0	0
3581	0	0
3582	0	0
3583	0	0
3584	0	0
3585	0	0
3586	0	0
3587	0	0
3588	1	0
3589	1	0
3590	0	0
3591	0	0
3592	0	0
3593	0	0
3594	0	0
3595	1	0
3596	0	0
3597	0	0
3598	0	0
3599	0	0
3600	0	0
3601	0	0
3602	0	0
3603	0	0
3604	1	0
3605	0	0
3606	1	0
3607	0	0
3608	0	0
3609	0	0
3610	0	0
3611	0	0
3612	0	0
3613	0	0
3614	0	0
3615	0	0
3616	0	0
3617	0	0
3618	0	0
3619	0	0
3620	0	0
3621	0	0
3622	0	0
3623	0	0
3624	0	0
3625	0	0
3626	0	0
3627	1	0
3628	0	0
3629	0	0
3630	0	0
3631	0	0
3632	0	0
3633	0	0
3634	1	0
3635	1	0
3636	0	0
3637	0	0
3638	0	0
3639	0	0
3640	0	0
3641	0	0
3642	0	0
3643	0	0
3644	0	0
3645	0	0
3646	0	0
3647	0	0
3648	0	0
3649	0	0
3650	0	0
3651	0	0
3652	0	0
3653	1	0
3654	0	0
3655	1	0
3656	0	0
3657	0	0
3658	0	0
3659	0	0
3660	0	0
3661	0	0
3662	0	0
3663	0	0
3664	0	0
3665	0	0
3666	0	0
3667	0	0
3668	0	0
3669	0	0
3670	0	0
3671	1	0
3672	1	0
3673	1	0
3674	0	0
3675	0	0
3676	0	0
3677	0	0
3678	1	0
3679	0	0
3680	0	0
3681	0	0
3682	0	0
3683	1	0
3684	0	0
3685	0	0
3686	0	0
3687	0	0
3688	0	0
3689	0	0
3690	0	0
3691	0	0
3692	0	0
3693	0	0
3694	0	0
3695	2	0
3696	0	0
3697	1	0
3698	0	0
3699	0	0
3700	0	0
3701	0	0
3702	0	0
3703	0	0
3704	1	0
3705	0	0
3706	2	0
3707	0	0
3708	0	0
3709	0	0
3710	0	0
3711	0	0
3712	0	0
3713	0	0
3714	1	0
3715	0	0
3716	0	0
3717	0	0
3718	0	0
3719	1	0
3720	0	0
3721	0	0
3722	0	0
3723	0	0
3724	0	0
3725	0	0
3726	0	0
3727	0	0
3728	0	0
3729	0	0
3730	0	0
3731	0	0
3732	0	0
3733	1	0
3734	0	0
3735	0	0
3736	0	0
3737	1	0
3738	0	0
3739	0	0
3740	0	0
3741	0	0
3742	0	0
3743	1	0
3744	0	0
3745	0	0
3746	0	0
3747	0	0
3748	0	0
3749	0	0
3750	0	0
3751	1	0
3752	0	0
3753	2	0
3754	0	0
3755	0	0
3756	0	0
3757	0	0
3758	0	0
3759	0	0
3760	0	0
3761	0	0
3762	0	0
3763	1	0
3764	0	0
3765	0	0
3766	0	0
3767	0	0
3768	0	0
3769	0	0
3770	0	0
3771	0	0
3772	0	0
3773	0	0
3774	0	0
3775	0	0
3776	0	0
3777	2	0
3778	0	0
3779	0	0
3780	0	0
3781	0	0
3782	0	0
3783	0	0
3784	0	0
3785	0	0
3786	0	0
3787	0	0
3788	1	0
3789	0	0
3790	3	0
3791	0	0
3792	0	0
3793	2	0
3794	0	0
3795	0	0
3796	0	0
3797	0	0
3798	0	0
3799	0	0
3800	0	0
3801	0	0
3802	0	0
3803	1	0
3804	1	0
3805	0	0
3806	0	0
3807	0	0
3808	0	0
3809	0	0
3810	0	0
3811	0	0
3812	0	0
3813	0	0
3814	0	0
3815	1	0
3816	0	0
3817	1	0
3818	0	0
3819	1	0
3820	0	0
3821	0	0
3822	1	0
3823	0	0
3824	0	0
3825	1	0
3826	0	0
3827	0	0
3828	1	0
3829	0	0
3830	0	0
3831	0	0
3832	0	0
3833	0	0
3834	0	0
3835	0	0
3836	0	0
3837	0	0
3838	0	0
3839	0	0
3840	0	0
3841	0	0
3842	1	0
3843	0	0
3844	1	0
3845	0	0
3846	0	0
3847	0	0
3848	0	0
3849	1	0
3850	0	0
3851	0	0
3852	1	0
3853	0	0
3854	1	0
3855	0	0
3856	0	0
3857	0	0
3858	0	0
3859	0	0
3860	0	0
3861	0	0
3862	0	0
3863	0	0
3864	1	0
3865	0	0
3866	0	0
3867	0	0
3868	0	0
3869	0	0
3870	0	0
3871	0	0
3872	0	0
3873	0	0
3874	0	0
3875	0	0
3876	0	0
3877	0	0
3878	0	0
3879	0	0
3880	1	0
3881	0	0
3882	2	0
3883	0	0
3884	0	0
3885	0	0
3886	0	0
3887	1	0
3888	0	0
3889	0	0
3890	1	0
3891	0	0
3892	2	0
3893	0	0
3894	0	0
3895	0	0
3896	0	0
3897	0	0
3898	0	0
3899	0	0
3900	0	0
3901	0	0
3902	0	0
3903	0	0
3904	1	0
3905	0	0
3906	0	0
3907	0	0
3908	0	0
3909	1	0
3910	0	0
3911	0	0
3912	0	0
3913	0	0
3914	1	0
3915	0	0
3916	0	0
3917	0	0
3918	0	0
3919	0	0
3920	0	0
3921	1	0
3922	0	0
3923	2	0
3924	1	0
3925	0	0
3926	0	0
3927	2	0
3928	0	0
3929	0	0
3930	0	0
3931	0	0
3932	0	0
3933	0	0
3934	0	0
3935	0	0
3936	0	0
3937	1	0
3938	0	0
3939	0	0
3940	0	0
3941	0	0
3942	0	0
3943	0	0
3944	0	0
3945	0	0
3946	0	0
3947	0	0
3948	1	0
3949	0	0
3950	2	0
3951	0	0
3952	0	0
3953	0	0
3954	0	0
3955	1	0
3956	0	0
3957	1	0
3958	0	0
3959	0	0
3960	0	0
3961	0	0
3962	0	0
3963	0	0
3964	1	0
3965	0	0
3966	0	0
3967	0	0
3968	0	0
3969	0	0
3970	1	0
3971	0	0
3972	0	0
3973	4	0
3974	1	0
3975	0	0
3976	0	0
3977	0	0
3978	1	0
3979	0	0
3980	0	0
3981	1	0
3982	0	0
3983	0	0
3984	0	0
3985	1	0
3986	0	0
3987	0	0
3988	0	0
3989	0	0
3990	0	0
3991	0	0
3992	1	0
3993	0	0
3994	0	0
3995	1	0
3996	1	0
3997	0	0
3998	0	0
3999	0	0
4000	0	0
4001	0	0
4002	0	0
4003	0	0
4004	2	0
4005	0	0
4006	1	0
4007	0	0
4008	0	0
4009	0	0
4010	0	0
4011	0	0
4012	1	0
4013	0	0
4014	0	0
4015	0	0
4016	0	0
4017	0	0
4018	0	0
4019	0	0
4020	1	0
4021	1	0
4022	0	0
4023	1	0
4024	0	0
4025	0	0
4026	0	0
4027	0	0
4028	0	0
4029	0	0
4030	0	0
4031	0	0
4032	0	0
4033	0	0
4034	0	0
4035	0	0
4036	0	0
4037	1	0
4038	0	0
4039	0	0
4040	0	0
4041	0	0
4042	0	0
4043	1	0
4044	1	0
4045	0	0
4046	0	0
4047	1	0
4048	0	0
4049	0	0
4050	0	0
4051	0	0
4052	0	0
4053	0	0
4054	0	0
4055	0	0
4056	1	0
4057	1	0
4058	0	0
4059	0	0
4060	0	0
4061	0	0
4062	0	0
4063	0	0
4064	0	0
4065	0	0
4066	1	0
4067	1	0
4068	0	0
4069	0	0
4070	0	0
4071	1	0
4072	2	0
4073	0	0
4074	0	0
4075	0	0
4076	0	0
4077	0	0
4078	1	0
4079	0	0
4080	0	0
4081	0	0
4082	0	0
4083	0	0
4084	0	0
4085	0	0
4086	0	0
4087	1	0
4088	0	0
4089	0	0
4090	1	0
4091	0	0
4092	1	0
4093	0	0
4094	0	0
4095	2	0
4096	0	0
4097	0	0
4098	1	0
4099	0	0
4100	0	0
4101	0	0
4102	0	0
4103	1	0
4104	0	0
4105	0	0
4106	0	0
4107	0	0
4108	1	0
4109	0	0
4110	0	0
4111	1	0
4112	0	0
4113	0	0
4114	0	0
4115	0	0
4116	1	0
4117	0	0
4118	0	0
4119	0	0
4120	0	0
4121	0	0
4122	0	0
4123	0	0
4124	0	0
4125	0	0
4126	0	0
4127	0	0
4128	1	0
4129	0	0
4130	0	0
4131	0	0
4132	0	0
4133	0	0
4134	0	0
4135	0	0
4136	0	0
4137	0	0
4138	0	0
4139	0	0
4140	0	0
4141	0	0
4142	0	0
4143	0	0
4144	1	0
4145	1	0
4146	0	0
4147	0	0
4148	0	0
4149	0	0
4150	0	0
4151	0	0
4152	0	0
4153	0	0
4154	0	0
4155	1	0
4156	0	0
4157	0	0
4158	0	0
4159	0	0
4160	0	0
4161	0	0
4162	0	0
4163	0	0
4164	0	0
4165	0	0
4166	0	0
4167	0	0
4168	0	0
4169	0	0
4170	0	0
4171	0	0
4172	0	0
4173	0	0
4174	0	0
4175	0	0
4176	0	0
4177	0	0
4178	0	0
4179	0	0
4180	0	0
4181	0	0
4182	0	0
4183	0	0
4184	0	0
4185	0	0
4186	0	0
4187	0	0
4188	0	0
4189	0	0
4190	0	0
4191	0	0
4192	0	0
4193	0	0
4194	0	0
4195	0	0
4196	0	0
4197	0	0
4198	0	0
4199	0	0
4200	0	0
4201	0	0
4202	0	0
4203	0	0
4204	0	0
4205	0	0
4206	0	0
4207	0	0
4208	1	0
4209	0	0
4210	0	0
4211	0	0
4212	0	0
4213	0	0
4214	0	0
4215	1	0
4216	0	0
4217	0	0
4218	0	0
4219	0	0
4220	0	0
4221	0	0
4222	0	0
4223	0	0
4224	0	0
4225	0	0
4226	0	0
4227	0	0
4228	1	0
4229	0	0
4230	0	0
4231	0	0
4232	0	0
4233	0	0
4234	0	0
4235	0	0
4236	0	0
4237	0	0
4238	0	0
4239	0	0
4240	0	0
4241	0	0
4242	0	0
4243	0	0
4244	0	0
4245	0	0
4246	0	0
4247	0	0
4248	0	0
4249	0	0
4250	0	0
4251	0	0
4252	0	0
4253	0	0
4254	0	0
4255	0	0
4256	0	0
4257	1	0
4258	0	0
4259	0	0
4260	0	0
4261	0	0
4262	1	0
4263	0	0
4264	0	0
4265	0	0
4266	0	0
4267	1	0
4268	0	0
4269	0	0
4270	0	0
4271	0	0
4272	0	0
4273	0	0
4274	0	0
4275	0	0
4276	0	0
4277	0	0
4278	0	0
4279	0	0
4280	0	0
4281	0	0
4282	0	0
4283	0	0
4284	0	0
4285	0	0
4286	0	0
4287	0	0
4288	0	0
4289	0	0
4290	0	0
4291	0	0
4292	0	0
4293	0	0
4294	0	0
4295	0	0
4296	0	0
4297	0	0
4298	0	0
4299	1	0
4300	0	0
4301	0	0
4302	0	0
4303	0	0
4304	0	0
4305	0	0
4306	0	0
4307	0	0
4308	0	0
4309	0	0
4310	0	0
4311	0	0
4312	0	0
4313	0	0
4314	0	0
4315	1	0
4316	0	0
4317	0	0
4318	0	0
4319	0	0
4320	0	0
4321	1	0
4322	0	0
4323	0	0
4324	0	0
4325	0	0
4326	0	0
4327	1	0
4328	0	0
4329	0	0
4330	0	0
4331	1	0
4332	0	0
4333	1	0
4334	0	0
4335	0	0
4336	0	0
4337	0	0
4338	0	0
4339	0	0
4340	0	0
4341	0	0
4342	0	0
4343	0	0
4344	0	0
4345	0	0
4346	1	0
4347	0	0
4348	0	0
4349	0	0
4350	0	0
4351	0	0
4352	0	0
4353	0	0
4354	0	0
4355	0	0
4356	0	0
4357	0	0
4358	0	0
4359	0	0
4360	0	0
4361	0	0
4362	0	0
4363	0	0
4364	0	0
4365	0	0
4366	0	0
4367	0	0
4368	0	0
4369	0	0
4370	0	0
4371	0	0
4372	0	0
4373	2	0
4374	0	0
4375	0	0
4376	0	0
4377	0	0
4378	0	0
4379	0	0
4380	1	0
4381	0	0
4382	0	0
4383	0	0
4384	0	0
4385	0	0
4386	1	0
4387	0	0
4388	0	0
4389	0	0
4390	0	0
4391	0	0
4392	0	0
4393	0	0
4394	0	0
4395	0	0
4396	0	0
4397	0	0
4398	1	0
4399	0	0
4400	0	0
4401	0	0
4402	0	0
4403	0	0
4404	0	0
4405	1	0
4406	0	0
4407	0	0
4408	0	0
4409	0	0
4410	0	0
4411	1	0
4412	0	0
4413	0	0
4414	0	0
4415	0	0
4416	0	0
4417	0	0
4418	0	0
4419	0	0
4420	0	0
4421	0	0
4422	0	0
4423	0	0
4424	0	0
4425	0	0
4426	0	0
4427	0	0
4428	0	0
4429	0	0
4430	0	0
4431	0	0
4432	0	0
4433	0	0
4434	1	0
4435	0	0
4436	1	0
4437	0	0
4438	0	0
4439	0	0
4440	0	0
4441	0	0
4442	0	0
4443	0	0
4444	1	0
4445	1	0
4446	0	0
4447	0	0
4448	0	0
4449	0	0
4450	0	0
4451	0	0
4452	0	0
4453	0	0
4454	0	0
4455	0	0
4456	0	0
4457	0	0
4458	0	0
4459	0	0
4460	0	0
4461	1	0
4462	0	0
4463	0	0
4464	0	0
4465	0	0
4466	0	0
4467	0	0
4468	0	0
4469	0	0
4470	0	0
4471	0	0
4472	0	0
4473	0	0
4474	0	0
4475	0	0
4476	1	0
4477	0	0
4478	1	0
4479	0	0
4480	0	0
4481	0	0
4482	0	0
4483	0	0
4484	0	0
4485	0	0
4486	0	0
4487	0	0
4488	0	0
4489	0	0
4490	0	0
4491	0	0
4492	0	0
4493	0	0
4494	0	0
4495	0	0
4496	1	0
4497	0	0
4498	0	0
4499	0	0
4500	0	0
4501	0	0
4502	0	0
4503	0	0
4504	0	0
4505	0	0
4506	0	0
4507	0	0
4508	0	0
4509	0	0
4510	0	0
4511	1	0
4512	0	0
4513	0	0
4514	0	0
4515	1	0
4516	0	0
4517	0	0
4518	0	0
4519	1	0
4520	2	0
4521	0	0
4522	0	0
4523	0	0
4524	0	0
4525	0	0
4526	0	0
4527	1	0
4528	0	0
4529	0	0
4530	0	0
4531	0	0
4532	0	0
4533	0	0
4534	0	0
4535	0	0
4536	0	0
4537	0	0
4538	0	0
4539	0	0
4540	0	0
4541	0	0
4542	0	0
4543	1	0
4544	0	0
4545	0	0
4546	0	0
4547	1	0
4548	0	0
4549	0	0
4550	0	0
4551	0	0
4552	0	0
4553	0	0
4554	0	0
4555	1	0
4556	0	0
4557	0	0
4558	0	0
4559	0	0
4560	0	0
4561	0	0
4562	1	0
4563	0	0
4564	0	0
4565	0	0
4566	0	0
4567	0	0
4568	1	0
4569	0	0
4570	1	0
4571	0	0
4572	0	0
4573	0	0
4574	0	0
4575	0	0
4576	1	0
4577	0	0
4578	0	0
4579	0	0
4580	0	0
4581	0	0
4582	0	0
4583	0	0
4584	0	0
4585	0	0
4586	0	0
4587	0	0
4588	0	0
4589	0	0
4590	0	0
4591	0	0
4592	0	0
4593	0	0
4594	0	0
4595	0	0
4596	0	0
4597	0	0
4598	0	0
4599	0	0
4600	0	0
4601	0	0
4602	0	0
4603	0	0
4604	0	0
4605	0	0
4606	1	0
4607	0	0
4608	0	0
4609	1	0
4610	0	0
4611	0	0
4612	0	0
4613	0	0
4614	0	0
4615	0	0
4616	0	0
4617	0	0
4618	0	0
4619	0	0
4620	0	0
4621	0	0
4622	0	0
4623	0	0
4624	0	0
4625	0	0
4626	0	0
4627	1	0
4628	1	0
4629	0	0
4630	0	0
4631	0	0
4632	0	0
4633	0	0
4634	0	0
4635	0	0
4636	0	0
4637	0	0
4638	0	0
4639	0	0
4640	0	0
4641	0	0
4642	0	0
4643	0	0
4644	1	0
4645	0	0
4646	0	0
4647	0	0
4648	0	0
4649	0	0
4650	1	0
4651	0	0
4652	0	0
4653	0	0
4654	0	0
4655	0	0
4656	1	0
4657	0	0
4658	0	0
4659	0	0
4660	0	0
4661	0	0
4662	0	0
4663	0	0
4664	0	0
4665	0	0
4666	0	0
4667	0	0
4668	0	0
4669	0	0
4670	0	0
4671	1	0
4672	0	0
4673	0	0
4674	0	0
4675	0	0
4676	0	0
4677	0	0
4678	0	0
4679	0	0
4680	0	0
4681	0	0
4682	0	0
4683	0	0
4684	0	0
4685	0	0
4686	0	0
4687	0	0
4688	0	0
4689	0	0
4690	0	0
4691	0	0
4692	0	0
4693	0	0
4694	0	0
4695	1	0
4696	0	0
4697	0	0
4698	0	0
4699	0	0
4700	0	0
4701	1	0
4702	0	0
4703	0	0
4704	1	0
4705	0	0
4706	0	0
4707	0	0
4708	0	0
4709	0	0
4710	0	0
4711	0	0
4712	0	0
4713	1	0
4714	0	0
4715	0	0
4716	0	0
4717	1	0
4718	0	0
4719	0	0
4720	0	0
4721	0	0
4722	1	0
4723	0	0
4724	1	0
4725	0	0
4726	0	0
4727	0	0
4728	0	0
4729	1	0
4730	1	0
4731	0	0
4732	0	0
4733	0	0
4734	0	0
4735	1	0
4736	1	0
4737	1	0
4738	0	0
4739	0	0
4740	1	0
4741	0	0
4742	0	0
4743	0	0
4744	1	0
4745	0	0
4746	0	0
4747	0	0
4748	1	0
4749	0	0
4750	0	0
4751	0	0
4752	0	0
4753	1	0
4754	0	0
4755	0	0
4756	0	0
4757	1	0
4758	0	0
4759	0	0
4760	0	0
4761	0	0
4762	0	0
4763	0	0
4764	0	0
4765	0	0
4766	1	0
4767	0	0
4768	0	0
4769	0	0
4770	0	0
4771	1	0
4772	1	0
4773	1	0
4774	1	0
4775	0	0
4776	0	0
4777	0	0
4778	0	0
4779	2	0
4780	1	0
4781	1	0
4782	0	0
4783	1	0
4784	1	0
4785	0	0
4786	0	0
4787	0	0
4788	0	0
4789	1	0
4790	0	0
4791	0	0
4792	1	0
4793	0	0
4794	0	0
4795	0	0
4796	1	0
4797	1	0
4798	2	0
4799	1	0
4800	0	0
4801	1	0
4802	0	0
4803	0	0
4804	1	0
4805	2	0
4806	1	0
4807	0	0
4808	0	0
4809	1	0
4810	2	0
4811	0	0
4812	1	0
4813	0	0
4814	0	0
4815	0	0
4816	1	0
4817	0	0
4818	1	0
4819	0	0
4820	1	0
4821	1	0
4822	0	0
4823	0	0
4824	0	0
4825	0	0
4826	1	0
4827	0	0
4828	0	0
4829	2	0
4830	0	0
4831	0	0
4832	1	0
4833	0	0
4834	0	0
4835	0	0
4836	0	0
4837	0	0
4838	0	0
4839	0	0
4840	0	0
4841	0	0
4842	0	0
4843	0	0
4844	0	0
4845	0	0
4846	0	0
4847	1	0
4848	1	0
4849	0	0
4850	0	0
4851	1	0
4852	0	0
4853	0	0
4854	0	0
4855	0	0
4856	0	0
4857	0	0
4858	0	0
4859	0	0
4860	0	0
4861	0	0
4862	0	0
4863	1	0
4864	0	0
4865	0	0
4866	0	0
4867	0	0
4868	0	0
4869	0	0
4870	0	0
4871	0	0
4872	0	0
4873	0	0
4874	0	0
4875	0	0
4876	0	0
4877	1	0
4878	0	0
4879	0	0
4880	0	0
4881	0	0
4882	0	0
4883	0	0
4884	0	0
4885	0	0
4886	0	0
4887	0	0
4888	0	0
4889	0	0
4890	0	0
4891	0	0
4892	0	0
4893	0	0
4894	0	0
4895	0	0
4896	0	0
4897	0	0
4898	1	0
4899	0	0
4900	0	0
4901	0	0
4902	0	0
4903	0	0
4904	0	0
4905	0	0
4906	1	0
4907	0	0
4908	0	0
4909	0	0
4910	0	0
4911	0	0
4912	1	0
4913	0	0
4914	1	0
4915	0	0
4916	0	0
4917	0	0
4918	1	0
4919	0	0
4920	0	0
4921	0	0
4922	1	0
4923	1	0
4924	0	0
4925	2	0
4926	0	0
4927	0	0
4928	1	0
4929	0	0
4930	0	0
4931	0	0
4932	1	0
4933	1	0
4934	1	0
4935	0	0
4936	1	0
4937	0	0
4938	0	0
4939	0	0
4940	1	0
4941	0	0
4942	1	0
4943	0	0
4944	0	0
4945	0	0
4946	1	0
4947	0	0
4948	3	0
4949	1	0
4950	0	0
4951	0	0
4952	0	0
4953	1	0
4954	1	0
4955	0	0
4956	1	0
4957	0	0
4958	0	0
4959	0	0
4960	0	0
4961	0	0
4962	0	0
4963	0	0
4964	0	0
4965	0	0
4966	1	0
4967	0	0
4968	1	0
4969	0	0
4970	0	0
4971	0	0
4972	0	0
4973	0	0
4974	0	0
4975	0	0
4976	0	0
4977	0	0
4978	0	0
4979	0	0
4980	1	0
4981	0	0
4982	0	0
4983	0	0
4984	0	0
4985	0	0
4986	0	0
4987	0	0
4988	0	0
4989	0	0
4990	0	0
4991	0	0
4992	0	0
4993	0	0
4994	0	0
4995	0	0
4996	0	0
4997	0	0
4998	0	0
4999	0	0
5000	178	0

