Detected variants
Location Expected abundance Observed Abundance Difference(%)
11181327 18.0 17.4 3.44828
11190646 18.0 18.7 3.74332
11254597 26.0 29.7 12.45791
27056285 32.0 30.7 4.23453
27100181 33.0 28.6 15.38462
46738433 33.0 30.4 8.55263
65310489 39.0 36.4 7.14286
65312342 32.0 29.4 8.84354
115256530 9.0 10.7 15.88785
120458004 37.0 37.7 1.85676
120471800 30.0 28.7 4.52962
120611964 34.0 41.6 18.26923
120612006 32.0 39.7 19.39547
156814027 46.0 46.2 0.4329
156846233 46.0 48.3 4.7619
156846307 28.0 28.2 0.70922
156848995 51.0 46.8 8.97436
162737116 25.0 29.3 14.67577
25469502 13.0 17.5 25.71429
29416326 34.0 31.6 7.59494
29416366 52.0 53.4 2.62172
29416615 29.0 31.4 7.64331
29543736 32.0 31.1 2.89389
30143058 35.0 31.2 12.17949
30143499 100.0 91.3 9.52903
47601106 100.0 99.9 0.1001
48018236 22.0 30.5 27.86885
48027921 36.0 26.0 38.46154
178095900 35.0 27.6 26.81159
198257795 31.0 30.4 1.97368
198265526 19.0 29.7 36.02694
198283305 17.0 29.3 41.97952
215632255 42.0 36.2 16.0221
215645464 41.0 43.6 5.9633
215645545 33.0 31.0 6.45161
10088266 17.0 25.7 33.85214
10088299 16.0 29.3 45.39249
10088308 16.0 29.9 46.48829
10088343 21.0 30.6 31.37255
10088404 25.0 32.4 22.83951
10088407 23.0 32.5 29.23077
10138019 24.0 30.3 20.79208
12475557 22.0 20.8 5.76923
12645007 57.0 28.7 98.60627
37056000 15.0 17.9 16.20112
41266101 25.0 28.6 12.58741
41266133 8.0 8.7 8.04598
142277575 100.0 99.9 0.1001
178936091 12.0 9.2 30.43478
178947865 31.0 29.1 6.52921
178952085 20.0 18.9 5.82011
1803307 38.0 39.2 3.06122
1803704 36.0 35.2 2.27273
55138600 36.0 31.2 15.38462
55143577 10.0 17.0 41.17647
55152040 18.0 17.7 1.69492
55599321 10.0 8.7 14.94253
55602765 11.0 9.6 14.58333
55604693 28.0 28.0 0.0
55972974 12.0 20.7 42.02899
55979558 40.0 38.8 3.09278
106182946 33.0 27.6 19.56522
153244155 31.0 28.6 8.39161
153332500 35.0 29.0 20.68966
1254594 32.0 30.3 5.61056
1294664 31.0 29.7 4.3771
67522722 23.0 20.0 15.0
79970914 33.0 45.7 27.78993
80168937 100.0 99.9 0.1001
112162854 21.0 28.6 26.57343
112164561 34.0 35.5 4.22535
112175770 39.0 37.7 3.44828
112176325 23.0 35.9 35.93315
112176559 38.0 38.3 0.78329
112176756 27.0 36.3 25.61983
112177171 18.0 37.3 51.74263
112179431 33.0 28.4 16.19718
149457678 29.0 31.3 7.34824
149460553 21.0 19.9 5.52764
149495395 48.0 47.8 0.41841
149499672 39.0 37.6 3.7234
149504348 11.0 10.0 10.0
149509446 30.0 32.1 6.54206
41903782 40.0 50.4 20.63492
117686840 39.0 42.1 7.36342
117718110 32.0 30.5 4.91803
6026988 22.0 20.5 7.31707
55241707 24.0 23.9 0.41841
55249063 19.0 13.9 36.69065
55249071 0.0 1.2 100.0
55259515 3.0 4.5 33.33333
106508763 49.0 43.5 12.64368
106508978 100.0 99.8 0.2004
116339847 9.0 8.2 9.7561
116436022 5.0 7.9 36.70886
128852003 47.0 48.1 2.2869
140449150 20.0 19.8 1.0101
140453136 6.0 12.2 50.81967
140494209 19.0 18.9 0.5291
30938704 42.0 39.9 5.26316
30973957 26.0 29.6 12.16216
30999280 43.0 46.7 7.92291
31012190 19.0 18.3 3.82514
31024654 6.0 19.1 68.58639
38275434 36.0 31.3 15.01597
90993061 19.0 24.2 21.4876
145737816 39.0 36.7 6.26703
145738767 99.0 99.9 0.9009
145741702 32.0 39.6 19.19192
145741765 33.0 39.4 16.24365
145742514 98.0 100.0 2.0
145742879 32.0 38.7 17.31266
5050706 18.0 18.6 3.22581
5081780 38.0 43.6 12.84404
98209594 51.0 64.3 20.68429
98211548 29.0 29.6 2.02703
98278975 26.0 29.4 11.56463
133761001 47.0 52.5 10.47619
135802659 21.0 27.8 24.46043
139391636 25.0 25.0 0.0
139396746 32.0 27.0 18.51852
139397707 22.0 24.6 10.56911
139407932 36.0 42.8 15.88785
139409754 32.0 25.6 25.0
139418260 43.0 40.4 6.43564
8100647 30.0 26.9 11.52416
43595968 32.0 32.3 0.92879
43604493 30.0 30.7 2.28013
43613843 57.0 61.1 6.71031
88635779 14.0 17.1 18.12865
533328 28.0 32.4 13.58025
69462910 43.0 37.1 15.90296
69625385 34.0 32.4 4.93827
69633633 39.0 34.9 11.74785
25362777 29.0 31.2 7.05128
25398281 13.0 15.9 18.23899
25398284 4.0 4.9 18.36735
56494998 28.0 30.4 7.89474
112891125 22.0 25.8 14.72868
121416622 45.0 52.3 13.95793
121416650 28.0 34.4 18.60465
121437114 21.0 20.5 2.43902
28578214 17.0 11.3 50.44248
28624294 33.0 28.5 15.78947
28674628 49.0 44.2 10.85973
28895620 21.0 29.3 28.32765
32911888 39.0 40.8 4.41176
32912299 25.0 18.8 32.97872
32912750 41.0 29.5 38.98305
32913558 35.0 33.1 5.74018
32913836 47.0 43.9 7.0615
32936646 33.0 49.1 32.79022
48985975 30.0 30.3 0.9901
103515036 25.0 29.3 14.67577
103527930 100.0 99.9 0.1001
45645974 18.0 24.2 25.61983
65507589 27.0 22.4 20.53571
66727451 27.0 29.3 7.84983
66729147 31.0 28.1 10.32028
66782085 33.0 32.0 3.125
88576185 27.0 42.1 35.86698
88680684 34.0 40.7 16.46192
89849327 31.0 30.2 2.64901
91337479 28.0 30.6 8.49673
91346923 33.0 30.2 9.27152
91354505 42.0 28.8 45.83333
2134450 27.0 32.0 15.625
3658433 32.0 30.6 4.57516
3817720 33.0 31.8 3.77358
14041958 29.0 29.4 1.36054
89805914 28.0 26.7 4.86891
89807233 37.0 27.6 34.05797
89809319 27.0 25.1 7.56972
89815152 29.0 28.0 3.57143
89825065 28.0 27.6 1.44928
89839766 23.0 27.4 16.05839
89857935 27.0 24.0 12.5
89858417 27.0 26.8 0.74627
7579472 91.0 92.8 1.93966
29553485 40.0 35.2 13.63636
29632336 29.0 30.8 5.84416
37650892 27.0 30.0 10.0
37879588 25.0 31.4 20.38217
41234451 29.0 25.0 16.0
41251931 39.0 40.5 3.7037
66538239 27.0 27.5 1.81818
3119239 40.0 41.1 2.6764
4101062 16.0 26.7 40.07491
4102449 31.0 29.6 4.72973
15278222 37.0 30.1 22.92359
15302905 32.0 33.8 5.32544
30314666 42.0 30.5 37.70492
40743956 33.0 29.3 12.62799
45867259 39.0 41.8 6.69856
45868309 45.0 48.5 7.21649
57415471 33.0 28.9 14.18685
57429753 26.0 28.5 8.77193
57484241 22.0 27.0 18.51852
41536164 32.0 28.0 14.28571
41551039 52.0 33.3 56.15616
41566524 52.0 51.3 1.36452
66765142 49.0 32.5 50.76923
66765627 38.0 37.3 1.87668
70338656 32.0 29.5 8.47458
76938088 29.0 30.1 3.65449
