Detected variants
Location Expected abundance Observed Abundance Difference(%)
11181327 18.0 37.2 51.6129
27100181 33.0 60.7 45.63427
46738433 33.0 33.9 2.65487
65310489 39.0 71.4 45.37815
120458004 37.0 56.0 33.92857
120471800 30.0 72.5 58.62069
156814027 46.0 78.7 41.55019
156846233 46.0 60.9 24.46634
156848995 51.0 42.7 19.43794
162737116 25.0 34.4 27.32558
29416366 52.0 12.6 312.69841
47601106 100.0 66.5 50.37594
48018236 22.0 53.8 59.10781
48027921 36.0 33.9 6.19469
198257795 31.0 37.6 17.55319
198265526 19.0 61.7 69.20583
198283305 17.0 42.8 60.28037
215632255 42.0 89.4 53.02013
10088266 17.0 97.8 82.61759
10088299 16.0 97.8 83.64008
10088308 16.0 97.8 83.64008
10088343 21.0 98.5 78.6802
10088404 25.0 98.3 74.56765
10088407 23.0 98.3 76.60224
10138019 24.0 33.3 27.92793
41266101 25.0 50.9 50.88409
41266133 8.0 28.6 72.02797
142277575 100.0 96.5 3.62694
178947865 31.0 50.0 38.0
178952085 20.0 75.0 73.33333
1803307 38.0 33.2 14.45783
1803704 36.0 41.5 13.25301
55138600 36.0 41.1 12.40876
55143577 10.0 31.2 67.94872
55152040 18.0 50.0 64.0
55979558 40.0 57.1 29.94746
106182946 33.0 37.3 11.52815
153244155 31.0 42.5 27.05882
1254594 32.0 50.0 36.0
1294664 31.0 47.5 34.73684
79970914 33.0 58.8 43.87755
80168937 100.0 85.4 17.09602
112164561 34.0 39.4 13.70558
112176325 23.0 60.0 61.66667
112176756 27.0 67.1 59.76155
112177171 18.0 71.4 74.78992
112179431 33.0 38.2 13.61257
149495395 48.0 59.2 18.91892
41903782 40.0 85.7 53.32555
117686840 39.0 74.9 47.93057
55241707 24.0 31.8 24.5283
55242464 0.0 72.2 100.0
106508763 49.0 48.0 2.08333
106508978 100.0 95.6 4.60251
128852003 47.0 45.9 2.39651
140453136 6.0 28.5 78.94737
140494209 19.0 50.2 62.15139
30938704 42.0 36.9 13.82114
30999280 43.0 57.3 24.95637
31024654 6.0 25.2 76.19048
145737816 39.0 34.4 13.37209
145738767 99.0 99.3 0.30211
145741702 32.0 50.0 36.0
145741765 33.0 52.9 37.61815
145742514 98.0 95.1 3.04942
145742879 32.0 41.7 23.26139
98209594 51.0 43.8 16.43836
98211548 29.0 62.0 53.22581
98278975 26.0 34.9 25.50143
133761001 47.0 58.6 19.79522
135802659 21.0 36.2 41.98895
139396746 32.0 29.9 7.02341
139397707 22.0 56.9 61.33568
139407932 36.0 42.8 15.88785
8100647 30.0 26.8 11.9403
43595968 32.0 15.0 113.33333
43604493 30.0 66.7 55.02249
43613843 57.0 37.3 52.81501
88635779 14.0 36.8 61.95652
533328 28.0 46.6 39.91416
69633633 39.0 38.4 1.5625
25398281 13.0 50.0 74.0
56494998 28.0 29.2 4.10959
112891125 22.0 18.7 17.64706
121416622 45.0 82.0 45.12195
121416650 28.0 55.6 49.64029
28624294 33.0 59.2 44.25676
28674628 49.0 58.7 16.5247
32911888 39.0 81.0 51.85185
32912299 25.0 33.9 26.25369
32913836 47.0 60.0 21.66667
48985975 30.0 28.6 4.8951
103515036 25.0 37.6 33.51064
103527930 100.0 85.7 16.68611
65507589 27.0 5.4 400.0
66727451 27.0 21.4 26.16822
88576185 27.0 66.7 59.52024
91337479 28.0 75.0 62.66667
91346923 33.0 35.6 7.30337
91354505 42.0 40.9 2.68949
2134450 27.0 49.0 44.89796
3817720 33.0 40.0 17.5
14041958 29.0 33.1 12.38671
89805914 28.0 39.5 29.11392
89807233 37.0 8.5 335.29412
89809319 27.0 26.0 3.84615
89815152 29.0 51.6 43.79845
89839766 23.0 40.4 43.06931
89857935 27.0 33.7 19.88131
7579472 91.0 98.4 7.52033
29553485 40.0 23.4 70.94017
37650892 27.0 44.1 38.77551
37879588 25.0 15.9 57.2327
41234451 29.0 36.9 21.40921
41251931 39.0 47.1 17.19745
66538239 27.0 45.1 40.13304
3119239 40.0 57.4 30.31359
4101062 16.0 38.1 58.00525
4102449 31.0 52.0 40.38462
15302905 32.0 48.1 33.47193
30314666 42.0 44.3 5.19187
40743956 33.0 49.1 32.79022
45867259 39.0 39.0 0.0
45868309 45.0 40.0 12.5
41536164 32.0 40.0 20.0
41551039 52.0 97.1 46.44696
41566524 52.0 59.1 12.01354
66765142 49.0 38.1 28.60892
66765627 38.0 50.0 24.0
70338656 32.0 36.0 11.11111
